300 1500 0 1 12
2
8
5
3
3
9
3
7
2
3
4
4
9
5
7
9
3
5
7
2
2
9
9
5
6
5
4
2
7
8
5
7
6
7
7
2
3
6
5
2
6
5
3
6
7
2
6
3
3
9
2
9
7
6
4
4
6
2
4
5
4
7
4
4
6
7
6
7
6
4
3
5
7
3
2
6
3
5
7
5
4
5
7
7
5
2
7
2
3
6
7
2
5
9
4
5
3
4
6
7
7
3
6
7
2
2
2
4
9
4
4
2
8
2
9
5
3
6
5
6
5
5
2
4
2
4
2
2
5
5
5
2
4
5
4
7
2
5
4
2
6
2
5
8
5
9
3
9
5
2
9
4
6
9
8
3
8
6
5
7
9
6
7
3
5
2
5
6
6
3
8
8
3
9
6
4
4
6
4
6
6
4
4
2
7
5
3
7
3
2
7
4
5
2
9
2
8
8
5
5
2
3
4
2
4
2
5
2
9
7
3
2
4
8
4
7
3
5
4
6
7
5
5
7
7
3
6
6
5
5
8
2
6
2
6
6
4
3
8
5
8
4
4
6
9
9
6
6
2
4
4
5
4
9
2
5
2
4
7
3
7
2
8
5
5
5
5
8
2
5
2
2
3
4
4
4
4
8
8
6
6
5
5
6
5
2
7
5
9
7
2
5
2
5
2
3
3
17
6
0
299 2212.0 40.53
36 6256.0 597.9
32 6005.0 542.74
200 6342.0 58.1
225 7454.0 631.9
273 7651.0 424.15
93 3852.0 842.42
86 2289.0 906.4
158 7658.0 423.73
227 9549.0 655.87
197 175.0 930.5
265 1298.0 345.04
80 2753.0 255.36
16 7075.0 445.23
131 7954.0 790.4
93 4564.0 695.72
233 329.0 558.12
192 8398.0 288.14
119 9212.0 146.67
98 5615.0 579.68
60 6268.0 564.99
268 2710.0 147.27
176 6223.0 151.02
65 2838.0 20.91
90 1978.0 554.85
95 3473.0 687.64
202 5430.0 388.76
23 5209.0 928.86
289 3748.0 180.61
261 8229.0 190.72
199 7724.0 476.69
206 1385.0 257.83
129 3669.0 980.43
4 1150.0 985.49
198 1139.0 160.38
125 2527.0 670.4
204 3911.0 768.0
209 4242.0 838.34
163 6745.0 173.38
192 249.0 130.9
276 6851.0 317.41
281 6632.0 882.98
260 5293.0 400.4
17 1122.0 418.46
229 6700.0 516.42
175 7551.0 495.55
151 5770.0 116.32
238 3026.0 758.12
263 1774.0 144.75
157 4176.0 214.86
252 2732.0 196.01
156 2917.0 596.32
129 30.0 843.12
7 4404.0 864.03
82 944.0 529.98
210 7346.0 540.74
38 2878.0 533.53
10 2102.0 116.9
93 6679.0 950.32
272 5417.0 797.76
252 1533.0 279.07
119 2882.0 553.55
5 8894.0 302.15
54 9202.0 3.74
272 3954.0 70.79
80 8232.0 199.0
178 5827.0 48.25
97 6065.0 414.12
149 7594.0 892.44
108 972.0 408.91
208 8974.0 773.26
80 9566.0 693.48
269 2138.0 76.04
283 8933.0 6.63
90 562.0 275.28
186 1488.0 673.87
272 7338.0 903.5
247 3343.0 331.09
145 4920.0 227.4
113 2403.0 803.58
297 1328.0 601.35
115 6101.0 748.27
69 6048.0 665.6
69 2373.0 155.37
206 1858.0 605.38
142 1768.0 486.16
201 1719.0 49.98
218 8237.0 685.0
46 8000.0 712.7
141 5054.0 737.9
279 2184.0 564.7
127 929.0 335.73
102 3744.0 997.02
218 8997.0 839.92
176 6642.0 851.37
124 1873.0 662.46
221 2226.0 785.64
153 4940.0 805.18
160 1641.0 405.65
141 6033.0 801.6
67 9515.0 626.36
32 7399.0 97.53
212 8240.0 831.4
239 9980.0 570.51
201 9175.0 600.14
176 1742.0 454.23
292 4474.0 741.2
242 1834.0 375.08
112 3264.0 102.53
29 3267.0 590.64
160 5889.0 969.89
289 258.0 104.0
95 4677.0 276.73
42 5849.0 645.77
96 8100.0 445.15
238 9067.0 575.36
282 3512.0 687.19
55 9700.0 717.76
224 1554.0 960.39
196 89.0 775.49
288 4135.0 507.34
153 8381.0 952.16
136 4273.0 104.18
68 5491.0 827.3
101 3019.0 487.68
60 4655.0 275.32
98 1130.0 624.27
233 7132.0 341.89
117 6692.0 786.24
27 8699.0 71.16
274 3223.0 500.36
216 2790.0 57.53
296 162.0 404.9
170 460.0 669.01
47 7147.0 596.73
49 515.0 487.75
272 9137.0 306.76
65 8844.0 687.33
298 2316.0 37.3
136 2324.0 560.91
37 8805.0 860.6
178 2802.0 105.98
215 5179.0 378.98
130 2525.0 420.18
101 8890.0 966.67
256 2674.0 451.19
269 2345.0 394.21
279 1925.0 454.64
272 6940.0 624.21
191 6269.0 830.79
213 4002.0 255.72
12 1356.0 4.75
102 882.0 453.04
56 5157.0 596.44
282 9079.0 980.23
101 2300.0 126.43
247 942.0 331.79
261 9097.0 108.12
208 4749.0 491.99
19 544.0 329.65
93 6649.0 185.01
33 7507.0 648.94
83 9626.0 331.71
172 9313.0 702.09
84 9266.0 198.9
18 2937.0 983.37
292 4308.0 95.28
51 2857.0 334.59
39 4656.0 949.97
222 4141.0 126.82
243 57.0 488.7
236 2752.0 751.81
138 6443.0 574.07
121 9724.0 444.82
212 7074.0 10.24
207 768.0 650.62
210 3278.0 731.66
86 2448.0 992.92
202 2392.0 589.06
283 1323.0 943.2
81 7514.0 542.58
180 273.0 331.79
188 5942.0 910.99
221 6601.0 280.84
232 4422.0 647.59
119 3661.0 740.43
16 2473.0 181.55
270 756.0 680.58
63 4703.0 814.0
20 2844.0 148.53
85 2506.0 619.95
159 8919.0 222.7
104 5056.0 78.05
164 5162.0 696.69
46 8079.0 686.73
287 1828.0 503.04
154 7547.0 776.26
35 5881.0 552.82
172 1462.0 461.85
165 9568.0 822.85
70 2076.0 206.36
244 1236.0 444.57
120 32.0 575.66
134 426.0 609.22
75 7783.0 454.36
174 7738.0 908.13
179 6839.0 405.28
262 4217.0 738.37
50 6685.0 938.67
175 9964.0 269.85
3 2430.0 228.63
299 2531.0 261.0
58 6574.0 842.64
168 8858.0 811.07
31 4673.0 908.54
123 6529.0 955.69
67 3050.0 685.84
220 9398.0 357.16
211 338.0 665.53
289 2002.0 924.23
180 5789.0 10.53
298 8671.0 35.25
269 3970.0 924.92
245 9379.0 703.76
280 3217.0 596.37
108 5746.0 466.51
170 5005.0 557.41
116 9354.0 897.81
256 139.0 997.07
142 8491.0 453.59
271 5373.0 782.35
267 5223.0 926.83
214 2575.0 791.42
87 3390.0 918.07
142 4670.0 660.43
101 3950.0 554.25
11 4371.0 143.03
181 7160.0 749.77
174 7955.0 789.6
160 7416.0 476.86
13 3794.0 321.41
89 3177.0 477.47
206 4698.0 282.5
190 5354.0 902.23
134 8635.0 602.06
213 8473.0 340.83
140 1981.0 400.41
240 4074.0 785.3
108 8064.0 912.4
68 3741.0 456.94
82 3035.0 504.24
266 4896.0 867.55
80 9238.0 391.94
102 9490.0 294.55
268 2650.0 203.63
15 7264.0 480.13
275 857.0 469.96
264 3721.0 506.97
242 8636.0 42.79
80 626.0 996.67
17 4780.0 637.36
73 8574.0 697.27
86 6701.0 602.62
212 9283.0 664.67
233 7874.0 468.1
21 3251.0 318.85
215 8470.0 666.25
126 8309.0 112.92
106 8790.0 826.4
148 1640.0 122.65
113 2257.0 703.94
171 9025.0 591.44
236 5637.0 53.02
90 6328.0 317.08
178 8671.0 123.23
74 2664.0 317.91
75 3606.0 364.21
117 6282.0 297.06
29 1285.0 608.84
206 2657.0 996.03
150 9079.0 898.69
120 8420.0 747.93
291 4200.0 449.79
62 1230.0 901.95
214 8796.0 513.74
117 7754.0 209.8
133 8487.0 885.65
222 257.0 850.92
180 530.0 26.08
91 862.0 738.24
33 7083.0 500.19
97 2343.0 94.58
41 3430.0 900.85
239 2013.0 844.83
70 5171.0 638.89
72 497.0 956.45
48 5046.0 244.31
84 8445.0 432.66
202 7727.0 695.62
166 2073.0 673.31
171 161.0 582.23
283 9707.0 372.59
9 2859.0 290.6
75 7179.0 50.86
234 4419.0 626.67
108 8095.0 572.99
226 1328.0 320.57
66 2839.0 828.26
244 4034.0 768.12
232 3919.0 609.08
150 1994.0 957.5
294 5443.0 979.41
265 4069.0 237.36
36 129.0 185.31
30 844.0 818.27
177 4395.0 546.72
250 8877.0 549.35
102 2712.0 680.52
5 335.0 340.53
269 8666.0 744.23
112 8715.0 834.83
24 7051.0 970.05
90 512.0 494.48
78 9226.0 947.9
215 8481.0 966.7
112 7799.0 985.93
211 9881.0 415.51
8 1522.0 181.96
198 5426.0 715.33
270 6643.0 777.56
18 838.0 448.63
270 9164.0 510.22
159 8059.0 771.42
86 8577.0 501.13
182 9914.0 610.27
92 6349.0 604.01
160 4263.0 771.79
143 8914.0 427.64
134 9187.0 788.06
133 8883.0 489.17
10 176.0 1.58
111 3057.0 77.73
276 404.0 652.02
226 6671.0 167.66
14 5847.0 78.72
300 1669.0 388.27
204 6496.0 242.83
264 9037.0 800.88
234 4680.0 74.35
27 9129.0 257.97
138 3012.0 259.05
126 8590.0 732.65
252 1111.0 616.19
43 9032.0 495.94
9 2647.0 964.95
50 3128.0 854.28
148 8211.0 613.17
129 811.0 718.1
283 623.0 543.63
272 6418.0 402.36
75 793.0 994.55
148 6084.0 153.81
97 9603.0 510.2
264 8922.0 568.76
131 9209.0 413.39
39 384.0 835.1
156 3656.0 132.71
193 196.0 716.93
122 4620.0 885.15
52 2568.0 615.72
279 2679.0 598.76
285 9384.0 494.73
30 9447.0 598.95
272 2302.0 281.98
297 9954.0 431.55
143 5062.0 285.02
71 9886.0 825.01
105 8146.0 979.77
256 6138.0 347.5
95 8110.0 42.87
172 2837.0 505.6
54 750.0 397.61
95 6019.0 681.46
36 9344.0 29.39
212 5194.0 710.84
23 3636.0 845.91
103 9011.0 468.05
56 9781.0 140.47
53 8297.0 371.83
261 2083.0 78.01
21 9728.0 466.02
242 9629.0 979.04
107 3909.0 338.11
186 8466.0 220.3
166 4010.0 89.71
257 4129.0 551.75
283 507.0 420.07
200 5927.0 956.2
87 8981.0 673.41
115 5562.0 145.5
31 6329.0 143.53
235 5050.0 244.16
263 1566.0 423.12
44 7166.0 981.81
117 769.0 811.87
106 2783.0 125.09
199 5920.0 364.97
66 5849.0 755.84
115 7813.0 7.51
227 8365.0 557.21
230 2295.0 423.65
166 4772.0 447.07
72 478.0 931.92
84 5550.0 233.31
109 327.0 992.19
176 9983.0 724.45
132 9858.0 866.06
284 3920.0 629.76
50 6651.0 131.07
257 4611.0 171.08
133 6938.0 26.88
129 8624.0 475.55
244 5536.0 828.39
79 9158.0 425.6
98 4874.0 339.14
22 5333.0 259.01
127 6468.0 670.04
144 6570.0 382.57
166 8159.0 710.51
178 9036.0 681.16
30 7587.0 625.74
265 3074.0 135.1
92 7588.0 137.35
51 7266.0 99.71
156 9192.0 533.83
122 8238.0 300.39
31 7751.0 632.98
147 6715.0 238.65
165 7042.0 234.41
98 9853.0 797.75
71 2781.0 793.64
32 8169.0 783.69
23 8342.0 253.63
232 1008.0 664.49
29 6568.0 979.46
165 7146.0 458.3
237 3717.0 142.87
276 1942.0 180.6
74 5952.0 95.67
164 4261.0 190.27
288 45.0 39.29
236 1831.0 854.01
142 4829.0 582.27
96 5444.0 680.38
84 2445.0 192.65
48 8701.0 821.19
32 3101.0 191.95
283 6994.0 389.27
121 6640.0 739.74
183 8063.0 448.41
231 5872.0 421.96
52 602.0 846.55
123 7198.0 142.55
161 714.0 195.01
16 5210.0 918.21
283 3935.0 410.59
29 8327.0 372.79
36 7993.0 649.78
215 8568.0 398.28
230 1079.0 741.6
274 2526.0 255.23
253 8629.0 394.56
212 6034.0 739.83
284 1646.0 80.33
264 8625.0 512.45
51 172.0 914.28
235 9728.0 829.41
270 4310.0 26.86
171 7293.0 399.46
113 8088.0 646.65
290 5635.0 604.81
88 685.0 820.63
28 5786.0 48.19
24 4720.0 226.99
31 7334.0 453.82
130 5273.0 195.64
76 6782.0 783.69
140 3350.0 413.72
81 4682.0 573.99
300 2615.0 893.55
92 6262.0 839.14
101 7304.0 709.06
195 5423.0 789.63
81 7717.0 140.09
59 9966.0 298.87
290 7502.0 358.82
256 3821.0 687.92
175 9606.0 320.68
113 3743.0 970.22
66 6344.0 325.89
23 3647.0 563.44
43 2726.0 233.83
247 8628.0 470.42
67 5983.0 112.69
213 6231.0 53.91
194 8548.0 221.9
276 5911.0 87.38
279 4874.0 852.88
11 1279.0 644.22
47 1287.0 834.52
14 1649.0 230.35
164 2089.0 248.9
242 65.0 444.61
260 2783.0 437.95
172 4209.0 317.93
77 7043.0 750.13
140 4022.0 432.63
146 191.0 790.75
182 2240.0 885.45
94 594.0 368.38
35 7878.0 838.11
279 5900.0 377.47
140 1796.0 91.23
51 7617.0 682.27
171 6221.0 70.13
40 3826.0 276.15
238 8527.0 12.73
201 9434.0 730.44
273 1850.0 848.29
132 3959.0 207.51
9 2130.0 92.64
123 1979.0 295.25
275 8785.0 582.99
239 5842.0 830.96
17 9358.0 181.91
64 6530.0 420.16
153 7545.0 578.1
34 8432.0 318.54
155 3221.0 926.56
94 874.0 428.87
266 656.0 788.83
203 7044.0 148.63
34 7649.0 359.27
43 8997.0 63.64
21 3335.0 29.28
251 9362.0 545.72
42 9016.0 415.88
280 6703.0 947.77
179 21.0 499.82
285 8033.0 352.08
264 2914.0 860.14
26 5416.0 121.95
139 2798.0 357.98
281 2656.0 122.53
276 7125.0 976.5
158 5274.0 151.84
31 6617.0 794.24
252 7701.0 91.94
184 4221.0 854.16
143 4073.0 182.13
221 2164.0 269.33
155 2773.0 789.29
296 1343.0 650.94
292 3380.0 663.05
8 9602.0 267.61
50 1648.0 4.58
199 3726.0 247.59
258 5479.0 480.53
94 3881.0 705.5
251 2509.0 118.34
291 6577.0 462.52
174 5475.0 459.93
136 2492.0 93.98
184 6659.0 932.71
233 6871.0 286.91
241 536.0 456.19
281 4301.0 787.1
145 276.0 890.52
269 3905.0 636.51
65 6895.0 516.85
69 5080.0 563.71
151 7280.0 985.91
137 659.0 199.79
192 7148.0 543.67
113 7301.0 696.0
143 6490.0 698.99
61 7125.0 301.26
156 216.0 800.5
47 2952.0 857.51
81 3004.0 842.94
181 5121.0 547.22
82 709.0 41.14
198 3392.0 517.07
269 8460.0 788.72
158 5223.0 92.82
296 4393.0 562.77
3 6910.0 695.94
26 221.0 100.1
206 7427.0 961.06
205 323.0 638.42
74 34.0 627.03
199 4145.0 963.35
50 4715.0 857.12
78 1421.0 164.66
264 2496.0 902.09
87 2285.0 548.19
61 8626.0 681.47
201 5402.0 227.84
99 6866.0 943.47
260 3896.0 994.09
195 2507.0 531.25
62 9352.0 290.67
219 7371.0 856.19
136 7299.0 581.66
270 5591.0 324.2
94 2038.0 32.99
210 1822.0 466.98
198 4305.0 671.02
283 5070.0 522.64
110 8445.0 434.53
188 7333.0 509.72
296 8556.0 662.82
170 3773.0 759.13
92 3696.0 382.14
81 3772.0 59.32
42 2679.0 419.64
86 7454.0 429.5
12 3756.0 905.04
171 9581.0 229.41
77 869.0 618.85
20 5645.0 207.68
186 6812.0 814.15
73 2162.0 546.23
56 8899.0 700.74
236 868.0 915.58
21 1860.0 384.82
7 776.0 448.36
234 5908.0 851.93
154 6083.0 40.31
265 6765.0 651.2
162 8963.0 704.17
292 8566.0 536.28
213 7023.0 604.55
168 7485.0 831.4
25 7056.0 266.67
91 7743.0 764.96
294 4308.0 944.89
4 5190.0 310.04
27 3719.0 490.09
3 8940.0 619.61
200 6412.0 788.39
224 2191.0 925.43
273 4724.0 739.26
9 6462.0 244.86
172 4789.0 502.39
244 9633.0 507.88
67 4941.0 170.32
117 9823.0 413.05
110 6572.0 752.07
250 8563.0 914.8
156 66.0 667.82
244 3880.0 126.64
167 613.0 982.64
16 9581.0 870.17
39 3765.0 752.32
175 538.0 724.84
255 2159.0 973.82
187 323.0 696.36
286 9467.0 984.67
172 8960.0 403.53
133 6537.0 785.11
135 2239.0 461.8
173 6913.0 908.51
180 2494.0 550.15
234 9791.0 935.75
85 2556.0 820.84
194 2220.0 734.4
105 6466.0 932.75
74 2228.0 683.93
121 9034.0 105.99
73 762.0 260.61
172 2801.0 16.94
22 6789.0 977.72
171 4563.0 857.7
190 9366.0 443.6
238 2149.0 405.42
101 9343.0 758.24
124 7996.0 356.43
41 9049.0 830.22
272 9454.0 489.76
264 1240.0 770.25
253 1765.0 281.29
240 6006.0 187.74
255 228.0 710.48
120 1217.0 64.5
127 3370.0 797.77
298 5037.0 750.2
77 7319.0 429.51
54 2989.0 587.24
106 8798.0 463.08
181 8502.0 394.35
238 8560.0 30.04
220 2096.0 61.02
5 4485.0 597.22
18 826.0 798.05
22 9684.0 857.55
186 5649.0 529.38
15 2252.0 554.03
294 9688.0 418.11
29 6846.0 820.43
107 4468.0 979.37
42 5619.0 646.19
124 5751.0 291.4
233 3404.0 323.55
18 9398.0 976.53
169 1183.0 319.49
231 1267.0 558.25
232 6205.0 737.52
240 4743.0 807.39
16 1648.0 799.56
33 217.0 73.69
147 3478.0 583.6
86 5469.0 161.59
202 2617.0 661.04
126 446.0 619.71
175 9842.0 259.89
241 6398.0 923.09
272 1908.0 576.15
207 7914.0 482.54
190 4803.0 193.27
157 7078.0 54.68
135 5468.0 112.19
114 6641.0 943.89
89 3933.0 649.3
57 8402.0 107.56
63 5746.0 396.89
181 8738.0 349.46
53 3401.0 635.54
6 8356.0 529.92
100 6735.0 726.42
54 5231.0 6.59
152 4472.0 452.88
219 6553.0 951.57
21 3923.0 477.34
85 1513.0 69.11
288 5197.0 587.67
138 5483.0 154.55
194 226.0 492.08
165 7651.0 500.43
267 7152.0 607.48
250 5137.0 490.47
188 1191.0 143.09
57 4834.0 57.59
46 1545.0 793.85
50 6216.0 519.38
2 82.0 806.83
55 3544.0 2.35
244 569.0 488.28
124 5960.0 621.15
288 6539.0 993.66
136 7401.0 816.74
290 9313.0 932.54
168 6578.0 226.45
28 1341.0 242.43
278 7167.0 336.94
5 4901.0 266.02
195 5229.0 291.02
138 5214.0 782.15
204 3812.0 42.42
282 8421.0 118.52
238 1158.0 568.14
191 4758.0 8.1
214 4717.0 754.06
285 2245.0 221.46
300 8102.0 779.76
215 4573.0 840.16
24 1349.0 920.35
187 419.0 531.55
280 4625.0 780.07
198 7972.0 215.18
161 6577.0 69.59
175 2483.0 999.76
217 1028.0 164.25
97 249.0 53.07
143 6375.0 923.91
212 8861.0 353.5
228 8638.0 949.01
254 6480.0 127.87
27 6377.0 438.31
141 6162.0 418.54
297 6541.0 860.85
8 1384.0 423.06
211 8422.0 665.92
182 7600.0 981.05
93 1400.0 384.65
171 2773.0 290.58
6 8432.0 358.31
251 278.0 774.16
111 458.0 522.15
175 1151.0 103.41
86 3745.0 431.5
110 8432.0 451.43
210 9590.0 221.97
103 5625.0 68.28
239 5719.0 371.48
58 7145.0 928.45
291 5573.0 621.23
103 1529.0 643.11
108 2436.0 972.93
96 3471.0 469.04
36 717.0 154.79
184 7093.0 320.12
65 8766.0 378.11
235 9635.0 483.76
294 2302.0 623.02
194 8125.0 718.96
275 3866.0 735.87
202 4122.0 94.78
125 4761.0 600.04
147 1435.0 66.2
169 7680.0 752.73
120 7213.0 188.69
151 9559.0 441.22
204 859.0 51.23
257 9903.0 93.21
160 5044.0 503.55
254 502.0 667.86
179 8212.0 322.63
125 4359.0 280.03
71 2981.0 870.47
36 3540.0 558.77
280 6705.0 885.98
127 18.0 396.14
44 575.0 863.18
23 3616.0 787.75
225 1216.0 395.99
26 1688.0 236.74
147 8442.0 882.85
190 931.0 342.41
59 5157.0 868.25
49 9268.0 429.92
118 4407.0 178.02
216 7220.0 258.04
279 4219.0 171.41
241 1874.0 590.84
37 8066.0 394.42
203 8588.0 94.75
223 4785.0 169.99
229 9083.0 460.97
101 3532.0 405.16
271 3207.0 505.89
209 360.0 728.31
268 1320.0 153.27
267 2283.0 528.06
228 8288.0 539.71
179 5253.0 180.21
292 1187.0 590.9
76 4279.0 348.9
179 1193.0 1.65
102 2310.0 586.57
17 6727.0 200.61
273 1358.0 939.07
294 8427.0 377.35
144 6609.0 678.27
123 6691.0 244.06
283 9359.0 477.92
128 3841.0 606.73
36 2914.0 739.35
3 8397.0 252.28
177 4737.0 451.38
158 368.0 635.98
26 7188.0 751.74
5 8234.0 78.63
116 9409.0 264.97
278 7616.0 57.62
103 2337.0 327.7
65 9544.0 683.45
249 5273.0 87.3
144 55.0 482.71
170 313.0 200.78
120 9624.0 500.76
204 9805.0 680.61
279 6446.0 883.86
153 1908.0 897.39
220 1823.0 972.13
32 6065.0 183.0
153 111.0 385.79
273 59.0 610.13
45 6722.0 4.38
246 1164.0 212.87
165 978.0 76.21
35 3577.0 974.84
295 9119.0 230.73
255 1616.0 724.27
42 9385.0 514.17
99 8113.0 249.51
163 6025.0 360.41
249 1579.0 146.31
34 4909.0 38.48
279 8549.0 27.63
18 9071.0 432.79
140 9602.0 629.78
87 3723.0 154.54
276 3733.0 525.8
60 9055.0 494.42
24 5857.0 748.6
90 338.0 846.0
243 117.0 320.43
195 6147.0 765.64
124 6830.0 41.21
4 7115.0 972.24
229 8525.0 993.54
47 4140.0 305.55
38 6094.0 76.35
107 9549.0 786.9
250 3235.0 565.91
129 2274.0 783.73
123 6736.0 380.09
173 7353.0 8.96
212 4700.0 826.64
97 3202.0 826.39
27 4110.0 212.06
75 9192.0 186.89
134 7460.0 92.35
40 8489.0 849.92
159 6067.0 197.7
117 9805.0 811.02
22 2438.0 725.02
35 4187.0 902.04
19 439.0 248.04
87 9561.0 477.81
151 5093.0 313.59
187 2515.0 870.45
94 382.0 335.66
291 8955.0 477.97
9 4677.0 374.12
224 451.0 408.1
56 5842.0 167.4
287 8905.0 49.14
189 275.0 153.38
180 3946.0 34.57
3 1115.0 701.71
255 8278.0 315.9
38 9267.0 584.86
42 6664.0 376.52
150 884.0 340.21
133 3742.0 401.86
205 8024.0 949.58
221 2707.0 485.0
65 3660.0 216.4
252 1022.0 553.28
202 1468.0 495.33
103 4189.0 494.77
256 8933.0 449.02
138 115.0 674.89
91 8990.0 457.95
43 4479.0 509.33
156 5782.0 642.87
167 3291.0 648.81
279 4247.0 689.73
284 4466.0 272.95
299 4243.0 79.59
33 1754.0 468.72
84 88.0 984.18
23 338.0 482.58
38 367.0 785.31
265 6040.0 746.54
6 7278.0 20.78
134 870.0 722.99
291 1530.0 445.46
224 5897.0 319.87
95 154.0 774.98
246 7248.0 75.12
125 6338.0 341.25
222 135.0 366.73
148 1090.0 840.25
30 4739.0 72.6
154 767.0 902.17
156 5236.0 453.82
97 3515.0 622.84
274 634.0 558.91
217 8522.0 152.15
135 2858.0 447.36
39 4548.0 599.8
208 8558.0 56.25
273 3317.0 157.07
222 7493.0 213.05
176 9489.0 773.87
3 5790.0 377.14
138 941.0 228.84
298 1230.0 789.74
22 1856.0 889.23
141 4524.0 102.91
155 5607.0 829.23
160 7201.0 459.78
2 6707.0 632.77
256 1606.0 906.23
175 8838.0 736.89
196 355.0 864.5
155 8257.0 657.21
165 3042.0 239.26
176 7604.0 938.21
104 4999.0 919.62
28 7208.0 854.68
282 4941.0 771.45
156 941.0 573.71
35 3943.0 704.51
21 5103.0 510.8
81 3938.0 749.24
206 1216.0 783.14
285 2311.0 73.54
163 8273.0 640.4
197 1583.0 855.54
247 7214.0 285.56
279 6523.0 972.45
96 9072.0 400.94
79 9300.0 75.12
208 455.0 648.56
227 1732.0 373.46
66 8786.0 263.96
21 2387.0 419.5
15 8923.0 359.45
287 1266.0 108.19
62 2046.0 476.95
63 4316.0 219.15
103 1927.0 360.26
66 8010.0 633.34
210 4954.0 440.89
113 4119.0 813.62
128 1635.0 874.21
88 8218.0 391.78
58 8497.0 643.79
176 1499.0 657.68
163 6935.0 162.42
85 6600.0 398.72
79 6712.0 267.13
162 2801.0 442.28
251 4893.0 183.13
24 5585.0 805.24
104 9266.0 628.09
72 3180.0 958.46
175 6143.0 385.53
232 1573.0 548.76
296 9243.0 673.76
186 7506.0 478.78
53 5815.0 916.45
109 5472.0 570.07
59 948.0 624.57
236 1543.0 517.32
194 8071.0 646.05
56 5090.0 137.34
130 2581.0 962.06
87 1398.0 725.26
71 173.0 426.76
113 275.0 728.62
297 8101.0 969.57
110 8431.0 890.24
104 5290.0 722.21
153 4131.0 814.98
173 3706.0 615.69
37 9164.0 6.81
107 7102.0 384.89
286 962.0 979.82
203 689.0 837.61
262 9684.0 434.12
187 5537.0 868.38
291 9929.0 912.54
217 2026.0 830.51
41 7330.0 620.67
273 6673.0 434.03
161 5372.0 508.39
77 3711.0 856.19
134 1490.0 174.19
206 3310.0 906.59
209 6269.0 493.84
259 4154.0 900.44
87 6897.0 117.08
13 6899.0 925.01
262 8986.0 29.6
27 7778.0 311.17
101 6749.0 399.35
149 3204.0 407.12
293 6263.0 354.43
136 7582.0 976.86
234 3630.0 885.1
10 981.0 412.08
2 4358.0 921.95
190 2258.0 730.17
157 7479.0 265.31
287 5289.0 275.87
163 7526.0 544.27
256 2485.0 782.36
145 5870.0 804.71
229 762.0 203.24
53 2335.0 98.96
49 9553.0 975.38
222 6008.0 731.45
149 2292.0 212.84
219 2772.0 380.99
229 9132.0 22.1
227 7279.0 668.01
186 7032.0 473.72
95 1374.0 613.07
5 3380.0 528.89
196 8382.0 127.34
79 8574.0 839.91
282 4752.0 212.08
276 5660.0 34.97
225 2040.0 855.63
158 7369.0 704.9
292 9588.0 478.75
125 1680.0 42.79
297 848.0 786.64
277 3676.0 687.75
167 1181.0 609.69
274 6708.0 357.25
141 2145.0 833.11
19 797.0 274.55
38 6569.0 948.01
252 5538.0 149.73
289 3252.0 762.2
163 3044.0 176.96
186 2722.0 379.77
58 3688.0 354.87
44 7123.0 804.45
192 911.0 5.78
253 3253.0 704.98
86 7457.0 583.19
163 2405.0 761.72
81 9445.0 455.71
98 6110.0 900.96
51 4150.0 304.0
10 3066.0 532.9
48 2095.0 559.45
14 2985.0 626.59
225 5429.0 739.22
95 7052.0 464.02
65 6845.0 149.37
38 8315.0 203.4
145 9489.0 279.72
239 2600.0 713.96
207 4145.0 159.96
228 8695.0 84.5
64 8836.0 8.49
220 8417.0 3.73
225 260.0 939.87
121 6008.0 571.71
127 8100.0 905.9
239 7604.0 741.25
43 1793.0 600.99
230 9178.0 913.14
247 8200.0 75.48
168 134.0 714.91
151 6519.0 172.67
160 5057.0 731.15
58 9473.0 273.17
44 2335.0 902.97
256 9362.0 223.4
249 7646.0 579.26
103 1677.0 714.63
17 8712.0 492.86
225 1994.0 7.24
145 4947.0 221.56
140 2151.0 966.67
152 7332.0 437.17
285 4254.0 74.47
183 8375.0 499.98
139 3623.0 747.88
131 887.0 206.24
215 5965.0 633.01
151 3680.0 475.29
115 8020.0 661.42
170 6838.0 142.54
89 9662.0 458.05
7 3672.0 829.23
48 8734.0 479.35
149 6982.0 891.5
49 826.0 412.09
53 1366.0 68.36
226 2394.0 711.29
269 1503.0 946.6
167 565.0 118.22
284 1615.0 498.9
55 917.0 7.18
170 1637.0 442.48
227 5164.0 829.19
123 2965.0 435.08
15 9685.0 483.69
74 6839.0 744.89
9 7473.0 735.58
16 5142.0 364.51
96 7950.0 68.06
107 90.0 950.09
50 8990.0 174.75
144 3440.0 488.91
263 8010.0 257.5
228 5931.0 566.84
96 6809.0 385.86
210 9120.0 140.31
100 4420.0 494.68
24 4305.0 75.24
219 4742.0 153.32
25 1833.0 967.09
108 3072.0 905.16
269 5544.0 992.24
291 5206.0 914.02
73 8612.0 331.43
117 9509.0 161.87
227 9519.0 216.49
276 3483.0 160.26
55 6346.0 968.28
155 7244.0 541.93
226 1837.0 234.59
172 8726.0 177.78
100 7050.0 809.55
119 2389.0 27.68
202 9239.0 992.89
286 211.0 203.33
120 7645.0 121.02
188 2588.0 445.34
149 7758.0 853.03
283 1138.0 67.18
268 9357.0 254.68
299 4510.0 332.57
228 4858.0 550.81
265 9348.0 754.71
20 8341.0 557.75
226 6010.0 937.87
24 4435.0 750.81
155 8882.0 514.29
170 9004.0 673.23
30 7150.0 776.48
135 8296.0 499.75
11 558.0 569.74
61 4309.0 858.46
225 1238.0 730.12
150 301.0 123.81
13 2390.0 331.02
187 5747.0 972.8
53 4967.0 175.22
298 9550.0 503.82
14 894.0 112.27
189 4034.0 187.75
21 6155.0 674.11
31 4569.0 402.53
276 389.0 344.2
93 9073.0 792.95
22 3775.0 578.18
198 8928.0 879.23
280 8944.0 765.59
182 6206.0 497.34
201 6163.0 402.07
82 3326.0 421.01
5 9363.0 439.0
129 2474.0 177.75
2 4785.0 832.78
218 435.0 664.68
256 8683.0 518.11
69 4260.0 971.03
61 3620.0 149.94
243 1128.0 976.23
110 9116.0 190.02
97 3065.0 686.7
12 860.0 690.23
197 5824.0 223.13
300 9037.0 919.39
288 1514.0 380.5
177 4823.0 651.19
144 2005.0 772.82
178 834.0 239.81
16 1153.0 256.82
294 1952.0 419.04
229 3565.0 902.38
88 138.0 705.97
149 617.0 306.51
218 6345.0 484.38
257 7712.0 880.73
63 6192.0 545.8
242 6740.0 463.89
64 4760.0 970.91
41 5603.0 399.41
253 4866.0 812.9
40 6239.0 740.51
278 1962.0 125.55
51 6268.0 803.27
76 5241.0 783.46
135 1831.0 315.51
292 9763.0 392.64
218 371.0 930.75
157 649.0 330.68
224 3395.0 422.75
246 2158.0 80.6
231 9998.0 194.11
184 4338.0 97.97
104 1078.0 398.52
300 6147.0 134.68
126 2848.0 574.64
293 6076.0 798.35
259 2183.0 956.84
190 7913.0 22.92
66 6234.0 750.12
115 7468.0 240.47
179 9060.0 859.66
256 6177.0 685.43
102 5018.0 610.69
241 8165.0 511.98
213 3706.0 27.12
165 6595.0 165.33
49 1784.0 475.95
12 6836.0 67.27
287 6744.0 231.04
48 9180.0 843.99
149 7986.0 14.72
112 5152.0 607.33
210 1744.0 101.7
191 1057.0 218.73
286 8242.0 477.76
135 1895.0 761.28
205 3413.0 27.18
234 6205.0 652.55
217 5940.0 844.59
154 5493.0 98.96
213 8835.0 970.39
221 2034.0 776.27
254 3333.0 676.75
296 6464.0 17.81
276 1973.0 178.58
164 4522.0 107.8
245 5490.0 831.55
215 5129.0 248.11
41 4727.0 756.53
255 286.0 614.0
174 2248.0 401.14
193 3694.0 839.26
241 4500.0 470.74
34 2491.0 2.54
231 5561.0 299.79
253 6579.0 492.88
186 5115.0 151.19
160 374.0 957.46
147 450.0 120.12
145 2735.0 576.65
219 9864.0 53.76
87 7973.0 909.43
111 8706.0 295.05
54 8021.0 468.88
39 3027.0 268.13
169 9902.0 390.99
267 4184.0 746.22
11 6024.0 867.81
9 3053.0 241.92
234 3613.0 398.84
178 8746.0 254.27
85 8338.0 260.48
272 8566.0 125.49
68 7434.0 340.92
5 7894.0 478.14
247 3479.0 954.82
190 465.0 496.76
135 2678.0 95.39
278 851.0 509.77
167 273.0 257.94
227 5907.0 814.23
104 697.0 875.12
165 1520.0 388.61
251 7180.0 133.99
161 8294.0 123.69
105 452.0 832.8
139 844.0 687.57
78 5200.0 965.19
144 3526.0 801.14
42 8595.0 337.14
231 1949.0 886.24
247 8284.0 317.51
57 7401.0 705.3
78 2264.0 801.12
86 5511.0 434.78
94 3836.0 645.65
54 758.0 569.17
92 1295.0 938.7
123 6693.0 754.52
208 2275.0 136.96
164 8536.0 801.82
239 8994.0 762.99
98 3624.0 831.3
201 7806.0 421.06
152 7787.0 709.35
104 9233.0 358.02
69 8687.0 641.62
46 9945.0 653.2
33 9345.0 826.55
57 7249.0 555.65
114 2891.0 110.78
224 4051.0 930.91
283 3198.0 997.16
157 3013.0 303.28
82 7943.0 11.37
73 2818.0 346.33
162 6036.0 532.87
199 7436.0 757.39
249 5857.0 22.13
78 5941.0 456.23
54 3136.0 774.54
276 9945.0 991.02
43 2867.0 850.37
265 3737.0 120.04
152 4148.0 604.61
222 1609.0 217.18
134 192.0 390.79
63 5576.0 984.26
168 5884.0 443.76
156 5685.0 247.12
60 7200.0 346.72
132 3913.0 77.44
101 3133.0 702.7
234 7117.0 825.01
95 5565.0 40.17
151 7940.0 522.58
22 8267.0 404.9
138 9897.0 573.56
273 457.0 22.86
287 6181.0 691.87
271 1445.0 127.41
2 6353.0 366.34
9 4890.0 15.13
27 7038.0 361.08
203 7632.0 841.41
185 8534.0 172.5
256 4902.0 224.28
283 1042.0 46.61
20 4101.0 951.61
158 3456.0 508.59
95 3268.0 8.99
12 3008.0 698.76
154 4103.0 456.9
75 4739.0 828.42
175 8837.0 479.77
41 9930.0 551.4
180 6730.0 18.83
234 4028.0 249.63
74 610.0 910.51
130 7866.0 160.4
79 1535.0 279.75
197 5248.0 2.31
219 8302.0 482.83
154 6291.0 911.61
142 82.0 52.26
60 382.0 693.62
19 2967.0 648.64
34 612.0 609.1
220 1110.0 754.04
182 3620.0 110.95
94 3787.0 767.41
132 9763.0 137.88
200 7456.0 187.94
248 723.0 888.59
214 7817.0 630.2
254 8690.0 51.12
140 2440.0 421.83
97 5189.0 339.24
89 4725.0 811.93
198 3684.0 126.64
233 459.0 651.69
58 3596.0 12.35
277 9771.0 548.57
166 1098.0 948.06
104 6261.0 940.73
51 3132.0 410.38
95 3589.0 730.59
184 8029.0 928.87
206 8876.0 221.38
47 6502.0 281.12
195 8794.0 954.09
196 6635.0 900.13
280 300.0 322.24
203 2396.0 696.54
63 6055.0 597.39
137 7313.0 592.94
264 3025.0 915.68
115 3179.0 559.51
105 5594.0 976.69
7 761.0 402.6
6 7473.0 510.62
18 521.0 854.11
23 6460.0 432.59
300 8276.0 438.3
15 4710.0 735.65
121 9147.0 928.61
166 8364.0 64.78
208 937.0 603.53
287 3339.0 973.89
62 410.0 660.06
253 8991.0 47.5
257 6545.0 927.01
190 9662.0 694.94
217 8076.0 729.44
282 4438.0 959.04
191 4617.0 24.08
78 3579.0 730.91
41 2617.0 185.5
1
300
1 1 5.71 0.0 56.72
29 9 7.42 617.54 691.11 22 6.91 1119.09 1237.18 28 5.39 1432.17 1526.8 68 8.36 1194.44 1271.6 73 1.36 1246.56 1364.77 87 7.04 678.81 810.62 94 7.25 892.35 974.58 103 2.87 519.24 610.94 104 2.6 1245.81 1355.35 109 2.6 1778.17 1852.34 112 9.82 1220.92 1340.42 114 3.08 1877.96 2001.97 143 3.63 1546.01 1635.36 182 6.25 1410.29 1490.79 190 1.33 693.92 788.45 213 9.56 1333.04 1435.45 219 7.97 1392.34 1463.26 225 3.18 1491.0 1599.25 230 8.51 1641.2 1708.94 234 2.03 1260.94 1353.79 241 4.14 1672.21 1742.11 249 9.74 1104.26 1196.04 255 1.27 1650.82 1738.75 266 8.2 1998.9 2077.01 271 6.48 715.84 817.37 274 3.3 1128.0 1249.4 278 6.85 597.39 692.4 287 1.08 1274.24 1387.89 297 7.65 1460.85 1553.04
29 21 7.07 1599.33 1709.87 26 1.81 1512.83 1617.68 27 3.85 1443.87 1551.06 34 2.76 1301.59 1392.95 36 9.99 1712.3 1790.9 44 1.72 2250.37 2375.0 57 9.35 1323.09 1412.25 80 2.28 1476.65 1557.77 83 9.71 1828.52 1905.77 102 5.82 1844.1 1958.77 107 3.3 1974.66 2051.2 115 1.81 1223.18 1292.85 119 1.18 1460.85 1551.77 121 8.78 1449.07 1571.25 133 5.12 1854.34 1933.71 146 3.3 1315.95 1401.47 158 7.41 1534.06 1664.21 170 2.45 1609.46 1730.77 194 8.51 1990.2 2076.25 203 7.53 1361.87 1447.4 226 2.82 1657.33 1746.95 229 2.42 1299.47 1394.21 237 9.12 2029.75 2146.1 246 7.27 1941.24 2045.34 264 5.71 1383.9 1513.67 265 9.27 1125.54 1211.78 273 2.71 1208.19 1329.33 296 8.15 1133.56 1239.38 299 9.99 1307.46 1395.26
29 6 2.45 1997.82 2100.67 18 4.49 1979.66 2083.87 33 1.35 1828.83 1925.6 40 7.79 2384.43 2476.71 42 1.84 1638.61 1748.71 56 1.1 1989.06 2060.53 64 2.34 2283.16 2366.34 69 9.44 2066.56 2158.62 71 8.01 2436.76 2510.99 85 6.39 2204.63 2293.28 86 1.0 2049.57 2153.25 93 1.9 2276.95 2397.53 95 9.24 1742.34 1871.48 98 3.59 2232.72 2361.74 105 4.49 2467.76 2562.85 106 3.36 1608.82 1680.35 108 2.17 2261.21 2388.7 142 6.61 2064.88 2190.05 147 2.82 1755.79 1838.47 151 2.38 1689.61 1764.31 164 7.48 1229.79 1341.68 205 9.27 1442.53 1520.82 211 3.11 1957.86 2039.43 228 3.62 1393.18 1474.36 254 3.36 1815.59 1893.79 257 8.46 2007.4 2088.48 259 7.61 2626.61 2703.41 262 4.95 2024.47 2120.41 276 6.82 1296.03 1417.0
29 5 7.88 2305.66 2426.58 12 2.94 2110.87 2178.45 14 5.84 2029.34 2098.61 43 2.84 2468.73 2556.49 49 8.46 2018.0 2121.52 52 8.65 2873.46 2943.22 54 1.92 1686.1 1785.75 81 7.25 2279.23 2361.0 88 1.96 2506.04 2622.0 91 6.28 2427.12 2495.35 110 3.64 2456.6 2576.11 118 8.18 2171.97 2275.97 141 6.16 1983.78 2080.23 160 2.11 2335.89 2441.86 167 7.79 2489.01 2607.83 189 8.17 2551.65 2676.37 195 1.77 2807.69 2881.19 201 1.11 2025.79 2144.94 208 3.9 2074.91 2204.08 214 3.98 2820.34 2895.99 223 8.11 2379.88 2462.14 233 8.69 2576.45 2652.6 240 6.08 2305.65 2398.79 251 9.3 2306.9 2422.96 252 4.35 2277.77 2374.91 258 8.42 3547.68 3633.56 270 6.12 2140.44 2219.28 272 5.94 2095.94 2173.6 284 9.06 2106.99 2238.14
29 2 6.72 2907.33 2993.16 4 2.64 3287.46 3368.72 16 5.93 2933.33 3011.74 24 2.94 2819.91 2912.7 41 9.63 2753.55 2851.79 50 8.27 2485.18 2580.92 75 5.65 2053.23 2150.87 92 6.73 2965.96 3034.44 96 4.45 2695.5 2792.83 99 7.05 2306.84 2428.32 101 3.24 2846.07 2922.59 129 2.82 2955.11 3026.32 150 6.4 2574.64 2698.43 153 4.52 3243.15 3329.04 166 1.33 2343.15 2453.91 180 1.61 2392.16 2461.9 184 9.28 3230.54 3304.62 186 5.71 2478.81 2579.44 204 6.88 2665.2 2783.51 215 2.26 2675.47 2775.88 216 3.92 2634.11 2764.84 218 2.94 2996.66 3081.16 232 3.29 3088.36 3178.15 245 5.0 3902.39 4006.4 269 2.56 2679.49 2802.31 283 9.81 2474.33 2591.73 285 9.61 2534.85 2632.96 290 8.55 2681.05 2771.76 298 3.68 2740.82 2812.79
29 19 6.25 3228.9 3330.18 25 2.21 2841.23 2932.68 31 9.57 2912.47 2987.31 35 2.79 3731.28 3805.01 55 7.01 2933.92 3039.92 59 8.18 2628.1 2718.89 60 7.18 2829.05 2950.08 62 3.72 3398.52 3482.58 63 1.16 3197.65 3292.98 76 5.54 2843.72 2954.15 123 6.85 2793.09 2921.62 125 4.27 2640.52 2719.25 132 6.74 2572.46 2668.11 136 8.18 2921.41 3025.43 155 7.19 3224.55 3357.45 157 2.55 3280.83 3387.3 161 7.0 3082.26 3187.69 165 7.98 2777.14 2858.02 176 1.23 3388.06 3496.2 178 6.41 2843.98 2961.59 191 1.9 2735.2 2860.91 196 1.63 3142.94 3243.89 202 3.0 3207.99 3276.99 206 2.0 3302.99 3406.79 212 1.5 3325.33 3418.86 221 9.91 3032.72 3100.37 243 4.41 2709.07 2789.06 279 1.38 2583.26 2701.9 295 8.48 3070.7 3196.33
29 13 8.78 3929.09 4056.07 15 4.13 3662.54 3770.14 32 2.8 3400.79 3498.92 37 2.6 3476.78 3552.17 47 1.06 3773.44 3901.3 51 7.61 3461.05 3583.22 65 1.76 3455.58 3571.54 66 9.07 3438.61 3530.6 74 3.74 3566.58 3673.4 124 4.04 3851.18 3925.18 134 8.67 3428.33 3516.4 135 1.96 3189.62 3278.94 148 6.11 3245.25 3350.89 149 5.8 3248.93 3329.67 152 5.15 3297.04 3409.58 156 5.48 3383.08 3502.58 168 4.24 3469.55 3574.16 169 9.21 3597.47 3713.13 175 8.83 3182.93 3307.84 185 4.14 3581.34 3693.84 188 3.41 3135.96 3251.82 192 8.43 2938.75 3048.93 199 5.95 3815.23 3938.62 227 8.96 3729.64 3833.19 239 7.72 3447.58 3579.33 250 6.24 3861.5 3931.3 263 3.26 3901.08 3983.21 267 5.01 3533.6 3666.76 281 9.43 3556.01 3653.71
29 7 6.12 4185.17 4281.32 23 8.73 3586.46 3693.6 39 2.98 4029.49 4099.81 72 7.0 4764.12 4867.05 78 3.02 3772.5 3853.05 79 5.23 3684.5 3809.82 82 2.42 3844.76 3922.57 97 4.27 3649.61 3728.79 127 2.29 3988.93 4105.51 130 3.8 3735.72 3834.04 140 4.29 3627.37 3756.52 159 8.04 3684.14 3795.41 162 5.36 4090.99 4188.41 172 1.24 3622.37 3747.25 174 7.13 4310.44 4394.74 181 4.26 4080.97 4213.58 193 3.6 4407.28 4481.61 198 8.96 3515.52 3614.39 209 3.62 4249.15 4339.29 231 9.19 3843.05 3966.9 235 7.22 3930.62 4052.02 238 5.51 3541.71 3674.01 248 2.9 4913.72 4993.13 260 1.94 3774.87 3842.24 261 6.13 3947.64 4049.99 268 4.12 3760.49 3876.56 275 4.53 4341.16 4429.65 282 1.94 3500.79 3632.86 288 4.88 3880.51 4011.76
29 30 3.11 4476.25 4596.53 45 8.33 4772.97 4854.18 53 3.22 4101.02 4228.7 58 2.62 4129.58 4245.09 67 9.94 4114.56 4241.15 70 7.49 4213.96 4334.03 77 3.58 4735.95 4851.71 117 2.95 4330.24 4450.73 120 9.92 3938.21 4032.41 122 4.37 4709.13 4789.86 138 7.85 3753.88 3851.63 163 1.45 4308.65 4429.35 171 8.34 4084.83 4202.13 177 9.27 4752.95 4865.44 179 6.38 3640.41 3734.99 183 4.25 4462.63 4530.41 187 3.52 4703.32 4833.53 200 3.25 4225.79 4303.77 224 6.21 4554.58 4663.73 236 8.98 4153.18 4282.58 242 9.68 4343.8 4426.19 247 1.01 3938.6 4040.67 253 8.31 4205.89 4335.98 277 4.25 4553.6 4670.35 280 5.1 4632.07 4750.39 291 6.09 4019.66 4121.03 292 4.26 4324.81 4407.8 293 2.41 4190.69 4271.0 294 4.66 4021.31 4105.49
29 3 4.12 4725.61 4798.41 10 2.02 4125.29 4253.47 11 2.37 4777.14 4893.04 17 8.44 4369.64 4459.86 20 7.64 4618.63 4734.74 29 4.51 4650.87 4780.13 38 9.07 4663.65 4765.43 46 2.23 4340.56 4409.27 48 9.96 4368.5 4500.04 61 8.85 4514.35 4587.51 89 3.36 4638.15 4715.73 90 7.87 4416.73 4549.18 100 6.68 5185.5 5281.53 111 5.31 4211.13 4319.93 113 4.21 4827.08 4912.54 116 8.99 4953.29 5061.8 128 6.56 5058.21 5174.72 137 8.41 5032.44 5142.38 139 6.14 5196.07 5288.92 144 7.96 4839.19 4945.62 154 8.0 4721.74 4832.71 173 8.01 4464.32 4555.14 197 2.45 4541.72 4615.93 217 7.14 4526.38 4636.84 220 4.23 4654.34 4750.7 244 1.04 4457.99 4548.56 256 9.78 4710.48 4833.66 286 1.97 4643.08 4770.12 289 4.15 4535.35 4617.69
1 300 2.83 5317.27 5421.33
