300 3000 0 1 12
6
6
5
13
3
9
15
11
14
4
11
19
10
2
14
9
11
19
11
12
12
8
3
7
2
18
18
8
4
5
18
10
16
17
3
3
11
8
2
5
8
5
19
10
13
19
9
2
12
16
19
3
18
9
4
2
16
9
8
13
12
11
16
14
5
11
6
7
16
17
17
7
11
6
9
8
7
10
15
4
17
5
12
14
8
3
8
13
12
10
11
4
14
9
12
16
6
17
5
7
15
5
2
11
7
6
5
3
4
16
4
6
19
8
13
10
18
9
18
17
2
18
13
6
13
10
7
16
3
19
9
8
15
16
4
9
12
16
13
6
2
14
10
2
14
17
6
7
8
2
16
15
10
4
16
11
13
16
9
3
4
18
17
16
3
16
12
11
6
11
2
14
15
4
7
11
2
10
14
13
9
11
10
12
6
5
4
15
6
17
17
13
10
4
12
6
8
3
11
19
10
11
5
16
5
13
9
14
6
6
17
2
4
5
18
7
4
13
10
4
16
4
2
11
18
19
12
14
3
11
5
12
5
12
13
5
18
14
7
19
16
15
16
8
8
17
12
13
7
16
16
4
15
8
6
2
9
3
14
3
15
17
14
13
10
14
15
4
12
5
12
7
3
4
6
4
17
10
14
14
3
14
13
5
10
9
14
3
3
3
16
10
2
6
4
10
20
16
4
0
299 2212.0 40.53
36 6256.0 597.9
223 3626.0 542.74
86 6342.0 58.1
2 7454.0 631.9
28 7651.0 424.15
32 4106.0 842.42
285 2289.0 906.4
11 7658.0 423.73
68 9549.0 655.87
105 9826.0 930.5
273 1298.0 345.04
197 7309.0 255.36
13 7075.0 445.23
116 7954.0 790.4
60 5907.0 695.72
145 329.0 558.12
93 7396.0 288.14
128 1526.0 146.67
146 5615.0 579.68
85 6268.0 564.99
17 4250.0 147.27
24 6223.0 151.02
199 2838.0 20.91
255 1978.0 554.85
197 3473.0 687.64
254 5430.0 388.76
231 5209.0 928.86
11 3748.0 180.61
267 8229.0 190.72
119 7724.0 476.69
206 1385.0 257.83
130 3669.0 980.43
268 1150.0 985.49
197 1139.0 160.38
124 2527.0 670.4
203 3911.0 768.0
208 4242.0 838.34
162 6745.0 173.38
191 249.0 130.9
78 4446.0 317.41
67 6632.0 882.98
199 5293.0 400.4
17 1122.0 418.46
230 6700.0 516.42
34 7707.0 495.55
84 5770.0 116.32
45 3026.0 758.12
202 1774.0 144.75
164 3585.0 214.86
213 2732.0 196.01
130 2917.0 596.32
29 30.0 843.12
280 2411.0 864.03
165 944.0 529.98
246 7346.0 540.74
127 2878.0 533.53
4 9114.0 116.9
136 6679.0 950.32
292 5417.0 797.76
191 1533.0 279.07
227 2882.0 553.55
88 9823.0 302.15
208 9202.0 3.74
63 3954.0 70.79
2 8232.0 199.0
58 5827.0 48.25
215 3042.0 414.12
276 2213.0 892.44
225 972.0 408.91
57 8974.0 773.26
5 9566.0 693.48
130 2138.0 76.04
120 8933.0 6.63
195 867.0 275.28
54 1488.0 673.87
177 7338.0 903.5
222 3343.0 331.09
117 4920.0 227.4
33 2403.0 803.58
146 1328.0 601.35
300 6101.0 748.27
260 828.0 665.6
293 1160.0 155.37
101 1858.0 605.38
68 1768.0 486.16
175 1719.0 49.98
218 8237.0 685.0
46 8000.0 712.7
141 5054.0 737.9
279 2184.0 564.7
57 7154.0 335.73
125 3744.0 997.02
71 8997.0 839.92
122 6642.0 851.37
89 1873.0 662.46
108 2226.0 785.64
157 5408.0 805.18
295 4394.0 405.65
218 6033.0 801.6
36 1705.0 626.36
10 7399.0 97.53
245 5421.0 831.4
7 9980.0 570.51
15 9175.0 600.14
299 1742.0 454.23
70 4474.0 741.2
153 1834.0 375.08
191 3264.0 102.53
202 3267.0 590.64
284 5889.0 969.89
186 6984.0 104.0
178 4677.0 276.73
207 5849.0 645.77
88 8100.0 445.15
159 9067.0 575.36
7 2586.0 687.19
244 9700.0 717.76
235 1554.0 960.39
173 89.0 775.49
233 1344.0 507.34
299 8381.0 952.16
157 4273.0 104.18
151 5491.0 827.3
171 3019.0 487.68
68 5696.0 275.32
5 8332.0 624.27
85 7132.0 341.89
97 4906.0 786.24
211 8699.0 71.16
115 3223.0 500.36
95 7097.0 57.53
239 162.0 404.9
137 460.0 669.01
230 7147.0 596.73
69 515.0 487.75
300 900.0 306.76
160 8844.0 687.33
73 2316.0 37.3
19 2324.0 560.91
141 7207.0 860.6
294 2802.0 105.98
90 5179.0 378.98
131 2525.0 420.18
102 8890.0 966.67
256 2674.0 451.19
269 2345.0 394.21
279 1925.0 454.64
272 6940.0 624.21
10 1509.0 830.79
277 4002.0 255.72
69 166.0 4.75
274 882.0 453.04
47 5157.0 596.44
299 9079.0 980.23
282 2300.0 126.43
187 942.0 331.79
217 7780.0 108.12
90 4749.0 491.99
291 544.0 329.65
231 6649.0 185.01
286 7507.0 648.94
201 9626.0 331.71
171 9313.0 702.09
83 9266.0 198.9
19 2937.0 983.37
292 4308.0 95.28
51 2857.0 334.59
39 4656.0 949.97
123 9330.0 126.82
87 57.0 488.7
105 2752.0 751.81
145 6443.0 574.07
75 9724.0 444.82
130 7074.0 10.24
11 4118.0 650.62
238 3278.0 731.66
186 2448.0 992.92
154 2392.0 589.06
256 1323.0 943.2
5 7514.0 542.58
127 5777.0 331.79
139 8507.0 910.99
275 6601.0 280.84
200 4422.0 647.59
100 3661.0 740.43
204 2473.0 181.55
129 756.0 680.58
46 4703.0 814.0
48 8123.0 148.53
75 2506.0 619.95
205 2736.0 222.7
160 2761.0 78.05
14 5162.0 696.69
177 7105.0 686.73
253 1828.0 503.04
182 7547.0 776.26
179 5881.0 552.82
134 1462.0 461.85
76 9568.0 822.85
129 7398.0 206.36
102 1236.0 444.57
208 32.0 575.66
227 426.0 609.22
67 9145.0 454.36
238 7353.0 908.13
69 6839.0 405.28
289 6415.0 738.37
287 6685.0 938.67
10 9964.0 269.85
107 2430.0 228.63
79 2531.0 261.0
294 6574.0 842.64
7 2674.0 811.07
25 4673.0 908.54
284 6529.0 955.69
212 4196.0 685.84
226 9398.0 357.16
25 1539.0 665.53
229 2002.0 924.23
264 5789.0 10.53
276 5981.0 35.25
113 3970.0 924.92
115 9379.0 703.76
289 429.0 596.37
270 5746.0 466.51
283 5005.0 557.41
288 9354.0 897.81
255 139.0 997.07
141 8491.0 453.59
270 5373.0 782.35
266 5223.0 926.83
213 2575.0 791.42
87 3390.0 918.07
60 4670.0 660.43
102 3950.0 554.25
216 4371.0 143.03
180 7160.0 749.77
173 7955.0 789.6
159 7416.0 476.86
12 3794.0 321.41
88 3177.0 477.47
136 7973.0 282.5
151 5354.0 902.23
205 8635.0 602.06
189 7585.0 340.83
14 1981.0 400.41
63 4074.0 785.3
65 8081.0 912.4
112 3741.0 456.94
179 3035.0 504.24
288 4896.0 867.55
293 9238.0 391.94
225 9490.0 294.55
272 7398.0 203.63
271 7264.0 480.13
103 857.0 469.96
7 5587.0 506.97
247 8636.0 42.79
179 7629.0 996.67
298 4780.0 637.36
148 8574.0 697.27
69 6701.0 602.62
265 9283.0 664.67
47 7874.0 468.1
240 3251.0 318.85
132 8470.0 666.25
94 8309.0 112.92
93 1268.0 826.4
230 1640.0 122.65
147 2257.0 703.94
254 9025.0 591.44
37 446.0 53.02
268 6328.0 317.08
174 8671.0 123.23
128 7194.0 317.91
200 3606.0 364.21
251 6282.0 297.06
139 1285.0 608.84
172 2657.0 996.03
215 2860.0 898.69
192 6784.0 747.93
114 4200.0 449.79
137 1230.0 901.95
191 9857.0 513.74
269 1630.0 209.8
206 8487.0 885.65
62 257.0 850.92
235 530.0 26.08
261 862.0 738.24
34 7083.0 500.19
96 2343.0 94.58
42 3430.0 900.85
238 2013.0 844.83
70 5171.0 638.89
73 8563.0 956.45
74 5046.0 244.31
281 1176.0 432.66
82 7727.0 695.62
156 2073.0 673.31
100 161.0 582.23
63 703.0 372.59
265 2859.0 290.6
241 7179.0 50.86
174 4419.0 626.67
67 8095.0 572.99
298 3058.0 320.57
83 717.0 828.26
21 4034.0 768.12
264 3919.0 609.08
209 6168.0 957.5
208 5443.0 979.41
43 4069.0 237.36
47 129.0 185.31
287 844.0 818.27
33 4395.0 546.72
87 8877.0 549.35
222 2712.0 680.52
5 335.0 340.53
269 8666.0 744.23
111 8715.0 834.83
155 9810.0 970.05
103 512.0 494.48
295 9226.0 947.9
96 8481.0 966.7
207 484.0 985.93
76 9881.0 415.51
199 1522.0 181.96
170 5426.0 715.33
283 6643.0 777.56
204 838.0 448.63
213 8116.0 510.22
173 8059.0 771.42
207 7054.0 501.13
144 9914.0 610.27
237 6349.0 604.01
93 4263.0 771.79
96 8914.0 427.64
43 6810.0 788.06
206 8883.0 489.17
204 176.0 1.58
149 3057.0 77.73
219 404.0 652.02
253 6671.0 167.66
173 3874.0 78.72
267 1669.0 388.27
295 6496.0 242.83
191 9037.0 800.88
9 4680.0 74.35
236 9129.0 257.97
188 4608.0 259.05
297 1921.0 732.65
91 1111.0 616.19
20 2452.0 495.94
119 2647.0 964.95
14 3128.0 854.28
159 2285.0 613.17
231 7076.0 718.1
225 623.0 543.63
261 6418.0 402.36
90 793.0 994.55
239 5457.0 153.81
30 9603.0 510.2
82 8922.0 568.76
275 3858.0 413.39
227 384.0 835.1
242 3656.0 132.71
46 4002.0 716.93
263 4620.0 885.15
75 6544.0 615.72
219 2679.0 598.76
8 9384.0 494.73
293 9447.0 598.95
185 2302.0 281.98
85 9954.0 431.55
70 6266.0 285.02
16 6983.0 825.01
174 2271.0 979.77
5 6138.0 347.5
235 9368.0 42.87
68 2837.0 505.6
155 4984.0 397.61
262 7473.0 681.46
122 9344.0 29.39
173 5194.0 710.84
60 3636.0 845.91
100 9011.0 468.05
23 1154.0 140.47
292 8297.0 371.83
35 2083.0 78.01
168 9728.0 466.02
242 9629.0 979.04
106 3909.0 338.11
186 8466.0 220.3
165 4010.0 89.71
211 4129.0 551.75
283 507.0 420.07
200 5927.0 956.2
87 8981.0 673.41
115 5562.0 145.5
31 6329.0 143.53
236 5050.0 244.16
26 1238.0 423.12
247 7166.0 981.81
97 769.0 811.87
295 2783.0 125.09
117 5920.0 364.97
153 8572.0 755.84
263 7813.0 7.51
294 8365.0 557.21
229 2295.0 423.65
207 4037.0 447.07
10 478.0 931.92
70 5550.0 233.31
298 6469.0 992.19
193 9983.0 724.45
155 1223.0 866.06
180 3920.0 629.76
57 6651.0 131.07
261 4611.0 171.08
114 6938.0 26.88
81 8624.0 475.55
7 5536.0 828.39
245 3523.0 425.6
116 9768.0 339.14
38 5333.0 259.01
150 6468.0 670.04
284 6570.0 382.57
280 8159.0 710.51
33 9036.0 681.16
249 4148.0 625.74
169 3074.0 135.1
232 7588.0 137.35
16 7266.0 99.71
102 9192.0 533.83
184 9796.0 300.39
216 7751.0 632.98
142 6715.0 238.65
165 7042.0 234.41
98 9853.0 797.75
72 2781.0 793.64
32 8169.0 783.69
23 8342.0 253.63
232 1008.0 664.49
265 735.0 979.46
92 7146.0 458.3
5 4128.0 142.87
71 1942.0 180.6
56 5952.0 95.67
287 5332.0 190.27
250 45.0 39.29
59 1831.0 854.01
198 4829.0 582.27
123 5444.0 680.38
219 2445.0 192.65
175 9784.0 821.19
11 5846.0 191.95
268 6994.0 389.27
36 6640.0 739.74
276 8063.0 448.41
117 5872.0 421.96
125 602.0 846.55
41 7669.0 142.55
67 714.0 195.01
288 2697.0 918.21
206 4922.0 410.59
191 8327.0 372.79
213 3932.0 649.78
28 8568.0 398.28
135 5320.0 741.6
126 2526.0 255.23
151 8629.0 394.56
160 6034.0 739.83
183 1646.0 80.33
266 8625.0 512.45
27 172.0 914.28
231 9728.0 829.41
5 4310.0 26.86
200 541.0 399.46
108 8325.0 646.65
296 5635.0 604.81
180 685.0 820.63
182 6612.0 48.19
15 4720.0 226.99
154 7334.0 453.82
63 5273.0 195.64
4 6782.0 783.69
107 7387.0 413.72
96 4682.0 573.99
93 2615.0 893.55
214 5655.0 839.14
187 7304.0 709.06
109 5423.0 789.63
181 7717.0 140.09
293 1187.0 298.87
264 5499.0 358.82
257 3821.0 687.92
245 9606.0 320.68
125 3743.0 970.22
128 6344.0 325.89
238 5841.0 563.44
3 2726.0 233.83
265 8628.0 470.42
240 5983.0 112.69
211 6231.0 53.91
126 8548.0 221.9
170 5911.0 87.38
40 511.0 852.88
2 1279.0 644.22
227 1287.0 834.52
96 1649.0 230.35
212 2089.0 248.9
224 65.0 444.61
269 2783.0 437.95
80 4209.0 317.93
78 7043.0 750.13
141 4022.0 432.63
106 191.0 790.75
182 2240.0 885.45
95 594.0 368.38
35 7878.0 838.11
279 5900.0 377.47
141 1796.0 91.23
12 7217.0 682.27
172 6221.0 70.13
160 3826.0 276.15
76 8527.0 12.73
219 9434.0 730.44
137 1850.0 848.29
210 3959.0 207.51
145 495.0 92.64
231 1979.0 295.25
161 4941.0 582.99
175 5842.0 830.96
113 7845.0 181.91
74 3374.0 420.16
192 440.0 578.1
43 8432.0 318.54
193 3221.0 926.56
27 874.0 428.87
105 9650.0 788.83
226 7044.0 148.63
292 7649.0 359.27
187 8997.0 63.64
120 7758.0 29.28
19 9362.0 545.72
199 9016.0 415.88
178 6703.0 947.77
117 8231.0 499.82
29 6832.0 352.08
91 7484.0 860.14
85 5416.0 121.95
293 2798.0 357.98
212 2879.0 122.53
81 7125.0 976.5
71 5274.0 151.84
166 6617.0 794.24
285 1926.0 91.94
153 4221.0 854.16
207 2523.0 182.13
172 2164.0 269.33
14 2773.0 789.29
234 1343.0 650.94
186 3380.0 663.05
265 9602.0 267.61
49 1648.0 4.58
72 3672.0 247.59
95 3538.0 480.53
9 3881.0 705.5
56 9706.0 118.34
64 6577.0 462.52
258 5475.0 459.93
262 2492.0 93.98
61 6659.0 932.71
10 6871.0 286.91
84 4991.0 456.19
264 4301.0 787.1
185 276.0 890.52
217 140.0 636.51
231 6895.0 516.85
170 5080.0 563.71
130 7280.0 985.91
38 659.0 199.79
283 7148.0 543.67
114 7301.0 696.0
143 6490.0 698.99
17 8560.0 301.26
263 216.0 800.5
29 2952.0 857.51
265 3004.0 842.94
31 5121.0 547.22
135 709.0 41.14
284 3286.0 517.07
119 8460.0 788.72
62 5223.0 92.82
96 4393.0 562.77
226 8857.0 695.94
268 3829.0 100.1
160 7427.0 961.06
248 323.0 638.42
215 34.0 627.03
109 4145.0 963.35
120 4715.0 857.12
33 9614.0 164.66
221 2496.0 902.09
231 2285.0 548.19
110 8626.0 681.47
189 5402.0 227.84
150 6866.0 943.47
260 3896.0 994.09
195 2507.0 531.25
63 9352.0 290.67
219 7371.0 856.19
9 864.0 581.66
181 5591.0 324.2
81 674.0 32.99
163 1822.0 466.98
43 4305.0 671.02
144 5070.0 522.64
102 8445.0 434.53
188 7333.0 509.72
225 8421.0 662.82
223 3773.0 759.13
44 3696.0 382.14
279 3772.0 59.32
8 7515.0 419.64
155 7454.0 429.5
199 9239.0 905.04
49 9581.0 229.41
257 4917.0 618.85
298 5645.0 207.68
132 6812.0 814.15
33 2162.0 546.23
78 8899.0 700.74
237 2002.0 915.58
24 8992.0 384.82
45 776.0 448.36
103 5908.0 851.93
207 6083.0 40.31
154 817.0 651.2
96 8963.0 704.17
220 8566.0 536.28
142 7023.0 604.55
77 7485.0 831.4
263 7530.0 266.67
66 7743.0 764.96
139 3381.0 944.89
179 5190.0 310.04
80 3719.0 490.09
112 4800.0 619.61
266 6320.0 788.39
44 2191.0 925.43
37 4724.0 739.26
62 6462.0 244.86
270 6846.0 502.39
133 5811.0 507.88
173 4941.0 170.32
260 9823.0 413.05
117 6572.0 752.07
227 9310.0 914.8
234 66.0 667.82
258 3880.0 126.64
279 613.0 982.64
93 9581.0 870.17
70 3765.0 752.32
134 9007.0 724.84
46 3153.0 973.82
61 323.0 696.36
54 670.0 984.67
248 8960.0 403.53
18 6537.0 785.11
14 4524.0 461.8
35 6913.0 908.51
99 4398.0 550.15
97 9791.0 935.75
5 2556.0 820.84
198 2220.0 734.4
160 8984.0 932.75
126 3482.0 683.93
49 312.0 105.99
29 762.0 260.61
291 2801.0 16.94
198 6789.0 977.72
201 4563.0 857.7
276 9366.0 443.6
104 6515.0 405.42
62 9343.0 758.24
248 1133.0 356.43
164 9049.0 830.22
96 9454.0 489.76
255 1240.0 770.25
102 1765.0 281.29
116 3996.0 187.74
234 228.0 710.48
129 3667.0 64.5
128 3370.0 797.77
102 5037.0 750.2
124 7319.0 429.51
30 2989.0 587.24
208 8798.0 463.08
101 9860.0 394.35
268 8560.0 30.04
264 2096.0 61.02
135 4485.0 597.22
193 826.0 798.05
259 3697.0 857.55
159 5649.0 529.38
85 2252.0 554.03
155 9688.0 418.11
188 6846.0 820.43
260 4468.0 979.37
148 8526.0 646.19
84 5751.0 291.4
228 3404.0 323.55
287 3773.0 976.53
41 1183.0 319.49
116 1267.0 558.25
255 9337.0 737.52
13 4743.0 807.39
166 1648.0 799.56
70 217.0 73.69
102 3478.0 583.6
240 5469.0 161.59
105 2617.0 661.04
162 446.0 619.71
279 9842.0 259.89
216 7343.0 923.09
185 1908.0 576.15
131 7151.0 482.54
3 4803.0 193.27
253 7078.0 54.68
287 600.0 112.19
138 6641.0 943.89
227 2746.0 649.3
282 8402.0 107.56
52 1826.0 396.89
77 8738.0 349.46
102 3401.0 635.54
108 8356.0 529.92
90 6735.0 726.42
283 5231.0 6.59
264 4472.0 452.88
271 4691.0 951.57
224 3923.0 477.34
54 1513.0 69.11
97 5197.0 587.67
71 5483.0 154.55
194 226.0 492.08
165 7651.0 500.43
267 7152.0 607.48
250 5137.0 490.47
188 1191.0 143.09
95 4834.0 57.59
46 1545.0 793.85
50 6216.0 519.38
2 82.0 806.83
55 3544.0 2.35
244 569.0 488.28
125 5960.0 621.15
288 6539.0 993.66
137 7401.0 816.74
54 9313.0 932.54
169 6578.0 226.45
28 1341.0 242.43
279 7167.0 336.94
5 4901.0 266.02
196 5229.0 291.02
140 5214.0 782.15
205 3812.0 42.42
56 8421.0 118.52
239 1158.0 568.14
192 4758.0 8.1
227 8867.0 754.06
202 2245.0 221.46
260 8102.0 779.76
219 4573.0 840.16
21 966.0 920.35
124 419.0 531.55
174 4625.0 780.07
30 7972.0 215.18
208 9666.0 69.59
73 2483.0 999.76
209 1028.0 164.25
278 249.0 53.07
88 6375.0 923.91
241 8861.0 353.5
257 8638.0 949.01
253 6480.0 127.87
27 6377.0 438.31
142 6162.0 418.54
297 6541.0 860.85
70 3286.0 423.06
179 8422.0 665.92
125 7600.0 981.05
68 1400.0 384.65
223 2773.0 290.58
197 8432.0 358.31
53 278.0 774.16
262 6163.0 522.15
209 1151.0 103.41
107 3745.0 431.5
263 6892.0 451.43
209 9590.0 221.97
105 5625.0 68.28
57 5719.0 371.48
66 4290.0 928.45
218 5573.0 621.23
32 1722.0 643.11
16 2436.0 972.93
112 3471.0 469.04
110 717.0 154.79
89 7093.0 320.12
17 8766.0 378.11
296 1400.0 483.76
183 2302.0 623.02
69 8125.0 718.96
201 3866.0 735.87
41 4122.0 94.78
249 4761.0 600.04
288 1435.0 66.2
86 1584.0 752.73
239 7213.0 188.69
166 2764.0 441.22
267 3474.0 51.23
88 9903.0 93.21
211 5044.0 503.55
58 502.0 667.86
132 8089.0 322.63
2 1338.0 280.03
237 2981.0 870.47
256 5484.0 558.77
57 6705.0 885.98
145 18.0 396.14
185 575.0 863.18
200 3616.0 787.75
199 5248.0 395.99
244 1688.0 236.74
293 8442.0 882.85
205 931.0 342.41
79 820.0 868.25
198 9268.0 429.92
125 5134.0 178.02
169 7220.0 258.04
241 4219.0 171.41
220 1874.0 590.84
270 8066.0 394.42
87 8588.0 94.75
260 1521.0 169.99
202 9083.0 460.97
53 3532.0 405.16
189 3590.0 505.89
229 360.0 728.31
39 1320.0 153.27
30 2351.0 528.06
261 8288.0 539.71
109 5253.0 180.21
72 1187.0 590.9
35 4279.0 348.9
219 4865.0 1.65
163 2310.0 586.57
285 6727.0 200.61
122 1433.0 939.07
273 8427.0 377.35
200 6609.0 678.27
147 9645.0 244.06
293 9359.0 477.92
260 4301.0 606.73
39 2914.0 739.35
269 8397.0 252.28
289 4244.0 451.38
201 368.0 635.98
181 7188.0 751.74
29 8503.0 78.63
113 9409.0 264.97
74 7616.0 57.62
286 2337.0 327.7
214 9544.0 683.45
101 5273.0 87.3
3 3224.0 482.71
124 313.0 200.78
232 9624.0 500.76
58 9805.0 680.61
93 6446.0 883.86
192 1908.0 897.39
91 6425.0 972.13
237 525.0 183.0
76 111.0 385.79
36 59.0 610.13
93 6944.0 4.38
197 1164.0 212.87
189 978.0 76.21
12 3577.0 974.84
274 198.0 230.73
51 1616.0 724.27
161 9385.0 514.17
188 8113.0 249.51
132 6025.0 360.41
164 58.0 146.31
61 2372.0 38.48
213 8549.0 27.63
221 9071.0 432.79
44 9602.0 629.78
36 3134.0 154.54
63 3733.0 525.8
37 9055.0 494.42
278 5857.0 748.6
300 338.0 846.0
48 3661.0 320.43
131 2791.0 765.64
289 6830.0 41.21
221 7115.0 972.24
288 8525.0 993.54
188 4140.0 305.55
126 6094.0 76.35
200 7340.0 786.9
115 3235.0 565.91
242 2274.0 783.73
194 6736.0 380.09
123 7353.0 8.96
212 4700.0 826.64
98 3202.0 826.39
27 4110.0 212.06
16 9192.0 186.89
135 7460.0 92.35
174 9165.0 849.92
62 6067.0 197.7
209 9805.0 811.02
231 2438.0 725.02
257 4187.0 902.04
8 439.0 248.04
31 9561.0 477.81
107 1092.0 313.59
15 2515.0 870.45
234 382.0 335.66
196 8955.0 477.97
177 4677.0 374.12
230 451.0 408.1
56 5842.0 167.4
287 8905.0 49.14
178 6310.0 153.38
256 3946.0 34.57
200 1115.0 701.71
18 8278.0 315.9
29 9267.0 584.86
181 6664.0 376.52
171 4914.0 340.21
22 5336.0 401.86
100 8024.0 949.58
237 2707.0 485.0
77 7769.0 216.4
64 1022.0 553.28
292 6483.0 495.33
232 4189.0 494.77
40 8933.0 449.02
248 115.0 674.89
70 8990.0 457.95
109 4479.0 509.33
28 689.0 642.87
59 5531.0 648.81
133 4247.0 689.73
286 4466.0 272.95
46 4243.0 79.59
140 3777.0 468.72
207 88.0 984.18
178 338.0 482.58
89 367.0 785.31
180 6040.0 746.54
12 4822.0 20.78
275 870.0 722.99
45 491.0 445.46
78 5897.0 319.87
236 154.0 774.98
109 7248.0 75.12
140 465.0 341.25
133 135.0 366.73
70 1090.0 840.25
99 4739.0 72.6
14 767.0 902.17
167 2688.0 453.82
92 7629.0 622.84
128 9855.0 558.91
143 8522.0 152.15
109 2858.0 447.36
212 4548.0 599.8
80 8558.0 56.25
278 3317.0 157.07
31 7493.0 213.05
261 9489.0 773.87
35 3660.0 377.14
106 941.0 228.84
237 1230.0 789.74
14 1856.0 889.23
202 4524.0 102.91
2 5607.0 829.23
294 7201.0 459.78
269 6707.0 632.77
59 1606.0 906.23
177 8838.0 736.89
198 355.0 864.5
157 8257.0 657.21
167 3042.0 239.26
23 7604.0 938.21
106 4999.0 919.62
29 7208.0 854.68
282 4941.0 771.45
158 941.0 573.71
255 5380.0 704.51
270 5103.0 510.8
279 3938.0 749.24
205 1216.0 783.14
285 2311.0 73.54
106 6348.0 640.4
79 1583.0 855.54
182 7214.0 285.56
235 6523.0 972.45
58 3171.0 400.94
278 9300.0 75.12
179 2542.0 648.56
139 1732.0 373.46
154 8786.0 263.96
123 2387.0 419.5
281 6761.0 359.45
189 1266.0 108.19
172 2046.0 476.95
62 4316.0 219.15
103 1927.0 360.26
65 8010.0 633.34
210 4954.0 440.89
146 4119.0 813.62
128 1635.0 874.21
51 8218.0 391.78
59 8497.0 643.79
177 1499.0 657.68
164 6935.0 162.42
86 6600.0 398.72
80 6712.0 267.13
163 2801.0 442.28
251 4893.0 183.13
24 5585.0 805.24
279 4107.0 628.09
262 3180.0 958.46
9 4301.0 385.53
163 1573.0 548.76
284 9243.0 673.76
263 7506.0 478.78
283 5815.0 916.45
5 5846.0 570.07
293 948.0 624.57
275 6160.0 517.32
280 7188.0 646.05
170 5090.0 137.34
63 9065.0 962.06
183 1398.0 725.26
77 173.0 426.76
17 8503.0 728.62
65 2857.0 969.57
158 8431.0 890.24
248 5290.0 722.21
216 4131.0 814.98
153 3571.0 615.69
162 9164.0 6.81
284 7102.0 384.89
266 8305.0 979.82
104 2339.0 837.61
36 9684.0 434.12
86 5537.0 868.38
285 8241.0 912.54
221 4791.0 830.51
48 7330.0 620.67
222 6673.0 434.03
98 5372.0 508.39
164 3711.0 856.19
283 1490.0 174.19
254 3310.0 906.59
96 3433.0 493.84
280 4154.0 900.44
64 6897.0 117.08
138 102.0 925.01
122 8986.0 29.6
218 7778.0 311.17
166 6749.0 399.35
34 3204.0 407.12
281 6263.0 354.43
137 7582.0 976.86
234 3630.0 885.1
10 981.0 412.08
252 4358.0 921.95
190 2258.0 730.17
157 7479.0 265.31
287 5289.0 275.87
163 7526.0 544.27
256 2485.0 782.36
143 5870.0 804.71
229 762.0 203.24
53 2335.0 98.96
49 9553.0 975.38
222 6008.0 731.45
150 2292.0 212.84
220 2772.0 380.99
146 9913.0 22.1
182 7279.0 668.01
279 7032.0 473.72
175 1374.0 613.07
188 3380.0 528.89
158 56.0 127.34
282 8574.0 839.91
73 4752.0 212.08
81 5660.0 34.97
12 2040.0 855.63
121 4467.0 704.9
293 9588.0 478.75
258 8129.0 42.79
96 848.0 786.64
156 3676.0 687.75
286 1181.0 609.69
161 6708.0 357.25
182 4040.0 833.11
12 797.0 274.55
237 6569.0 948.01
251 4142.0 149.73
5 3252.0 762.2
191 3044.0 176.96
138 2722.0 379.77
68 8031.0 354.87
193 7123.0 804.45
146 911.0 5.78
109 1988.0 704.98
257 7457.0 583.19
86 2405.0 761.72
281 9445.0 455.71
238 6110.0 900.96
219 4150.0 304.0
269 3066.0 532.9
47 2095.0 559.45
13 2985.0 626.59
225 5429.0 739.22
94 7052.0 464.02
64 6845.0 149.37
221 9859.0 203.4
200 9489.0 279.72
143 2600.0 713.96
289 4145.0 159.96
192 7520.0 84.5
106 4012.0 8.49
186 8417.0 3.73
145 260.0 939.87
102 6008.0 571.71
224 8100.0 905.9
191 9055.0 741.25
221 1793.0 600.99
71 9178.0 913.14
170 8200.0 75.48
90 134.0 714.91
27 6519.0 172.67
249 5057.0 731.15
215 9473.0 273.17
9 1989.0 902.97
257 9362.0 223.4
123 2370.0 579.26
241 1677.0 714.63
61 5440.0 492.86
44 1994.0 7.24
107 4947.0 221.56
125 2151.0 966.67
215 9373.0 437.17
84 4254.0 74.47
287 1691.0 499.98
37 3623.0 747.88
198 887.0 206.24
198 7162.0 633.01
156 3680.0 475.29
7 8020.0 661.42
152 2862.0 142.54
174 9662.0 458.05
27 3672.0 829.23
227 8734.0 479.35
109 6982.0 891.5
188 826.0 412.09
210 7755.0 68.36
83 2394.0 711.29
75 1503.0 946.6
101 565.0 118.22
300 4312.0 498.9
278 917.0 7.18
244 1637.0 442.48
30 6557.0 829.19
295 2965.0 435.08
26 9876.0 483.69
57 6839.0 744.89
142 7473.0 735.58
205 5142.0 364.51
259 7950.0 68.06
60 90.0 950.09
51 491.0 174.75
93 3440.0 488.91
197 8010.0 257.5
39 5931.0 566.84
225 6809.0 385.86
293 1015.0 140.31
95 4420.0 494.68
79 4305.0 75.24
198 4742.0 153.32
80 1833.0 967.09
34 3072.0 905.16
78 8094.0 992.24
207 5206.0 914.02
99 8612.0 331.43
117 9509.0 161.87
228 9519.0 216.49
276 3483.0 160.26
70 8060.0 968.28
140 7244.0 541.93
8 1837.0 234.59
59 8726.0 177.78
88 6516.0 809.55
78 2389.0 27.68
201 9239.0 992.89
115 211.0 203.33
47 7645.0 121.02
46 2588.0 445.34
38 7419.0 853.03
197 1138.0 67.18
13 9357.0 254.68
33 4510.0 332.57
136 2411.0 550.81
249 9348.0 754.71
222 8341.0 557.75
230 6010.0 937.87
189 4435.0 750.81
234 806.0 514.29
92 9004.0 673.23
255 7150.0 776.48
64 8296.0 499.75
87 558.0 569.74
134 4309.0 858.46
258 1238.0 730.12
237 301.0 123.81
94 2280.0 331.02
211 2880.0 972.8
160 4967.0 175.22
30 9550.0 503.82
76 894.0 112.27
200 4034.0 187.75
110 8741.0 674.11
287 5318.0 402.53
89 389.0 344.2
195 9073.0 792.95
42 3775.0 578.18
248 8928.0 879.23
40 8944.0 765.59
41 7667.0 497.34
251 6163.0 402.07
26 9458.0 421.01
211 9363.0 439.0
39 2474.0 177.75
276 4785.0 832.78
296 435.0 664.68
255 8683.0 518.11
69 4260.0 971.03
61 3620.0 149.94
145 6832.0 976.23
25 9116.0 190.02
206 3065.0 686.7
143 860.0 690.23
162 5824.0 223.13
182 1581.0 919.39
42 5450.0 380.5
208 4823.0 651.19
70 2005.0 772.82
258 4903.0 239.81
151 1153.0 256.82
152 1952.0 419.04
245 3565.0 902.38
12 5231.0 705.97
122 617.0 306.51
297 6345.0 484.38
61 7712.0 880.73
278 6192.0 545.8
218 1173.0 463.89
50 4760.0 970.91
105 6561.0 399.41
138 4866.0 812.9
183 6239.0 740.51
28 1962.0 125.55
198 6268.0 803.27
294 6244.0 783.46
216 1831.0 315.51
181 9972.0 392.64
25 371.0 930.75
77 9709.0 330.68
239 3395.0 422.75
200 6997.0 80.6
236 3679.0 194.11
75 4338.0 97.97
227 1078.0 398.52
24 6147.0 134.68
48 2848.0 574.64
59 6076.0 798.35
144 7476.0 956.84
160 7913.0 22.92
223 6234.0 750.12
53 6768.0 240.47
261 9060.0 859.66
282 6177.0 685.43
243 5018.0 610.69
51 8165.0 511.98
7 3706.0 27.12
286 6595.0 165.33
49 7126.0 475.95
106 6836.0 67.27
274 5710.0 231.04
265 2172.0 843.99
283 7986.0 14.72
191 5152.0 607.33
64 1744.0 101.7
178 1057.0 218.73
164 8242.0 477.76
214 1895.0 761.28
113 1671.0 27.18
195 6205.0 652.55
25 8758.0 844.59
194 5493.0 98.96
242 8835.0 970.39
237 5080.0 776.27
56 3333.0 676.75
171 6464.0 17.81
160 1973.0 178.58
137 4522.0 107.8
294 5490.0 831.55
216 5129.0 248.11
41 4727.0 756.53
255 286.0 614.0
175 2248.0 401.14
282 9080.0 839.26
180 4500.0 470.74
299 2491.0 2.54
297 5561.0 299.79
113 6579.0 492.88
293 267.0 151.19
171 374.0 957.46
193 450.0 120.12
25 2735.0 576.65
135 9864.0 53.76
200 202.0 909.43
31 8706.0 295.05
177 8021.0 468.88
210 9920.0 268.13
100 9902.0 390.99
218 5119.0 746.22
28 6024.0 867.81
27 3053.0 241.92
70 3613.0 398.84
251 8746.0 254.27
224 9090.0 260.48
289 8566.0 125.49
256 7318.0 340.92
5 7894.0 478.14
282 5021.0 954.82
14 465.0 496.76
244 4090.0 95.39
212 466.0 509.77
5 273.0 257.94
128 5907.0 814.23
250 49.0 875.12
41 4845.0 388.61
236 7180.0 133.99
247 8294.0 123.69
223 452.0 832.8
256 3688.0 687.57
124 5200.0 965.19
269 3526.0 801.14
22 8595.0 337.14
255 1949.0 886.24
247 8284.0 317.51
57 7401.0 705.3
78 2264.0 801.12
7 2190.0 434.78
67 3836.0 645.65
126 758.0 569.17
269 1295.0 938.7
117 6693.0 754.52
4 2275.0 136.96
80 8536.0 801.82
207 8994.0 762.99
286 3624.0 831.3
201 7806.0 421.06
152 7787.0 709.35
103 9233.0 358.02
69 8687.0 641.62
46 9945.0 653.2
33 9345.0 826.55
57 7249.0 555.65
129 1880.0 110.78
209 4051.0 930.91
32 3198.0 997.16
156 3013.0 303.28
81 7943.0 11.37
85 2818.0 346.33
94 1707.0 532.87
37 7436.0 757.39
180 2826.0 22.13
141 5941.0 456.23
42 3136.0 774.54
257 9945.0 991.02
152 2145.0 850.37
11 3737.0 120.04
164 4148.0 604.61
144 1609.0 217.18
47 192.0 390.79
212 3135.0 984.26
231 5884.0 443.76
209 5685.0 247.12
189 7200.0 346.72
105 6895.0 77.44
255 5136.0 702.7
230 7117.0 825.01
243 5565.0 40.17
99 7940.0 522.58
152 8267.0 404.9
121 9534.0 573.56
300 3610.0 22.86
238 2015.0 691.87
190 1445.0 127.41
109 6353.0 366.34
6 4890.0 15.13
295 2452.0 361.08
103 7632.0 841.41
34 5534.0 172.5
274 4902.0 224.28
119 1042.0 46.61
175 4101.0 951.61
151 3456.0 508.59
106 3268.0 8.99
192 3008.0 698.76
289 8031.0 456.9
124 3105.0 828.42
83 8837.0 479.77
35 9930.0 551.4
75 6730.0 18.83
293 874.0 249.63
209 610.0 910.51
112 7866.0 160.4
13 1535.0 279.75
74 5248.0 2.31
269 8302.0 482.83
240 8562.0 911.61
61 82.0 52.26
181 6457.0 693.62
268 7235.0 648.64
7 612.0 609.1
148 1110.0 754.04
75 3620.0 110.95
114 3787.0 767.41
33 9763.0 137.88
9 7456.0 187.94
249 470.0 888.59
251 7817.0 630.2
136 3378.0 51.12
277 2440.0 421.83
248 5189.0 339.24
129 4725.0 811.93
22 686.0 126.64
40 7537.0 651.69
236 3596.0 12.35
180 9846.0 548.57
16 1098.0 948.06
224 6261.0 940.73
91 3132.0 410.38
7 3589.0 730.59
155 4874.0 928.87
254 8876.0 221.38
160 3186.0 281.12
171 8794.0 954.09
50 6635.0 900.13
198 727.0 322.24
142 2396.0 696.54
111 6055.0 597.39
276 7996.0 592.94
18 5708.0 915.68
163 3179.0 559.51
141 5594.0 976.69
44 761.0 402.6
33 7473.0 510.62
247 521.0 854.11
232 777.0 432.59
267 8276.0 438.3
227 4710.0 735.65
6 9147.0 928.61
152 8364.0 64.78
18 937.0 603.53
76 3339.0 973.89
241 3155.0 660.06
121 8991.0 47.5
96 6545.0 927.01
266 3385.0 694.94
262 8076.0 729.44
49 4438.0 959.04
48 4617.0 24.08
258 3579.0 730.91
135 3692.0 185.5
14 6645.0 523.93
89 842.0 970.67
156 3996.0 739.62
283 3018.0 979.61
206 5077.0 38.17
281 7869.0 30.93
277 3564.0 179.05
38 6032.0 231.38
45 1811.0 243.52
82 6721.0 178.18
157 3471.0 834.8
127 8646.0 583.64
73 6153.0 774.65
86 9448.0 713.18
9 6879.0 694.67
163 4802.0 292.72
31 306.0 349.49
219 184.0 650.12
108 9482.0 818.5
78 7098.0 256.58
13 5275.0 671.05
110 8011.0 41.38
265 9908.0 656.48
19 5777.0 800.67
170 1678.0 9.85
247 1244.0 950.95
127 3162.0 488.7
149 897.0 115.46
158 4037.0 608.77
215 4154.0 208.55
194 615.0 999.05
162 2814.0 927.37
138 2565.0 794.22
299 6287.0 696.57
131 6523.0 21.52
267 3385.0 256.63
184 2725.0 90.66
56 372.0 202.74
247 4354.0 80.96
118 6080.0 159.09
149 5232.0 998.98
229 418.0 902.83
57 5979.0 674.42
252 2709.0 190.32
82 4935.0 725.81
87 7568.0 864.15
290 4835.0 712.35
115 3625.0 834.53
16 9845.0 968.08
48 5163.0 523.92
294 2481.0 91.02
129 4813.0 256.24
281 257.0 317.89
85 2443.0 143.07
168 7142.0 919.4
190 7660.0 196.27
40 7591.0 536.05
201 8484.0 458.63
195 9401.0 162.02
169 1263.0 720.64
212 5260.0 93.8
261 6268.0 288.94
282 973.0 40.15
159 1516.0 235.43
118 760.0 647.07
198 9394.0 734.7
122 5806.0 149.2
96 8376.0 130.55
116 6884.0 778.56
258 9042.0 918.78
19 8251.0 262.96
8 4595.0 263.35
139 5998.0 937.81
214 7290.0 1.26
102 5252.0 388.35
99 2749.0 291.42
160 7183.0 161.98
279 4315.0 388.57
32 2634.0 623.64
58 9445.0 599.23
265 6495.0 828.68
295 1387.0 755.17
138 9188.0 153.9
190 8235.0 439.62
122 7369.0 12.04
87 10.0 100.77
161 1257.0 915.87
229 6793.0 202.63
260 5941.0 564.94
22 1138.0 796.53
26 9404.0 850.11
274 1882.0 754.9
53 3727.0 205.26
70 7740.0 13.47
130 4840.0 372.35
225 1918.0 573.88
252 2223.0 764.63
220 7988.0 548.85
113 8005.0 829.2
23 5976.0 123.76
19 4004.0 215.8
114 9279.0 895.54
228 8035.0 86.49
253 4162.0 293.57
70 6635.0 825.01
18 5288.0 538.42
194 2466.0 107.78
196 1770.0 790.23
9 1190.0 797.45
220 3460.0 694.92
172 8138.0 922.53
8 713.0 331.38
143 3981.0 323.15
86 5842.0 854.43
111 1544.0 569.04
181 9078.0 103.37
38 9286.0 586.8
57 1093.0 68.39
103 6706.0 444.93
294 7250.0 920.4
69 276.0 808.04
183 8782.0 384.35
117 9900.0 672.37
51 8089.0 249.73
267 9541.0 956.91
218 8812.0 141.35
159 5488.0 958.76
139 298.0 182.89
291 563.0 653.23
232 3676.0 391.88
167 7755.0 524.09
58 6817.0 516.91
78 1965.0 37.66
65 6958.0 202.56
223 3362.0 637.51
52 20.0 979.01
235 8554.0 216.2
11 8474.0 547.74
155 727.0 839.09
281 5756.0 325.46
25 6227.0 216.35
119 5705.0 298.96
221 6616.0 636.27
284 1401.0 599.89
211 3862.0 254.91
28 2783.0 174.32
191 5575.0 687.44
271 6059.0 650.32
260 144.0 19.23
275 457.0 364.52
227 1729.0 26.42
51 9115.0 797.76
30 1901.0 601.98
169 7261.0 101.05
253 7759.0 667.71
94 7049.0 70.75
134 5014.0 504.63
261 8008.0 56.43
32 2273.0 667.26
183 354.0 775.75
102 8653.0 222.61
193 6591.0 43.3
182 8531.0 303.13
18 4465.0 135.67
107 9876.0 797.89
230 2109.0 831.31
248 9707.0 990.16
208 2135.0 584.1
16 740.0 687.7
204 7016.0 379.24
38 5888.0 112.25
273 3208.0 638.23
125 7408.0 173.36
3 9870.0 952.64
6 2695.0 199.35
281 6421.0 268.03
110 1679.0 7.21
44 3169.0 884.58
163 616.0 870.5
171 3872.0 360.89
236 1709.0 912.64
167 9222.0 200.66
115 3596.0 746.82
20 4801.0 338.45
24 4864.0 864.65
75 7026.0 533.54
192 4973.0 937.12
287 3637.0 582.7
36 9395.0 85.38
271 7825.0 826.07
169 1912.0 734.7
269 7759.0 550.77
276 2053.0 896.99
149 4460.0 348.98
80 6042.0 852.69
213 9252.0 349.07
244 8202.0 178.79
219 1376.0 567.75
130 3881.0 304.63
37 8247.0 107.97
225 5479.0 445.92
10 4011.0 498.74
234 2043.0 462.13
174 4313.0 251.84
268 3008.0 362.8
15 4975.0 485.28
70 5900.0 212.3
217 3632.0 681.24
93 902.0 909.67
277 1488.0 347.73
244 2362.0 224.76
118 2124.0 470.17
113 7497.0 311.53
296 5245.0 691.14
93 9254.0 884.25
140 794.0 144.58
281 4884.0 501.9
223 6745.0 393.29
219 2453.0 568.86
188 5635.0 432.08
116 5321.0 365.91
159 8330.0 667.47
187 7279.0 363.69
295 5880.0 105.78
192 4204.0 859.57
220 6743.0 782.78
283 5269.0 221.05
68 2058.0 570.32
271 5699.0 105.41
139 7081.0 27.75
179 9100.0 291.4
38 4923.0 289.69
233 8333.0 158.8
76 4914.0 991.47
12 5599.0 375.3
126 3135.0 964.12
256 7054.0 919.11
199 1719.0 2.12
252 4894.0 361.91
285 5534.0 407.74
231 880.0 247.53
163 119.0 156.98
57 65.0 598.54
120 464.0 812.25
128 1727.0 361.91
234 933.0 993.44
253 112.0 235.52
172 3096.0 286.87
238 6558.0 362.72
207 6339.0 721.03
85 7153.0 761.0
25 1495.0 566.3
99 4752.0 180.76
254 1525.0 456.64
275 291.0 815.96
121 4944.0 886.78
18 984.0 217.44
16 9342.0 250.22
196 5783.0 50.8
177 104.0 815.08
131 973.0 579.01
265 9372.0 280.8
67 2881.0 872.45
144 6173.0 5.63
99 2439.0 357.49
223 6095.0 887.9
97 3167.0 351.08
15 1259.0 137.59
4 2034.0 479.6
248 9155.0 778.9
220 2962.0 897.17
197 8144.0 763.96
256 7100.0 262.41
254 7218.0 161.5
277 6551.0 114.03
240 6936.0 347.6
87 8243.0 571.55
170 6725.0 738.49
245 8595.0 631.81
270 2028.0 823.19
213 9526.0 975.32
45 6924.0 777.73
104 8134.0 995.93
295 5173.0 153.46
165 199.0 108.58
183 7872.0 359.06
29 7149.0 618.31
75 5526.0 827.37
205 4030.0 682.57
258 1614.0 773.11
106 6010.0 391.15
294 6349.0 204.55
280 1569.0 701.87
34 6046.0 377.33
53 565.0 383.51
79 4419.0 792.62
212 5551.0 418.51
292 4499.0 319.64
183 8200.0 643.32
241 9902.0 860.41
187 853.0 624.12
217 7220.0 113.4
143 5717.0 16.99
297 5600.0 208.3
207 4095.0 64.77
55 4880.0 104.37
251 6822.0 234.26
87 3076.0 340.9
30 7479.0 49.49
266 2164.0 425.65
273 7200.0 158.23
47 3976.0 821.23
111 5160.0 977.26
165 2575.0 773.5
167 5147.0 771.52
283 9063.0 172.55
131 4163.0 705.11
246 2363.0 536.52
193 4354.0 420.03
39 8448.0 393.33
195 2147.0 523.5
83 8020.0 376.23
14 4779.0 317.8
60 3187.0 338.09
103 4400.0 587.73
187 1569.0 562.01
90 2980.0 364.48
26 5793.0 149.03
47 7078.0 46.03
107 1355.0 344.94
265 2883.0 869.55
76 5098.0 421.7
99 9905.0 179.82
109 1491.0 745.39
100 3990.0 658.49
217 7237.0 817.33
36 3687.0 283.73
216 6443.0 832.84
194 3631.0 952.36
243 6556.0 291.45
173 7609.0 159.55
167 2576.0 946.54
276 7577.0 573.11
125 5228.0 283.52
34 2251.0 608.23
275 2215.0 217.57
164 595.0 294.38
171 4509.0 371.05
40 3819.0 720.3
79 9989.0 191.35
75 9351.0 819.82
211 712.0 678.65
190 3078.0 651.89
93 9987.0 935.33
145 6137.0 452.09
224 6937.0 224.42
195 9423.0 814.81
150 6170.0 152.93
235 9109.0 248.57
25 261.0 912.57
229 8821.0 114.35
110 9258.0 175.11
40 6528.0 173.77
132 9930.0 73.79
283 2433.0 381.48
25 2206.0 555.76
139 24.0 563.65
140 6731.0 218.39
151 8991.0 543.25
271 2072.0 426.93
249 7627.0 877.67
47 2212.0 330.44
263 8452.0 216.92
224 7050.0 384.87
81 4945.0 121.4
111 4929.0 439.69
33 4308.0 72.97
189 3473.0 808.89
116 3250.0 937.29
115 6045.0 240.97
77 7023.0 397.7
58 4110.0 870.92
234 6019.0 47.46
162 4220.0 782.45
287 1427.0 317.09
46 2243.0 787.44
273 5999.0 457.59
196 6565.0 447.23
251 770.0 814.0
184 9709.0 165.71
90 8015.0 553.22
45 6382.0 590.02
133 131.0 14.76
253 3847.0 967.34
249 6028.0 103.29
86 1036.0 792.88
40 2448.0 288.78
259 606.0 40.05
65 2298.0 739.7
62 2549.0 234.65
51 928.0 560.45
187 4791.0 227.28
95 8813.0 741.24
118 8076.0 135.58
150 2609.0 937.59
158 7612.0 143.09
248 5939.0 183.42
244 5642.0 495.17
259 2691.0 24.42
258 7998.0 46.97
205 7322.0 560.61
8 9084.0 112.07
183 7145.0 436.71
42 8949.0 460.45
111 451.0 822.28
202 6291.0 148.62
253 8894.0 472.2
298 4527.0 506.54
110 5326.0 474.24
70 4340.0 219.74
228 4291.0 774.83
217 7024.0 288.96
250 132.0 509.97
283 7070.0 465.13
189 7830.0 661.77
208 741.0 69.17
3 5107.0 28.11
271 5483.0 761.37
74 1510.0 392.47
166 4363.0 177.02
4 5536.0 361.24
12 9135.0 960.95
167 7620.0 268.14
298 396.0 80.47
85 3112.0 288.15
180 541.0 857.05
60 1913.0 347.44
267 5107.0 842.44
183 9929.0 815.58
24 224.0 928.01
271 3892.0 430.64
203 7337.0 181.65
201 5485.0 622.36
38 3104.0 362.44
205 2632.0 764.51
33 4984.0 885.77
216 3325.0 590.44
88 5860.0 514.83
271 6944.0 656.87
95 1686.0 403.57
87 7718.0 581.8
209 8106.0 213.94
26 154.0 35.96
152 6262.0 779.76
248 7115.0 261.74
6 1558.0 372.27
274 1166.0 560.76
210 1581.0 884.65
24 9394.0 15.82
291 2708.0 519.7
223 4281.0 993.55
82 9668.0 200.66
69 2461.0 557.48
40 341.0 435.35
136 6955.0 597.52
150 554.0 123.57
148 8569.0 106.79
73 5122.0 738.17
249 8990.0 918.04
50 2459.0 553.7
53 4206.0 873.87
156 8786.0 569.56
227 4560.0 735.17
49 4433.0 472.52
48 6527.0 976.36
94 9794.0 110.89
40 2832.0 904.81
274 1711.0 211.95
231 422.0 465.97
141 9022.0 48.06
52 273.0 739.68
11 5773.0 653.11
142 3006.0 832.71
167 6728.0 851.03
24 3819.0 380.5
3 2450.0 614.43
165 7166.0 321.81
77 710.0 687.92
256 1676.0 131.74
233 2621.0 585.01
231 4687.0 602.73
224 4813.0 340.42
159 7147.0 997.39
41 9414.0 792.76
154 3802.0 688.5
104 2358.0 232.63
176 4829.0 989.19
189 6929.0 461.85
65 2473.0 191.98
176 2627.0 265.34
11 6470.0 857.88
148 1327.0 741.3
192 2229.0 209.11
177 6231.0 879.99
211 8769.0 475.34
291 9763.0 821.11
92 8850.0 483.58
280 6104.0 748.97
186 2169.0 984.51
216 3549.0 327.96
15 9182.0 442.87
144 7247.0 968.74
250 1683.0 937.33
219 5988.0 544.47
91 7553.0 188.55
254 5134.0 981.09
52 1871.0 607.4
132 7605.0 669.34
35 2149.0 55.73
229 4853.0 535.69
109 4935.0 11.57
2 245.0 873.22
290 9468.0 352.79
267 7188.0 115.79
178 4176.0 167.86
150 1710.0 413.63
254 455.0 211.67
189 4109.0 236.58
81 7894.0 687.69
56 6736.0 531.58
139 9255.0 17.76
71 6845.0 263.45
148 9195.0 915.26
73 1351.0 205.46
65 713.0 419.27
271 2990.0 951.46
285 481.0 751.59
280 5973.0 898.97
153 3534.0 804.48
163 6559.0 736.54
190 367.0 245.57
9 576.0 801.22
222 6661.0 466.76
244 3775.0 521.03
96 2594.0 732.88
3 894.0 775.01
241 3114.0 759.81
97 5465.0 941.02
200 1708.0 807.6
5 2546.0 170.44
57 9830.0 810.71
28 2045.0 218.98
45 7798.0 637.56
140 8074.0 953.22
148 5559.0 98.38
11 5830.0 359.11
157 4025.0 282.61
272 6814.0 628.09
257 3057.0 235.94
51 4456.0 31.55
208 7388.0 632.4
31 8384.0 362.94
2 5885.0 527.1
236 3099.0 986.72
79 5640.0 164.61
15 9136.0 114.05
197 942.0 922.69
185 8997.0 92.86
154 4346.0 393.41
241 9240.0 741.87
39 6042.0 441.07
203 3321.0 649.4
139 8603.0 847.86
191 957.0 664.85
224 8413.0 973.08
253 2155.0 738.76
63 7105.0 905.67
72 4560.0 445.93
62 496.0 747.91
59 9873.0 353.94
21 5769.0 657.22
184 852.0 596.82
229 3114.0 938.92
84 3271.0 561.35
100 1780.0 274.31
77 1549.0 784.64
122 4469.0 701.91
113 5683.0 141.49
82 9102.0 941.86
173 5349.0 41.68
13 7690.0 82.0
85 1449.0 641.18
255 5599.0 38.06
220 1382.0 27.14
52 3897.0 383.29
132 8736.0 596.5
214 1994.0 210.64
78 5470.0 370.28
227 4203.0 274.19
31 3739.0 791.81
93 9890.0 192.36
88 6197.0 497.18
275 8353.0 647.11
68 5818.0 955.2
60 4608.0 472.16
6 1055.0 225.15
229 2347.0 803.53
104 2584.0 83.07
280 4316.0 372.87
77 225.0 764.92
68 3952.0 376.8
263 9772.0 833.24
213 3570.0 92.22
109 3106.0 95.36
49 5441.0 371.96
73 9287.0 312.64
29 5563.0 198.5
240 37.0 458.04
239 9715.0 546.16
77 7783.0 635.45
8 7803.0 193.82
244 9424.0 233.96
227 9310.0 776.5
151 1757.0 215.42
24 7341.0 790.21
269 51.0 148.86
268 221.0 212.21
74 7078.0 68.86
282 1476.0 716.27
280 626.0 907.9
194 2499.0 332.37
22 7797.0 331.12
130 5514.0 194.46
60 6993.0 362.87
98 8057.0 978.44
119 9822.0 414.02
297 6767.0 922.01
263 1140.0 670.79
180 5380.0 65.91
115 6905.0 274.18
122 7171.0 507.12
203 2571.0 138.98
45 1766.0 943.73
227 3607.0 793.36
82 9360.0 830.13
244 7159.0 661.14
90 1137.0 271.32
245 2378.0 989.48
92 4691.0 271.33
124 6482.0 226.82
291 7253.0 509.21
183 2463.0 528.07
283 2726.0 338.03
133 3515.0 432.53
277 4464.0 617.59
293 4335.0 591.17
189 1866.0 939.76
84 2312.0 784.5
176 2046.0 282.12
217 5850.0 626.67
38 5618.0 889.7
56 2782.0 12.34
95 3551.0 242.53
277 9742.0 654.52
59 4528.0 951.14
290 3938.0 605.48
209 1448.0 667.08
43 1470.0 561.21
3 8141.0 712.07
171 1524.0 706.78
13 9114.0 512.68
242 3686.0 620.09
234 120.0 606.76
28 1195.0 391.74
176 9806.0 276.43
222 6188.0 256.23
86 4793.0 847.36
292 960.0 450.45
25 2196.0 377.96
223 3641.0 652.65
2 3283.0 83.71
246 6127.0 50.66
183 9043.0 44.64
293 2916.0 773.03
57 8157.0 407.4
294 7431.0 858.77
198 6362.0 809.7
222 9069.0 288.88
185 8233.0 109.25
296 3649.0 790.05
55 4940.0 821.19
83 225.0 441.95
254 6705.0 856.91
2 2974.0 394.86
299 4042.0 557.07
22 7459.0 936.65
170 244.0 531.55
145 4478.0 764.12
40 9164.0 730.33
64 171.0 506.93
269 5924.0 416.23
6 540.0 949.7
256 8446.0 681.8
258 862.0 440.36
61 8589.0 457.57
245 7197.0 264.18
275 4361.0 892.7
37 1986.0 961.19
51 8595.0 117.37
188 7995.0 281.91
24 9964.0 872.29
293 7926.0 269.46
47 3678.0 322.01
229 87.0 52.0
256 5120.0 271.38
231 8116.0 209.67
122 8656.0 600.2
196 5435.0 175.43
75 9195.0 297.65
158 7290.0 494.78
44 6685.0 429.79
267 4814.0 311.26
130 7871.0 244.66
54 9764.0 945.86
89 1626.0 42.46
277 4264.0 238.69
82 9579.0 349.0
184 3084.0 218.96
178 9391.0 529.13
253 1979.0 950.85
141 2793.0 112.23
10 8984.0 768.9
105 5838.0 809.38
163 2813.0 167.17
22 8473.0 683.57
76 8257.0 903.07
7 5236.0 298.98
75 3847.0 818.89
17 5042.0 833.36
189 6575.0 15.11
172 3051.0 785.58
57 266.0 291.63
194 3130.0 440.83
241 9589.0 107.97
249 4532.0 697.51
164 8530.0 404.06
42 6767.0 956.17
173 2607.0 615.41
58 14.0 623.58
148 6202.0 327.77
91 4407.0 583.96
23 7354.0 302.15
273 8180.0 474.06
256 1624.0 634.63
10 5726.0 824.12
104 3990.0 946.7
246 6850.0 989.2
151 1920.0 71.45
99 2791.0 166.14
137 9008.0 321.65
32 454.0 284.39
140 2973.0 918.27
66 6121.0 203.1
169 8679.0 110.09
114 8755.0 388.65
149 8589.0 164.81
154 844.0 907.87
253 466.0 647.83
216 5444.0 51.33
204 4822.0 227.7
111 130.0 923.64
262 3584.0 938.1
75 9452.0 997.67
245 7231.0 720.76
107 1388.0 769.63
48 478.0 855.42
238 9341.0 640.53
136 4082.0 171.89
20 6811.0 975.31
10 1926.0 993.45
129 2973.0 78.2
179 6829.0 83.14
50 409.0 852.66
39 4112.0 13.46
202 1782.0 292.08
148 9257.0 430.13
64 9899.0 487.94
128 10.0 417.69
227 2042.0 811.38
142 8500.0 575.49
79 6090.0 857.82
138 8253.0 61.57
20 9947.0 742.12
38 6229.0 676.21
20 313.0 917.44
289 717.0 906.33
64 3106.0 33.22
257 9607.0 896.31
221 9645.0 683.49
119 3592.0 778.89
89 3519.0 133.77
75 6240.0 775.09
269 7297.0 744.76
277 3014.0 902.24
25 7055.0 743.56
28 2510.0 312.34
85 5312.0 657.99
239 9158.0 327.8
129 3760.0 395.9
276 6035.0 194.78
170 2854.0 49.28
73 4281.0 272.39
44 5929.0 611.35
38 4824.0 161.47
220 3769.0 37.35
91 719.0 106.75
280 7834.0 819.79
286 8254.0 271.75
148 1762.0 962.24
110 3951.0 837.86
198 848.0 392.68
254 934.0 833.02
95 1848.0 156.2
204 9748.0 190.99
249 4610.0 663.82
7 5061.0 124.31
226 5844.0 719.8
57 6833.0 574.43
93 3750.0 158.83
152 8405.0 431.84
220 4553.0 761.31
46 9696.0 68.23
286 5029.0 32.35
167 6097.0 282.28
155 5184.0 862.48
99 4325.0 656.35
237 6191.0 188.21
126 3643.0 490.68
127 5588.0 750.43
64 7017.0 697.64
157 7147.0 768.45
183 9425.0 189.0
206 3608.0 843.93
288 1679.0 958.89
215 8119.0 209.39
182 9968.0 655.24
58 8775.0 359.59
82 2317.0 726.93
231 6636.0 115.84
65 6356.0 232.99
195 2207.0 687.95
105 2494.0 944.56
275 922.0 896.58
268 1429.0 797.01
170 670.0 223.51
28 6780.0 712.6
135 4047.0 513.18
92 3619.0 999.39
249 1695.0 744.72
53 8899.0 792.81
230 7387.0 276.06
38 3825.0 785.18
172 4838.0 102.07
86 8417.0 742.5
151 7226.0 61.14
211 2859.0 991.36
46 6388.0 171.72
257 9112.0 277.53
66 7576.0 725.95
123 6322.0 1.42
80 4310.0 672.24
187 304.0 97.68
178 7648.0 850.51
144 1828.0 333.5
75 2481.0 798.38
60 2877.0 77.64
69 6619.0 712.84
284 9175.0 788.16
58 6633.0 567.09
278 6108.0 286.71
128 7776.0 283.23
255 9943.0 130.2
239 351.0 49.19
237 7942.0 965.0
246 7782.0 550.72
173 5911.0 134.24
193 1283.0 294.52
132 7204.0 427.0
78 2838.0 833.74
199 521.0 884.81
271 9753.0 960.12
227 3435.0 592.63
247 5755.0 82.3
258 2371.0 349.15
41 3587.0 611.18
192 6922.0 203.45
236 8284.0 259.43
106 2803.0 983.78
50 9167.0 385.59
256 3263.0 378.1
250 6608.0 963.4
40 4647.0 712.79
8 8727.0 38.52
11 6151.0 266.31
123 9721.0 785.18
125 1841.0 172.43
124 2809.0 130.34
234 2496.0 613.44
52 3902.0 719.59
70 5815.0 451.44
136 2822.0 375.59
244 8238.0 845.56
218 9452.0 980.41
274 4846.0 127.22
156 7176.0 793.89
106 6630.0 667.67
26 401.0 184.43
210 8660.0 906.06
280 1339.0 555.04
73 7930.0 123.81
291 7681.0 519.81
150 3796.0 655.84
231 8068.0 33.57
184 3437.0 665.3
245 1965.0 582.54
146 6513.0 884.12
259 1848.0 347.38
277 5912.0 129.09
77 3846.0 319.33
292 2002.0 474.48
300 5245.0 620.52
248 8493.0 906.89
112 9213.0 501.97
73 2157.0 10.58
37 3714.0 689.66
183 104.0 166.91
69 4715.0 464.9
177 1139.0 262.84
193 1449.0 619.15
96 6314.0 607.87
174 9762.0 618.48
257 1768.0 448.19
258 8426.0 647.17
75 4892.0 426.67
4 8311.0 2.84
289 6535.0 353.12
41 7450.0 516.13
212 7762.0 71.25
55 2145.0 443.1
252 2491.0 166.53
88 2293.0 643.61
223 6590.0 175.58
139 661.0 340.22
164 2179.0 684.24
91 5371.0 820.36
228 6072.0 200.32
144 329.0 569.32
289 9334.0 821.74
187 7916.0 552.33
79 3931.0 126.16
222 1198.0 399.41
177 2531.0 756.69
279 1470.0 795.75
127 6238.0 413.23
100 6625.0 620.85
107 1024.0 301.28
229 7637.0 529.0
109 6999.0 163.77
197 4072.0 723.32
238 4126.0 988.52
36 2570.0 49.76
19 9728.0 740.96
149 9436.0 88.85
238 8721.0 909.55
15 210.0 778.94
180 8048.0 679.93
270 1674.0 741.24
138 2522.0 899.29
128 573.0 626.14
99 9394.0 265.21
155 456.0 961.7
115 7905.0 930.89
99 9459.0 727.38
232 3910.0 111.51
250 7830.0 758.17
142 3354.0 260.45
187 1787.0 241.36
145 6141.0 887.69
282 7668.0 124.47
243 6895.0 824.41
200 6562.0 192.8
84 1465.0 373.55
80 124.0 685.27
82 5090.0 705.66
2 7047.0 116.36
247 8543.0 863.29
220 4288.0 811.28
187 7241.0 206.79
190 6371.0 861.49
51 9692.0 753.15
117 5470.0 216.36
30 7316.0 878.2
120 2187.0 252.44
267 2832.0 934.68
296 3848.0 231.68
110 5567.0 623.44
23 9156.0 748.04
265 4010.0 123.89
114 5893.0 921.22
31 2266.0 176.62
115 7982.0 926.72
139 223.0 503.34
162 4563.0 451.92
39 8663.0 67.53
283 648.0 533.54
266 5778.0 463.66
222 4585.0 389.61
79 6259.0 832.61
120 9483.0 128.06
246 1000.0 223.55
33 4797.0 282.94
62 7528.0 745.31
182 3259.0 569.13
44 1742.0 924.42
80 9953.0 98.56
257 5239.0 83.6
187 2098.0 738.59
3 7070.0 337.01
27 4627.0 738.17
82 8845.0 854.6
12 2710.0 347.38
230 9873.0 663.49
139 9359.0 349.97
116 1832.0 517.48
285 66.0 498.21
76 2650.0 821.4
75 302.0 323.85
44 5828.0 222.64
112 6288.0 315.75
83 2706.0 232.31
159 8170.0 302.29
130 7642.0 859.31
53 10000.0 972.1
16 8623.0 999.62
66 4248.0 80.85
218 2697.0 753.01
292 9668.0 147.27
10 2674.0 4.91
129 9407.0 555.35
200 6972.0 35.46
6 5532.0 415.14
199 469.0 169.52
126 2821.0 214.54
220 9651.0 578.13
30 6373.0 356.43
285 6323.0 711.8
77 2753.0 701.11
90 661.0 939.0
287 6329.0 367.26
208 9634.0 119.82
192 9466.0 509.32
243 5528.0 544.67
265 8979.0 576.45
297 7073.0 826.04
226 4643.0 939.64
300 7519.0 908.66
51 3081.0 660.42
103 8148.0 208.24
203 9211.0 665.27
65 1312.0 207.96
167 7386.0 900.49
8 8306.0 386.11
25 9207.0 495.49
181 399.0 68.07
195 7696.0 740.98
154 258.0 498.67
245 5775.0 855.65
101 6213.0 784.36
133 8301.0 890.37
207 8453.0 267.0
178 6065.0 862.77
245 7377.0 897.13
256 9446.0 680.76
14 1394.0 444.2
117 9682.0 144.47
241 3773.0 358.45
99 5891.0 565.49
273 60.0 439.84
242 9751.0 288.11
25 2500.0 290.61
130 2622.0 987.22
49 6985.0 649.77
217 2865.0 911.51
72 3632.0 512.8
41 9265.0 269.29
120 6782.0 112.54
76 4208.0 106.02
167 7706.0 705.74
13 8636.0 787.41
247 5656.0 884.72
157 9974.0 457.84
166 4029.0 505.98
99 7167.0 725.17
153 2861.0 931.94
179 6418.0 364.91
292 8901.0 454.91
51 2043.0 634.59
270 4395.0 948.26
246 3686.0 21.34
155 2200.0 682.64
184 9448.0 372.74
70 3043.0 25.73
166 4331.0 175.39
278 434.0 949.02
105 1408.0 667.37
17 5643.0 782.24
294 3067.0 557.59
113 8469.0 93.5
147 5279.0 265.33
189 2175.0 278.1
219 5951.0 305.27
86 3862.0 223.18
259 6061.0 558.89
196 9760.0 222.12
10 8008.0 505.89
115 6467.0 323.07
149 1786.0 85.02
80 8886.0 92.66
198 2336.0 593.3
280 7976.0 238.43
65 8781.0 758.56
101 174.0 549.09
210 8851.0 322.65
114 5201.0 958.85
226 490.0 731.72
218 386.0 534.92
296 7352.0 352.4
265 4178.0 103.46
19 2954.0 350.13
151 1458.0 38.43
49 3995.0 497.24
201 8034.0 20.08
144 8821.0 564.21
159 8352.0 585.72
33 8900.0 376.82
3 5066.0 571.08
293 1675.0 317.67
32 2327.0 737.72
222 530.0 514.5
249 9372.0 22.07
188 2355.0 495.1
47 9856.0 898.51
136 4904.0 591.93
59 5793.0 881.24
34 4602.0 759.68
151 8245.0 908.3
233 3817.0 180.32
287 677.0 260.69
293 6853.0 625.6
192 4727.0 74.54
196 3025.0 668.01
277 5929.0 413.7
209 4697.0 654.43
75 5004.0 888.38
126 1774.0 180.1
105 8090.0 163.18
212 6252.0 648.37
148 8560.0 64.12
11 9584.0 979.02
265 1885.0 962.19
110 1511.0 719.17
205 7059.0 184.85
74 3586.0 383.95
266 5428.0 649.6
213 94.0 740.62
244 2716.0 960.84
230 4975.0 168.16
181 6478.0 399.01
63 7747.0 829.41
4 4358.0 373.19
260 8312.0 100.9
65 8209.0 397.05
42 2247.0 237.05
219 8823.0 734.15
221 5313.0 294.55
295 1882.0 822.91
224 4101.0 180.74
146 4602.0 952.37
21 8214.0 471.17
92 2048.0 781.22
190 5558.0 269.91
179 7417.0 186.23
88 5553.0 154.04
181 1859.0 847.27
245 5988.0 239.92
93 1848.0 455.3
189 3075.0 722.42
83 4392.0 291.44
37 4478.0 454.05
155 3070.0 744.33
65 8750.0 113.64
236 929.0 995.88
185 5530.0 853.34
79 9581.0 692.52
8 4758.0 111.08
112 441.0 394.14
177 5133.0 556.29
263 5590.0 567.2
193 1238.0 56.81
12 5213.0 884.7
179 9730.0 105.69
256 7654.0 609.03
234 1489.0 866.83
83 8189.0 542.16
94 5943.0 925.07
95 438.0 11.07
35 2743.0 497.14
98 2848.0 650.73
37 2250.0 532.71
296 9147.0 180.99
204 5773.0 603.51
158 3133.0 58.39
26 2850.0 552.66
186 292.0 237.5
123 7324.0 582.43
269 6700.0 972.14
235 6434.0 170.82
39 5818.0 388.33
160 2523.0 241.06
120 4872.0 449.53
23 5606.0 841.63
139 2732.0 369.29
63 5805.0 946.64
186 583.0 238.53
99 5728.0 440.37
193 3033.0 353.39
35 8261.0 215.74
227 9276.0 206.76
255 4107.0 382.52
267 7889.0 451.56
155 7652.0 910.98
114 841.0 786.2
52 7530.0 617.55
44 6775.0 693.93
85 3975.0 826.72
124 3777.0 912.88
289 949.0 960.56
261 4953.0 816.39
221 8670.0 593.55
68 4049.0 793.94
16 3887.0 679.21
275 4283.0 608.83
90 2385.0 704.85
39 4482.0 366.84
213 153.0 653.77
10 9273.0 858.49
68 4351.0 15.24
245 4682.0 930.92
32 1813.0 157.54
99 4957.0 134.76
252 9114.0 617.7
214 882.0 231.14
216 7150.0 755.15
247 6264.0 266.39
99 5594.0 321.9
19 7364.0 643.52
278 3262.0 627.29
292 3031.0 500.16
223 7033.0 377.46
236 6067.0 372.07
165 5047.0 197.41
245 3400.0 126.05
14 1899.0 179.21
64 5624.0 263.23
198 6305.0 174.27
50 8777.0 137.54
139 8687.0 888.41
132 2795.0 923.31
220 1168.0 681.16
250 8812.0 792.62
231 4854.0 45.54
291 2280.0 133.8
252 1511.0 578.29
129 1841.0 962.37
150 1122.0 956.73
4 5778.0 748.76
125 8551.0 149.02
205 5520.0 931.56
94 3429.0 45.04
37 2584.0 815.46
70 6543.0 361.45
80 1536.0 487.32
201 5201.0 915.07
24 9024.0 102.38
128 4461.0 291.57
124 1593.0 866.07
5 9139.0 993.12
86 1918.0 18.73
214 6191.0 226.19
248 2787.0 811.99
75 1028.0 619.3
240 488.0 739.85
288 5281.0 63.52
26 9308.0 889.66
118 9997.0 861.63
46 161.0 891.0
48 9791.0 208.43
98 8644.0 693.5
3 947.0 57.32
161 2859.0 852.95
206 3490.0 835.29
62 7338.0 88.14
192 402.0 86.43
297 516.0 223.46
6 1376.0 339.01
35 4506.0 53.25
197 7766.0 935.27
278 7805.0 123.6
32 4409.0 951.74
59 9975.0 788.4
91 4915.0 672.39
114 7665.0 364.24
47 2885.0 907.07
68 5352.0 944.84
156 5545.0 733.2
203 4850.0 845.98
66 5036.0 86.18
273 6212.0 374.42
227 4694.0 584.38
81 6462.0 856.27
92 428.0 397.56
136 6854.0 38.48
196 3007.0 451.94
3 1214.0 870.47
121 8697.0 404.12
162 684.0 489.72
297 6884.0 401.88
172 8073.0 455.96
43 3350.0 896.42
80 1335.0 912.76
205 519.0 819.15
24 2715.0 857.32
102 2423.0 175.73
219 6975.0 611.66
55 794.0 171.84
116 9695.0 971.4
144 5337.0 361.43
261 6268.0 182.06
178 3930.0 553.07
74 333.0 99.99
169 3810.0 172.94
64 1919.0 804.96
63 6528.0 617.96
178 8505.0 443.79
11 7783.0 467.33
276 6970.0 525.36
42 5973.0 805.45
267 6957.0 63.03
138 4832.0 905.68
6 9313.0 681.57
197 3879.0 69.47
104 1715.0 164.57
249 1568.0 199.72
119 5261.0 800.51
158 1882.0 649.9
101 4699.0 79.77
183 5998.0 855.29
23 6142.0 820.2
174 5943.0 658.68
41 7886.0 82.88
273 84.0 180.33
213 323.0 175.32
274 5753.0 409.03
206 7801.0 711.27
293 8806.0 831.43
266 1265.0 951.63
56 5113.0 353.56
19 8941.0 226.64
30 1229.0 573.41
90 4817.0 767.31
27 4881.0 144.13
45 5324.0 891.38
251 9169.0 965.28
5 2475.0 346.05
49 5975.0 257.06
252 4843.0 85.57
205 6986.0 322.37
162 5152.0 929.03
292 8389.0 497.95
185 6788.0 199.95
69 1763.0 168.76
112 6973.0 484.06
40 3314.0 669.45
64 4436.0 671.69
202 6069.0 256.29
197 4770.0 845.74
295 4535.0 881.74
83 2487.0 715.55
268 1874.0 777.94
66 2411.0 874.73
122 5126.0 640.73
154 6562.0 845.37
119 9328.0 577.91
154 2440.0 279.72
10 9179.0 23.79
112 3190.0 414.57
234 9546.0 171.77
255 579.0 982.63
211 2428.0 971.43
19 6394.0 168.96
4 4737.0 679.31
102 4093.0 833.69
248 5327.0 262.17
23 2339.0 983.96
145 7368.0 737.04
226 493.0 243.85
131 1144.0 941.11
287 803.0 46.17
278 8879.0 401.29
195 3908.0 907.47
155 4200.0 621.17
74 9017.0 136.6
284 3283.0 114.08
250 7826.0 927.78
10 2210.0 404.21
20 5946.0 388.99
52 4863.0 806.08
227 6241.0 704.91
254 4698.0 803.9
79 7842.0 291.08
188 5101.0 673.43
282 6616.0 407.98
68 3619.0 340.74
255 180.0 438.57
10 1644.0 872.03
69 7037.0 639.58
225 3239.0 594.92
202 4142.0 816.02
233 5146.0 614.79
26 2378.0 480.52
277 7342.0 843.91
210 8609.0 995.74
152 7984.0 737.61
220 1579.0 47.22
95 5238.0 44.63
299 3368.0 908.88
184 3583.0 920.2
78 2941.0 833.72
67 180.0 140.92
130 7119.0 874.6
47 3314.0 614.15
83 867.0 892.32
274 8241.0 251.01
208 6870.0 281.01
185 5424.0 367.31
221 9831.0 67.89
69 6587.0 281.46
152 6770.0 378.4
104 7859.0 965.94
119 4500.0 402.28
280 9747.0 837.39
78 1116.0 360.39
226 1284.0 703.37
67 8362.0 681.04
38 4327.0 801.16
205 8858.0 790.52
77 7645.0 83.18
170 6679.0 602.99
108 3320.0 496.62
115 6098.0 865.78
138 890.0 392.99
39 1308.0 494.85
23 9762.0 96.57
185 7026.0 222.61
86 8011.0 999.33
164 8502.0 742.78
141 3282.0 963.95
71 1718.0 578.91
263 4354.0 662.51
241 4757.0 548.51
137 2478.0 620.34
176 7604.0 200.99
214 1659.0 327.0
210 3610.0 554.63
248 6481.0 424.42
222 5973.0 740.32
206 8748.0 866.44
292 8596.0 631.04
268 6259.0 385.47
234 5755.0 585.59
205 7206.0 594.09
43 8440.0 491.68
219 543.0 339.42
19 5095.0 400.65
279 8057.0 61.13
130 4851.0 788.4
190 6132.0 706.73
288 7749.0 986.42
188 4512.0 790.01
173 6634.0 961.42
1
300
1 1 8.96 0.0 20.89
9 28 5.56 404.05 462.17 112 3.62 952.29 1011.94 119 4.93 1091.08 1127.0 150 8.94 1057.22 1116.73 230 8.56 969.0 1031.17 231 7.56 930.66 977.27 256 7.59 752.75 795.93 292 2.02 847.18 907.71 298 3.85 904.98 942.74
9 14 5.55 1066.18 1102.38 82 4.9 1031.38 1089.51 155 7.97 1164.52 1224.62 160 3.59 1114.72 1160.05 173 8.69 867.13 927.34 195 8.42 1337.59 1375.6 232 6.71 1059.65 1097.66 279 9.28 956.7 1020.96 288 5.56 925.6 985.06
9 7 3.46 1127.92 1193.51 9 2.17 1633.06 1676.23 18 3.85 1106.31 1140.4 23 9.43 1278.24 1319.22 87 1.62 1347.8 1395.77 154 7.64 1213.24 1267.98 236 7.4 1298.66 1356.75 254 5.31 1334.97 1390.14 284 1.33 1390.8 1442.25
9 25 1.91 1796.85 1845.89 34 5.86 1628.84 1690.61 45 3.93 1658.72 1706.26 67 2.04 1569.37 1608.16 76 5.23 1367.66 1413.62 129 9.61 1404.55 1446.14 228 2.18 1715.33 1777.91 257 5.03 1628.96 1681.76 285 4.54 1550.74 1591.57
9 2 8.22 1924.0 1980.67 153 3.5 2274.05 2309.31 163 9.49 2161.37 2214.94 187 8.02 1946.98 1987.75 196 6.12 1664.07 1709.72 224 2.11 2113.24 2173.41 233 3.53 2148.29 2196.65 246 1.69 1810.98 1860.97 296 2.51 2052.85 2117.6
9 4 5.87 2352.08 2391.02 24 8.94 2210.19 2272.96 33 3.43 2021.72 2075.0 57 9.52 2482.62 2516.22 61 1.16 2261.22 2303.22 133 8.6 2255.17 2302.56 149 4.67 2199.59 2258.86 207 3.89 2262.58 2308.5 226 3.17 2258.25 2306.94
9 52 3.17 2919.11 2968.15 58 2.05 2703.91 2758.93 68 1.08 2915.49 2960.35 111 4.92 2864.58 2908.67 164 7.84 2606.72 2650.88 166 2.91 2700.85 2742.12 170 9.89 2597.87 2640.82 218 9.14 2957.01 3018.96 283 4.5 2529.81 2576.83
9 60 1.37 3077.45 3123.68 89 2.51 2992.7 3046.75 132 7.22 2911.65 2960.99 152 6.38 3163.1 3197.39 174 3.19 3240.04 3285.76 205 9.62 2905.3 2971.86 206 8.8 2751.03 2788.3 239 4.58 3161.36 3197.08 268 9.15 2701.66 2743.85
9 11 2.53 3084.66 3133.64 42 7.98 3347.97 3390.74 65 9.2 3113.66 3157.77 66 3.34 3331.27 3370.05 146 8.82 3224.15 3284.03 151 8.34 3151.08 3207.09 222 7.76 3504.25 3554.36 249 6.94 3111.82 3160.42 250 9.91 3302.77 3358.43
9 99 8.26 3501.54 3536.77 100 9.73 3817.65 3884.25 101 5.27 3521.21 3571.03 121 4.98 3734.88 3798.34 144 9.92 3134.89 3199.71 172 5.56 3645.59 3703.04 200 4.08 3604.23 3642.05 216 5.46 3525.63 3590.16 223 8.38 3725.53 3779.69
1 300 7.84 3784.69 3823.15
