300 4500 0 1 22
14
24
5
17
7
3
20
15
14
23
15
23
26
13
19
29
5
2
17
17
17
8
27
8
17
18
22
5
5
20
13
12
21
7
19
29
3
28
11
17
6
16
29
6
13
10
24
10
8
5
16
12
21
3
12
28
4
6
24
3
10
14
29
27
27
22
12
10
10
4
2
5
5
6
9
20
7
24
20
25
8
17
6
24
26
28
5
20
2
7
12
29
28
20
9
13
14
19
15
9
11
15
27
13
13
4
7
26
16
21
10
10
21
3
8
6
9
6
10
27
29
18
6
21
21
3
12
26
26
8
4
15
23
14
28
12
11
15
26
19
13
12
6
26
16
13
26
22
7
10
13
26
29
21
24
4
12
2
25
24
14
18
27
23
6
21
21
2
29
16
12
22
19
11
20
5
26
11
2
6
3
23
6
26
18
27
24
8
21
4
22
26
12
6
2
12
11
15
20
3
29
24
15
9
10
22
27
16
14
22
9
19
3
26
23
12
16
15
21
17
21
16
22
23
19
6
11
17
14
19
16
24
8
17
8
27
22
22
9
14
3
9
24
18
14
13
13
16
2
6
6
26
19
13
4
4
11
5
22
21
26
26
16
5
16
7
17
23
15
23
17
22
15
14
11
4
2
10
14
25
6
3
26
16
17
7
13
10
12
4
19
19
17
12
25
7
19
19
7
0
299 2212.0 40.53
36 6256.0 597.9
223 3626.0 542.74
86 6342.0 58.1
2 7454.0 631.9
28 7651.0 424.15
236 3852.0 842.42
85 2289.0 906.4
131 7658.0 423.73
251 9549.0 655.87
56 9826.0 930.5
194 1298.0 345.04
298 2753.0 255.36
126 7075.0 445.23
32 3243.0 790.4
61 5907.0 695.72
144 329.0 558.12
208 8398.0 288.14
13 1526.0 146.67
129 5615.0 579.68
153 6268.0 564.99
151 4250.0 147.27
280 6223.0 151.02
166 2838.0 20.91
83 1978.0 554.85
125 3473.0 687.64
207 5430.0 388.76
262 5209.0 928.86
48 3748.0 180.61
92 8229.0 190.72
221 4060.0 476.69
224 1385.0 257.83
266 3669.0 980.43
87 8615.0 985.49
182 1139.0 160.38
257 2527.0 670.4
123 3911.0 768.0
57 4242.0 838.34
197 6344.0 173.38
118 249.0 130.9
275 4446.0 317.41
57 6632.0 882.98
271 3952.0 400.4
93 8559.0 418.46
31 6700.0 516.42
74 7707.0 495.55
108 5770.0 116.32
3 3026.0 758.12
244 1774.0 144.75
246 3585.0 214.86
267 2732.0 196.01
223 2917.0 596.32
186 30.0 843.12
248 2411.0 864.03
69 944.0 529.98
44 7346.0 540.74
280 2878.0 533.53
25 2102.0 116.9
54 6679.0 950.32
131 5417.0 797.76
119 5760.0 279.07
141 2882.0 553.55
109 9823.0 302.15
104 9202.0 3.74
162 3954.0 70.79
46 8232.0 199.0
271 5827.0 48.25
268 6065.0 414.12
148 7594.0 892.44
107 972.0 408.91
199 1805.0 773.26
282 9566.0 693.48
124 2138.0 76.04
75 8933.0 6.63
248 867.0 275.28
275 1488.0 673.87
225 7338.0 903.5
65 3343.0 331.09
274 4920.0 227.4
26 2403.0 803.58
19 1328.0 601.35
13 6101.0 748.27
122 6048.0 665.6
293 1160.0 155.37
90 1858.0 605.38
23 1768.0 486.16
224 3357.0 49.98
247 8237.0 685.0
287 8000.0 712.7
3 5054.0 737.9
4 5663.0 564.7
11 7154.0 335.73
205 3744.0 997.02
117 8997.0 839.92
265 6642.0 851.37
85 1873.0 662.46
168 2226.0 785.64
224 4940.0 805.18
58 4394.0 405.65
161 6033.0 801.6
37 1705.0 626.36
143 7399.0 97.53
251 5421.0 831.4
231 9980.0 570.51
69 9175.0 600.14
276 2013.0 454.23
27 4474.0 741.2
133 1834.0 375.08
264 3264.0 102.53
232 3267.0 590.64
218 5889.0 969.89
96 6984.0 104.0
109 4677.0 276.73
219 5849.0 645.77
107 8100.0 445.15
80 9067.0 575.36
296 3512.0 687.19
241 9700.0 717.76
280 1554.0 960.39
260 8282.0 775.49
75 1344.0 507.34
164 8381.0 952.16
235 4273.0 104.18
100 5491.0 827.3
65 3019.0 487.68
175 5696.0 275.32
201 1130.0 624.27
128 7132.0 341.89
131 6692.0 786.24
283 8699.0 71.16
291 3223.0 500.36
26 7097.0 57.53
189 162.0 404.9
182 460.0 669.01
17 7147.0 596.73
107 515.0 487.75
54 900.0 306.76
32 8844.0 687.33
136 2316.0 37.3
231 2324.0 560.91
155 7207.0 860.6
230 2802.0 105.98
175 5179.0 378.98
130 2525.0 420.18
101 8890.0 966.67
256 2674.0 451.19
269 2345.0 394.21
279 1925.0 454.64
272 6940.0 624.21
10 1509.0 830.79
277 4002.0 255.72
33 1356.0 4.75
105 882.0 453.04
151 5157.0 596.44
299 9079.0 980.23
294 2300.0 126.43
38 942.0 331.79
157 9097.0 108.12
209 4749.0 491.99
20 544.0 329.65
93 6649.0 185.01
33 7507.0 648.94
50 6913.0 331.71
145 9313.0 702.09
99 9266.0 198.9
3 2937.0 983.37
128 4308.0 95.28
16 2857.0 334.59
244 4656.0 949.97
136 9330.0 126.82
261 57.0 488.7
297 2752.0 751.81
83 6443.0 574.07
181 9724.0 444.82
283 7074.0 10.24
94 4118.0 650.62
101 3278.0 731.66
230 2448.0 992.92
205 2392.0 589.06
115 1323.0 943.2
7 3555.0 542.58
128 273.0 331.79
201 8507.0 910.99
95 6601.0 280.84
8 4422.0 647.59
84 3661.0 740.43
51 2473.0 181.55
47 756.0 680.58
40 4703.0 814.0
130 8123.0 148.53
183 2506.0 619.95
274 2736.0 222.7
18 5056.0 78.05
157 5162.0 696.69
30 7105.0 686.73
146 1828.0 503.04
193 7547.0 776.26
3 5881.0 552.82
65 1462.0 461.85
298 9568.0 822.85
185 7398.0 206.36
246 1236.0 444.57
153 32.0 575.66
26 426.0 609.22
171 7783.0 454.36
164 7353.0 908.13
5 964.0 405.28
282 6415.0 738.37
33 6685.0 938.67
266 9964.0 269.85
10 2430.0 228.63
251 2531.0 261.0
18 6574.0 842.64
184 2674.0 811.07
218 4673.0 908.54
287 6529.0 955.69
211 3050.0 685.84
290 9398.0 357.16
283 1539.0 665.53
97 2956.0 924.23
35 5789.0 10.53
287 5981.0 35.25
260 3970.0 924.92
29 9379.0 703.76
297 3217.0 596.37
121 5746.0 466.51
282 5005.0 557.41
299 5647.0 897.81
91 139.0 997.07
234 8491.0 453.59
258 5373.0 782.35
3 5223.0 926.83
269 2575.0 791.42
254 3390.0 918.07
192 2846.0 660.43
62 3950.0 554.25
205 9248.0 143.03
61 7160.0 749.77
90 6115.0 789.6
298 7416.0 476.86
112 3794.0 321.41
55 3177.0 477.47
191 7973.0 282.5
265 5354.0 902.23
79 8635.0 602.06
2 7585.0 340.83
287 1981.0 400.41
199 4074.0 785.3
129 8081.0 912.4
76 3741.0 456.94
288 3035.0 504.24
165 4896.0 867.55
167 9238.0 391.94
149 9490.0 294.55
105 2650.0 203.63
41 7264.0 480.13
7 857.0 469.96
114 5587.0 506.97
132 8636.0 42.79
220 7629.0 996.67
183 4780.0 637.36
111 8574.0 697.27
106 6701.0 602.62
21 9283.0 664.67
176 7874.0 468.1
54 3251.0 318.85
279 8470.0 666.25
69 8795.0 112.92
139 1268.0 826.4
247 1640.0 122.65
213 2257.0 703.94
16 9025.0 591.44
201 446.0 53.02
268 6328.0 317.08
127 5272.0 123.23
234 7194.0 317.91
261 3606.0 364.21
237 6282.0 297.06
289 1285.0 608.84
36 2657.0 996.03
172 9079.0 898.69
245 6784.0 747.93
211 4200.0 449.79
59 1230.0 901.95
62 8796.0 513.74
35 1630.0 209.8
57 8487.0 885.65
264 257.0 850.92
3 530.0 26.08
258 6485.0 738.24
137 7083.0 500.19
160 9347.0 94.58
140 3430.0 900.85
119 2013.0 844.83
210 5171.0 638.89
30 8563.0 956.45
195 5046.0 244.31
200 1176.0 432.66
94 7727.0 695.62
267 2073.0 673.31
209 161.0 582.23
145 703.0 372.59
272 2859.0 290.6
248 7179.0 50.86
222 4419.0 626.67
292 8095.0 572.99
199 3058.0 320.57
27 2839.0 828.26
67 541.0 768.12
283 3919.0 609.08
256 6168.0 957.5
285 5443.0 979.41
183 4069.0 237.36
125 129.0 185.31
289 844.0 818.27
165 4395.0 546.72
281 8877.0 549.35
168 2791.0 680.52
88 335.0 340.53
127 8666.0 744.23
58 8715.0 834.83
99 9810.0 970.05
95 512.0 494.48
118 9226.0 947.9
247 8481.0 966.7
212 7799.0 985.93
210 9881.0 415.51
8 1522.0 181.96
197 5426.0 715.33
270 6643.0 777.56
18 838.0 448.63
256 8116.0 510.22
185 8059.0 771.42
289 7054.0 501.13
144 9914.0 610.27
236 6349.0 604.01
93 4263.0 771.79
96 8914.0 427.64
43 6810.0 788.06
206 8883.0 489.17
204 176.0 1.58
149 3057.0 77.73
218 404.0 652.02
252 6671.0 167.66
173 3874.0 78.72
266 1669.0 388.27
295 6496.0 242.83
191 9037.0 800.88
9 4680.0 74.35
235 9129.0 257.97
201 3012.0 259.05
37 1921.0 732.65
239 1111.0 616.19
141 9032.0 495.94
52 2647.0 964.95
109 3128.0 854.28
177 8211.0 613.17
92 7076.0 718.1
205 623.0 543.63
145 6418.0 402.36
288 6760.0 994.55
172 5457.0 153.81
14 9603.0 510.2
127 8922.0 568.76
260 3858.0 413.39
208 384.0 835.1
218 3656.0 132.71
269 196.0 716.93
60 8042.0 885.15
37 6544.0 615.72
174 2679.0 598.76
168 9384.0 494.73
165 9447.0 598.95
54 2302.0 281.98
291 9954.0 431.55
182 5062.0 285.02
212 6983.0 825.01
68 8146.0 979.77
154 6138.0 347.5
52 9368.0 42.87
192 2837.0 505.6
213 4984.0 397.61
69 6019.0 681.46
126 9344.0 29.39
277 5194.0 710.84
216 8795.0 845.91
57 9011.0 468.05
78 1154.0 140.47
176 8297.0 371.83
249 2083.0 78.01
114 8362.0 466.02
3 9629.0 979.04
184 3909.0 338.11
128 8466.0 220.3
207 4010.0 89.71
253 9725.0 551.75
55 507.0 420.07
37 5927.0 956.2
255 8981.0 673.41
223 5562.0 145.5
56 6329.0 143.53
28 5050.0 244.16
192 1238.0 423.12
272 4937.0 981.81
208 769.0 811.87
69 2783.0 125.09
199 5920.0 364.97
216 8572.0 755.84
155 7813.0 7.51
295 8365.0 557.21
269 2295.0 423.65
232 4037.0 447.07
123 478.0 931.92
190 5550.0 233.31
233 327.0 992.19
163 9983.0 724.45
224 1223.0 866.06
156 3920.0 629.76
86 6651.0 131.07
115 4611.0 171.08
82 6938.0 26.88
31 8624.0 475.55
135 5536.0 828.39
279 3523.0 425.6
81 4874.0 339.14
37 1498.0 259.01
43 6468.0 670.04
190 6570.0 382.57
64 8159.0 710.51
206 9036.0 681.16
215 7587.0 625.74
265 3074.0 135.1
91 7588.0 137.35
51 7266.0 99.71
155 9192.0 533.83
191 8238.0 300.39
32 7751.0 632.98
146 2508.0 238.65
15 7042.0 234.41
100 9853.0 797.75
90 2781.0 793.64
103 8169.0 783.69
249 8342.0 253.63
272 1008.0 664.49
155 735.0 979.46
124 7146.0 458.3
134 4128.0 142.87
46 1942.0 180.6
75 5952.0 95.67
281 5332.0 190.27
76 45.0 39.29
242 1831.0 854.01
63 4829.0 582.27
105 5444.0 680.38
228 2445.0 192.65
261 8701.0 821.19
33 3101.0 191.95
283 6994.0 389.27
120 6640.0 739.74
182 8063.0 448.41
230 5872.0 421.96
52 602.0 846.55
89 7669.0 142.55
241 714.0 195.01
195 2697.0 918.21
254 3935.0 410.59
220 8327.0 372.79
162 7993.0 649.78
83 3715.0 398.28
22 5320.0 741.6
115 2526.0 255.23
231 8629.0 394.56
282 6034.0 739.83
18 1646.0 80.33
191 8625.0 512.45
44 172.0 914.28
218 9728.0 829.41
45 4310.0 26.86
294 541.0 399.46
209 8088.0 646.65
222 5700.0 604.81
28 685.0 820.63
44 6612.0 48.19
230 4720.0 226.99
229 7334.0 453.82
225 5273.0 195.64
264 6782.0 783.69
41 7387.0 413.72
289 4682.0 573.99
277 2615.0 893.55
7 5655.0 839.14
63 7304.0 709.06
269 5423.0 789.63
112 7717.0 140.09
139 1187.0 298.87
76 7502.0 358.82
297 3821.0 687.92
234 9606.0 320.68
218 3743.0 970.22
66 6344.0 325.89
58 5841.0 563.44
207 7453.0 233.83
183 8628.0 470.42
282 5983.0 112.69
204 6231.0 53.91
15 8548.0 221.9
115 5911.0 87.38
85 511.0 852.88
188 5148.0 644.22
159 1287.0 834.52
13 1649.0 230.35
183 2089.0 248.9
291 65.0 444.61
86 2783.0 437.95
18 1475.0 317.93
249 7043.0 750.13
96 4022.0 432.63
75 2564.0 790.75
39 2240.0 885.45
64 594.0 368.38
61 7878.0 838.11
93 5900.0 377.47
299 1796.0 91.23
115 7217.0 682.27
274 6221.0 70.13
44 3826.0 276.15
265 8527.0 12.73
20 3949.0 730.44
172 1850.0 848.29
216 3959.0 207.51
226 495.0 92.64
111 1979.0 295.25
67 4941.0 582.99
49 5842.0 830.96
155 7845.0 181.91
126 6530.0 420.16
121 440.0 578.1
270 8432.0 318.54
254 3221.0 926.56
91 874.0 428.87
35 9650.0 788.83
265 7044.0 148.63
68 7649.0 359.27
157 8997.0 63.64
255 3335.0 29.28
57 9362.0 545.72
19 9016.0 415.88
283 6703.0 947.77
222 21.0 499.82
134 6832.0 352.08
249 2914.0 860.14
143 5416.0 121.95
266 2798.0 357.98
65 2879.0 122.53
236 7125.0 976.5
225 5274.0 151.84
159 9720.0 794.24
8 1926.0 91.94
189 4221.0 854.16
46 4073.0 182.13
221 2164.0 269.33
155 2773.0 789.29
296 1343.0 650.94
292 3380.0 663.05
8 9602.0 267.61
52 1648.0 4.58
199 3726.0 247.59
214 3538.0 480.53
39 3881.0 705.5
54 9706.0 118.34
67 6577.0 462.52
136 5475.0 459.93
194 2492.0 93.98
284 6659.0 932.71
80 6871.0 286.91
280 536.0 456.19
225 4301.0 787.1
278 276.0 890.52
160 140.0 636.51
180 6895.0 516.85
222 5080.0 563.71
210 7280.0 985.91
265 659.0 199.79
240 2103.0 543.67
127 7301.0 696.0
101 6490.0 698.99
171 8560.0 301.26
70 4443.0 800.5
104 2952.0 857.51
250 3004.0 842.94
277 5121.0 547.22
187 709.0 41.14
135 3286.0 517.07
80 8460.0 788.72
106 5223.0 92.82
68 4393.0 562.77
6 6910.0 695.94
43 3829.0 100.1
174 298.0 961.06
200 323.0 638.42
230 34.0 627.03
86 4145.0 963.35
73 4715.0 857.12
176 9614.0 164.66
290 2496.0 902.09
233 2285.0 548.19
83 8626.0 681.47
93 5402.0 227.84
244 7291.0 943.47
212 3896.0 994.09
5 2507.0 531.25
44 9352.0 290.67
138 7371.0 856.19
128 864.0 581.66
186 5591.0 324.2
262 2038.0 32.99
209 1822.0 466.98
197 4305.0 671.02
283 5070.0 522.64
136 4509.0 434.53
233 7333.0 509.72
168 8556.0 662.82
171 3773.0 759.13
93 3696.0 382.14
82 3772.0 59.32
18 7515.0 419.64
281 7454.0 429.5
147 9239.0 905.04
162 9581.0 229.41
243 4917.0 618.85
195 5645.0 207.68
298 6812.0 814.15
252 2162.0 546.23
121 8899.0 700.74
299 2002.0 915.58
288 1860.0 384.82
123 776.0 448.36
211 2644.0 851.93
37 6083.0 40.31
297 817.0 651.2
269 8963.0 704.17
129 8566.0 536.28
95 7023.0 604.55
288 7485.0 831.4
262 7530.0 266.67
59 7743.0 764.96
22 3381.0 944.89
126 5190.0 310.04
192 3719.0 490.09
131 8940.0 619.61
241 6320.0 788.39
140 2191.0 925.43
117 4724.0 739.26
184 6462.0 244.86
214 4789.0 502.39
57 5811.0 507.88
197 4941.0 170.32
2 9823.0 413.05
235 6572.0 752.07
68 9310.0 914.8
134 66.0 667.82
3 3880.0 126.64
200 613.0 982.64
251 9581.0 870.17
186 3765.0 752.32
74 538.0 724.84
298 2159.0 973.82
187 323.0 696.36
193 670.0 984.67
172 8960.0 403.53
43 6537.0 785.11
250 2239.0 461.8
116 4949.0 908.51
179 4398.0 550.15
6 9791.0 935.75
72 2556.0 820.84
19 2220.0 734.4
142 8984.0 932.75
146 2228.0 683.93
228 312.0 105.99
136 762.0 260.61
12 2801.0 16.94
210 6789.0 977.72
155 4563.0 857.7
39 9366.0 443.6
142 2149.0 405.42
102 9343.0 758.24
187 1133.0 356.43
86 9049.0 830.22
58 9454.0 489.76
98 1240.0 770.25
150 1765.0 281.29
100 3996.0 187.74
52 228.0 710.48
185 1217.0 64.5
11 3951.0 797.77
136 5037.0 750.2
251 7319.0 429.51
112 2989.0 587.24
42 8798.0 463.08
67 9860.0 394.35
164 8560.0 30.04
216 2096.0 61.02
69 4485.0 597.22
132 826.0 798.05
57 3697.0 857.55
122 5649.0 529.38
266 2252.0 554.03
91 9688.0 418.11
154 6846.0 820.43
39 4468.0 979.37
66 5619.0 646.19
253 5751.0 291.4
26 3404.0 323.55
52 3773.0 976.53
245 1183.0 319.49
243 1267.0 558.25
135 9337.0 737.52
83 4743.0 807.39
206 3546.0 799.56
54 217.0 73.69
260 3478.0 583.6
27 5469.0 161.59
194 2617.0 661.04
249 446.0 619.71
184 9842.0 259.89
2 7343.0 923.09
134 1908.0 576.15
246 7914.0 482.54
213 7660.0 193.27
293 7078.0 54.68
177 600.0 112.19
54 6641.0 943.89
148 2746.0 649.3
207 8402.0 107.56
124 5746.0 396.89
92 8738.0 349.46
108 9401.0 635.54
68 8356.0 529.92
298 6735.0 726.42
244 5231.0 6.59
250 4472.0 452.88
264 6553.0 951.57
21 3923.0 477.34
86 1513.0 69.11
288 5197.0 587.67
134 9567.0 154.55
108 226.0 492.08
57 7651.0 500.43
169 7152.0 607.48
171 5137.0 490.47
34 1191.0 143.09
246 1385.0 57.59
19 1545.0 793.85
179 6216.0 519.38
12 82.0 806.83
64 3544.0 2.35
191 569.0 488.28
80 7444.0 621.15
68 6539.0 993.66
95 7401.0 816.74
272 6492.0 932.54
96 6578.0 226.45
16 1341.0 242.43
185 7167.0 336.94
264 4901.0 266.02
17 5229.0 291.02
178 5214.0 782.15
29 3812.0 42.42
204 1022.0 118.52
106 9154.0 568.14
244 4758.0 8.1
259 8867.0 754.06
97 2245.0 221.46
105 8102.0 779.76
289 4573.0 840.16
264 1349.0 920.35
35 419.0 531.55
44 4625.0 780.07
209 7972.0 215.18
240 9666.0 69.59
262 2483.0 999.76
168 1028.0 164.25
75 249.0 53.07
147 6375.0 923.91
88 8861.0 353.5
124 38.0 949.01
235 6480.0 127.87
11 6377.0 438.31
137 6162.0 418.54
183 6541.0 860.85
74 1384.0 423.06
211 8422.0 665.92
182 7600.0 981.05
120 5924.0 384.65
106 2773.0 290.58
38 8432.0 358.31
180 278.0 774.16
265 6163.0 522.15
266 1151.0 103.41
223 3745.0 431.5
43 8432.0 451.43
17 9590.0 221.97
133 5625.0 68.28
257 5719.0 371.48
23 7145.0 928.45
117 651.0 621.23
244 1722.0 643.11
230 2436.0 972.93
278 3471.0 469.04
19 717.0 154.79
193 7093.0 320.12
121 8766.0 378.11
118 1400.0 483.76
133 2302.0 623.02
286 8125.0 718.96
177 3866.0 735.87
215 4122.0 94.78
224 4761.0 600.04
240 1435.0 66.2
181 1584.0 752.73
31 7213.0 188.69
6 9559.0 441.22
89 3474.0 51.23
256 9903.0 93.21
148 5044.0 503.55
216 502.0 667.86
142 8212.0 322.63
226 1338.0 280.03
41 2981.0 870.47
271 5484.0 558.77
15 6705.0 885.98
119 18.0 396.14
218 575.0 863.18
91 9111.0 787.75
14 5248.0 395.99
227 1688.0 236.74
47 8442.0 882.85
72 301.0 342.41
243 5157.0 868.25
174 9268.0 429.92
153 5134.0 178.02
206 7220.0 258.04
139 4219.0 171.41
84 9425.0 590.84
162 8066.0 394.42
185 8588.0 94.75
186 1521.0 169.99
103 9083.0 460.97
279 3532.0 405.16
232 3590.0 505.89
96 360.0 728.31
283 1320.0 153.27
30 2283.0 528.06
259 8288.0 539.71
243 5253.0 180.21
17 1187.0 590.9
45 4279.0 348.9
169 4865.0 1.65
227 2310.0 586.57
198 6727.0 200.61
101 1358.0 939.07
115 8427.0 377.35
271 6609.0 678.27
219 6691.0 244.06
191 9359.0 477.92
209 4301.0 606.73
254 2914.0 739.35
283 1154.0 252.28
109 4244.0 451.38
184 368.0 635.98
226 3892.0 751.74
233 8234.0 78.63
273 9409.0 264.97
8 7616.0 57.62
298 2337.0 327.7
245 9544.0 683.45
258 5273.0 87.3
222 3224.0 482.71
214 313.0 200.78
295 9624.0 500.76
150 7592.0 680.61
189 6446.0 883.86
296 1908.0 897.39
182 6425.0 972.13
81 6065.0 183.0
239 111.0 385.79
114 59.0 610.13
203 6944.0 4.38
208 1164.0 212.87
130 978.0 76.21
28 3577.0 974.84
63 198.0 230.73
255 1616.0 724.27
248 9385.0 514.17
102 31.0 249.51
232 6025.0 360.41
19 1579.0 146.31
31 2372.0 38.48
146 8549.0 27.63
117 9071.0 432.79
10 9602.0 629.78
169 3134.0 154.54
271 3733.0 525.8
247 9055.0 494.42
79 5857.0 748.6
266 338.0 846.0
87 117.0 320.43
119 2791.0 765.64
189 6830.0 41.21
9 7115.0 972.24
8 8525.0 993.54
81 4140.0 305.55
207 6094.0 76.35
211 7340.0 786.9
276 3235.0 565.91
286 2274.0 783.73
229 6736.0 380.09
200 2116.0 8.96
44 4700.0 826.64
123 3202.0 826.39
199 4110.0 212.06
253 538.0 186.89
118 7460.0 92.35
24 8489.0 849.92
160 6067.0 197.7
118 9805.0 811.02
22 2438.0 725.02
36 4187.0 902.04
19 439.0 248.04
88 9561.0 477.81
198 1092.0 313.59
87 2515.0 870.45
266 382.0 335.66
108 8955.0 477.97
273 4677.0 374.12
271 4453.0 408.1
21 5842.0 167.4
279 8905.0 49.14
292 6310.0 153.38
246 3946.0 34.57
16 1115.0 701.71
239 8278.0 315.9
169 9267.0 584.86
119 6664.0 376.52
112 884.0 340.21
61 5336.0 401.86
281 8024.0 949.58
122 2707.0 485.0
154 7769.0 216.4
155 1022.0 553.28
112 1468.0 495.33
104 4189.0 494.77
256 8933.0 449.02
140 115.0 674.89
92 8990.0 457.95
43 4479.0 509.33
158 5782.0 642.87
4 5531.0 648.81
291 4247.0 689.73
259 4466.0 272.95
66 4243.0 79.59
279 3777.0 468.72
111 88.0 984.18
197 338.0 482.58
60 367.0 785.31
298 6040.0 746.54
210 4822.0 20.78
9 870.0 722.99
96 491.0 445.46
154 5897.0 319.87
29 154.0 774.98
99 7248.0 75.12
188 6338.0 341.25
217 135.0 366.73
220 1090.0 840.25
17 4739.0 72.6
226 767.0 902.17
270 5236.0 453.82
98 3515.0 622.84
203 9855.0 558.91
231 8522.0 152.15
84 2858.0 447.36
179 4548.0 599.8
43 8558.0 56.25
180 3317.0 157.07
171 7493.0 213.05
111 9489.0 773.87
59 3660.0 377.14
233 941.0 228.84
153 1230.0 789.74
31 1856.0 889.23
242 4524.0 102.91
132 5607.0 829.23
193 7201.0 459.78
140 6707.0 632.77
121 181.0 906.23
139 8838.0 736.89
34 355.0 864.5
156 8257.0 657.21
134 581.0 239.26
225 3951.0 938.21
38 4999.0 919.62
151 7208.0 854.68
234 4941.0 771.45
257 941.0 573.71
70 5380.0 704.51
132 5103.0 510.8
261 3985.0 749.24
115 1216.0 783.14
226 2311.0 73.54
197 6348.0 640.4
14 100.0 855.54
231 7214.0 285.56
237 6523.0 972.45
238 3171.0 400.94
50 9300.0 75.12
279 2542.0 648.56
3 1732.0 373.46
133 8786.0 263.96
226 2387.0 419.5
239 6761.0 359.45
126 6326.0 108.19
95 1014.0 476.95
265 4316.0 219.15
185 1927.0 360.26
225 8010.0 633.34
176 4954.0 440.89
189 7367.0 813.62
257 1635.0 874.21
61 5825.0 391.78
242 8497.0 643.79
129 7358.0 657.68
292 6935.0 162.42
246 6600.0 398.72
175 6712.0 267.13
148 1953.0 442.28
27 4893.0 183.13
131 9011.0 805.24
145 4107.0 628.09
287 3180.0 958.46
291 6143.0 385.53
139 1573.0 548.76
52 7311.0 673.76
173 7506.0 478.78
176 5815.0 916.45
260 5846.0 570.07
246 948.0 624.57
71 6160.0 517.32
280 7188.0 646.05
171 5090.0 137.34
63 9065.0 962.06
184 1398.0 725.26
79 173.0 426.76
95 8503.0 728.62
64 2857.0 969.57
158 8431.0 890.24
248 5290.0 722.21
216 4131.0 814.98
44 3706.0 615.69
118 9164.0 6.81
243 7102.0 384.89
217 962.0 979.82
54 689.0 837.61
262 9684.0 434.12
189 5537.0 868.38
291 9929.0 912.54
49 4791.0 830.51
292 7330.0 620.67
271 6673.0 434.03
94 5372.0 508.39
85 3711.0 856.19
43 1490.0 174.19
237 3310.0 906.59
230 3433.0 493.84
255 4154.0 900.44
72 6897.0 117.08
126 102.0 925.01
92 8986.0 29.6
293 7778.0 311.17
13 6749.0 399.35
227 3204.0 407.12
129 7509.0 354.43
56 931.0 976.86
228 3630.0 885.1
254 981.0 412.08
275 1689.0 921.95
27 2258.0 730.17
263 7479.0 265.31
88 5289.0 275.87
21 4749.0 544.27
288 2485.0 782.36
93 5227.0 804.71
201 762.0 203.24
104 2335.0 98.96
85 9553.0 975.38
65 6008.0 731.45
150 2292.0 212.84
174 2772.0 380.99
248 9913.0 22.1
66 7279.0 668.01
178 7032.0 473.72
64 1374.0 613.07
261 3380.0 528.89
76 56.0 127.34
290 8574.0 839.91
212 4752.0 212.08
277 5660.0 34.97
281 2040.0 855.63
31 4467.0 704.9
144 9588.0 478.75
167 1680.0 42.79
146 848.0 786.64
259 3676.0 687.75
257 8002.0 609.69
2 6708.0 357.25
40 4040.0 833.11
286 797.0 274.55
252 6569.0 948.01
121 5538.0 149.73
154 3252.0 762.2
130 3044.0 176.96
253 2722.0 379.77
45 8031.0 354.87
65 7123.0 804.45
227 911.0 5.78
52 1988.0 704.98
167 7457.0 583.19
54 2405.0 761.72
245 9445.0 455.71
173 6110.0 900.96
242 4150.0 304.0
255 2217.0 532.9
137 2095.0 559.45
263 9720.0 626.59
118 5429.0 739.22
236 7052.0 464.02
286 6845.0 149.37
4 9859.0 203.4
222 9489.0 279.72
90 2600.0 713.96
128 4145.0 159.96
154 8695.0 84.5
55 4012.0 8.49
199 8417.0 3.73
26 260.0 939.87
23 6008.0 571.71
107 8100.0 905.9
122 9055.0 741.25
256 1793.0 600.99
226 9178.0 913.14
148 8200.0 75.48
283 134.0 714.91
41 6519.0 172.67
150 5057.0 731.15
39 9473.0 273.17
114 1989.0 902.97
25 9362.0 223.4
241 2370.0 579.26
66 6024.0 714.63
219 8712.0 492.86
175 1994.0 7.24
139 4947.0 221.56
17 2151.0 966.67
262 9373.0 437.17
217 4254.0 74.47
124 1691.0 499.98
166 3976.0 747.88
235 887.0 206.24
276 5965.0 633.01
163 3680.0 475.29
172 8020.0 661.42
189 2862.0 142.54
18 9662.0 458.05
68 3672.0 829.23
155 8734.0 479.35
280 6982.0 891.5
199 826.0 412.09
220 7755.0 68.36
96 2394.0 711.29
161 1503.0 946.6
94 565.0 118.22
89 4312.0 498.9
100 917.0 7.18
132 1921.0 442.48
13 6557.0 829.19
75 2965.0 435.08
299 9685.0 483.69
60 6839.0 744.89
230 7473.0 735.58
79 9576.0 364.51
163 7950.0 68.06
85 90.0 950.09
294 491.0 174.75
14 3440.0 488.91
159 8010.0 257.5
30 5931.0 566.84
291 6809.0 385.86
170 1015.0 140.31
26 4420.0 494.68
209 4305.0 75.24
217 4742.0 153.32
144 1833.0 967.09
3 3072.0 905.16
185 5544.0 992.24
166 5206.0 914.02
286 749.0 331.43
162 9509.0 161.87
37 9519.0 216.49
49 3483.0 160.26
289 8060.0 968.28
174 7244.0 541.93
227 1837.0 234.59
82 8726.0 177.78
30 7050.0 809.55
120 2389.0 27.68
203 9239.0 992.89
286 211.0 203.33
121 7645.0 121.02
189 2588.0 445.34
87 7419.0 853.03
228 1138.0 67.18
143 9357.0 254.68
80 4510.0 332.57
72 4858.0 550.81
26 9348.0 754.71
42 8341.0 557.75
193 6010.0 937.87
243 4435.0 750.81
132 806.0 514.29
101 9004.0 673.23
111 7150.0 776.48
199 8296.0 499.75
186 558.0 569.74
12 4309.0 858.46
57 1238.0 730.12
146 301.0 123.81
148 2390.0 331.02
113 2880.0 972.8
211 4967.0 175.22
122 856.0 503.82
60 894.0 112.27
116 4034.0 187.75
179 6155.0 674.11
6 5318.0 402.53
246 389.0 344.2
165 9073.0 792.95
96 3775.0 578.18
235 8928.0 879.23
268 8944.0 765.59
228 7667.0 497.34
149 6163.0 402.07
113 9458.0 421.01
89 9363.0 439.0
164 2474.0 177.75
272 4785.0 832.78
192 4241.0 664.68
3 8683.0 518.11
271 4260.0 971.03
220 3620.0 149.94
185 6832.0 976.23
31 9116.0 190.02
65 3065.0 686.7
40 860.0 690.23
281 5824.0 223.13
139 1581.0 919.39
223 1514.0 380.5
73 4823.0 651.19
147 1997.0 772.82
297 4903.0 239.81
56 1153.0 256.82
201 1952.0 419.04
235 3565.0 902.38
29 5231.0 705.97
123 617.0 306.51
297 6345.0 484.38
61 7712.0 880.73
278 6192.0 545.8
218 1173.0 463.89
50 4760.0 970.91
106 6561.0 399.41
138 4866.0 812.9
183 6239.0 740.51
27 1962.0 125.55
198 6268.0 803.27
294 6244.0 783.46
216 1831.0 315.51
181 9972.0 392.64
24 371.0 930.75
170 649.0 330.68
73 3395.0 422.75
230 6997.0 80.6
6 9998.0 194.11
237 7313.0 97.97
154 1078.0 398.52
164 3113.0 134.68
2 2848.0 574.64
246 6076.0 798.35
168 7476.0 956.84
5 7913.0 22.92
144 6234.0 750.12
40 6768.0 240.47
48 1588.0 859.66
53 6177.0 685.43
141 5018.0 610.69
158 8165.0 511.98
47 3706.0 27.12
230 6595.0 165.33
118 7126.0 475.95
69 6836.0 67.27
286 5710.0 231.04
66 9180.0 843.99
98 7986.0 14.72
117 5152.0 607.33
123 7584.0 101.7
160 1057.0 218.73
235 8242.0 477.76
6 1895.0 761.28
111 1671.0 27.18
206 6205.0 652.55
45 5940.0 844.59
242 5493.0 98.96
260 8835.0 970.39
115 5080.0 776.27
57 3333.0 676.75
144 6464.0 17.81
72 1973.0 178.58
130 4522.0 107.8
296 3061.0 831.55
15 5129.0 248.11
256 4727.0 756.53
24 286.0 614.0
110 2248.0 401.14
220 9080.0 839.26
167 4500.0 470.74
137 2491.0 2.54
208 5561.0 299.79
136 6579.0 492.88
225 267.0 151.19
8 374.0 957.46
215 450.0 120.12
223 2735.0 576.65
118 9864.0 53.76
16 202.0 909.43
32 8706.0 295.05
178 8021.0 468.88
210 9920.0 268.13
102 9902.0 390.99
218 5119.0 746.22
29 6024.0 867.81
28 3053.0 241.92
71 3613.0 398.84
251 8746.0 254.27
224 9090.0 260.48
289 8566.0 125.49
256 7318.0 340.92
5 7894.0 478.14
282 5021.0 954.82
14 465.0 496.76
51 2678.0 95.39
285 466.0 509.77
277 273.0 257.94
275 5907.0 814.23
13 697.0 875.12
104 4845.0 388.61
66 7180.0 133.99
258 8294.0 123.69
232 452.0 832.8
284 3688.0 687.57
148 5200.0 965.19
64 3526.0 801.14
230 3480.0 337.14
267 826.0 886.24
240 8284.0 317.51
281 7401.0 705.3
273 2264.0 801.12
266 2190.0 434.78
52 3836.0 645.65
182 758.0 569.17
112 1295.0 938.7
163 6693.0 754.52
257 2275.0 136.96
245 8536.0 801.82
221 8994.0 762.99
118 8703.0 831.3
295 7806.0 421.06
53 7787.0 709.35
215 9233.0 358.02
93 8687.0 641.62
39 9945.0 653.2
188 9345.0 826.55
171 8672.0 555.65
56 1880.0 110.78
291 4051.0 930.91
249 3198.0 997.16
248 3013.0 303.28
181 7943.0 11.37
193 2818.0 346.33
114 1707.0 532.87
115 7436.0 757.39
28 2826.0 22.13
142 5941.0 456.23
43 3136.0 774.54
257 9945.0 991.02
153 2145.0 850.37
11 3737.0 120.04
165 4148.0 604.61
145 1609.0 217.18
48 192.0 390.79
212 3135.0 984.26
231 5884.0 443.76
209 5685.0 247.12
189 7200.0 346.72
140 6895.0 77.44
255 5136.0 702.7
230 7117.0 825.01
243 5565.0 40.17
100 7940.0 522.58
152 8267.0 404.9
85 9897.0 573.56
279 3610.0 22.86
294 6181.0 691.87
74 1445.0 127.41
95 6353.0 366.34
139 4890.0 15.13
119 2452.0 361.08
274 7632.0 841.41
92 8534.0 172.5
257 4902.0 224.28
284 1042.0 46.61
20 4101.0 951.61
160 3456.0 508.59
96 3268.0 8.99
12 3008.0 698.76
107 8031.0 456.9
9 4739.0 828.42
241 8837.0 479.77
163 9930.0 551.4
171 6730.0 18.83
230 874.0 249.63
189 610.0 910.51
263 7866.0 160.4
289 1535.0 279.75
23 5248.0 2.31
236 8302.0 482.83
143 6291.0 911.61
59 8840.0 52.26
216 382.0 693.62
145 7235.0 648.64
243 612.0 609.1
28 1110.0 754.04
241 3620.0 110.95
206 3787.0 767.41
58 9763.0 137.88
152 7456.0 187.94
227 470.0 888.59
53 7817.0 630.2
22 3378.0 51.12
274 2440.0 421.83
191 5189.0 339.24
135 4725.0 811.93
23 686.0 126.64
40 7537.0 651.69
236 3596.0 12.35
180 9846.0 548.57
16 1098.0 948.06
224 6261.0 940.73
91 3132.0 410.38
7 3589.0 730.59
155 4874.0 928.87
279 562.0 221.38
163 3186.0 281.12
292 8794.0 954.09
285 6635.0 900.13
267 727.0 322.24
227 2396.0 696.54
136 6055.0 597.39
166 7996.0 592.94
215 3025.0 915.68
263 3179.0 559.51
20 5594.0 976.69
172 7879.0 402.6
217 7473.0 510.62
64 521.0 854.11
267 6460.0 432.59
80 8276.0 438.3
146 4710.0 735.65
30 9147.0 928.61
139 8364.0 64.78
162 937.0 603.53
3 3339.0 973.89
35 410.0 660.06
57 8991.0 47.5
25 6545.0 927.01
235 3385.0 694.94
285 8076.0 729.44
146 1125.0 959.04
55 4617.0 24.08
14 3579.0 730.91
63 2617.0 185.5
292 6645.0 523.93
99 4823.0 970.67
94 3996.0 739.62
121 3018.0 979.61
166 5077.0 38.17
198 7869.0 30.93
174 3564.0 179.05
61 6032.0 231.38
278 1811.0 243.52
149 6721.0 178.18
264 3471.0 834.8
68 8646.0 583.64
114 6153.0 774.65
229 9448.0 713.18
62 6879.0 694.67
10 4802.0 292.72
84 306.0 349.49
13 1591.0 650.12
273 9482.0 818.5
82 7098.0 256.58
187 5275.0 671.05
47 8011.0 41.38
300 9908.0 656.48
51 3860.0 800.67
44 1678.0 9.85
298 1244.0 950.95
80 3162.0 488.7
147 897.0 115.46
241 4037.0 608.77
267 4154.0 208.55
134 615.0 999.05
11 2814.0 927.37
65 5285.0 794.22
152 6287.0 696.57
296 6523.0 21.52
150 3385.0 256.63
9 9396.0 90.66
133 372.0 202.74
249 4354.0 80.96
132 6080.0 159.09
282 5232.0 998.98
214 418.0 902.83
127 5862.0 674.42
238 2709.0 190.32
288 4935.0 725.81
8 7568.0 864.15
225 3407.0 712.35
27 3625.0 834.53
251 9845.0 968.08
275 6288.0 523.92
128 2481.0 91.02
198 4813.0 256.24
229 257.0 317.89
17 5621.0 143.07
103 7142.0 919.4
296 7660.0 196.27
46 7591.0 536.05
203 8484.0 458.63
246 9401.0 162.02
267 1263.0 720.64
153 7641.0 93.8
36 6268.0 288.94
156 4617.0 40.15
50 1516.0 235.43
193 760.0 647.07
126 9394.0 734.7
202 5806.0 149.2
8 8376.0 130.55
232 6884.0 778.56
278 9042.0 918.78
280 8251.0 262.96
53 4595.0 263.35
87 5998.0 937.81
22 233.0 1.26
14 5252.0 388.35
115 2749.0 291.42
266 7183.0 161.98
195 4315.0 388.57
165 2634.0 623.64
176 9445.0 599.23
78 6495.0 828.68
134 1387.0 755.17
122 9188.0 153.9
51 8235.0 439.62
139 7369.0 12.04
238 10.0 100.77
266 1257.0 915.87
228 6793.0 202.63
259 5941.0 564.94
22 1138.0 796.53
26 9404.0 850.11
274 1882.0 754.9
53 3727.0 205.26
70 7740.0 13.47
131 4840.0 372.35
224 1918.0 573.88
251 2223.0 764.63
219 7988.0 548.85
114 8005.0 829.2
23 5976.0 123.76
19 4004.0 215.8
115 9279.0 895.54
285 8035.0 86.49
252 4162.0 293.57
70 6635.0 825.01
18 5288.0 538.42
194 2466.0 107.78
196 1770.0 790.23
9 1190.0 797.45
220 3460.0 694.92
172 8138.0 922.53
160 4019.0 331.38
232 3981.0 323.15
101 5842.0 854.43
72 303.0 569.04
236 9078.0 103.37
165 9286.0 586.8
229 1093.0 68.39
288 8776.0 444.93
287 7250.0 920.4
115 276.0 808.04
159 8782.0 384.35
174 9900.0 672.37
281 8542.0 249.73
20 9541.0 956.91
233 8812.0 141.35
127 5488.0 958.76
200 298.0 182.89
48 563.0 653.23
243 3676.0 391.88
72 7755.0 524.09
234 6817.0 516.91
130 1965.0 37.66
252 8885.0 202.56
232 3362.0 637.51
211 20.0 979.01
277 5842.0 216.2
123 8474.0 547.74
276 727.0 839.09
186 5756.0 325.46
239 6227.0 216.35
70 5705.0 298.96
244 6616.0 636.27
143 4559.0 599.89
294 3862.0 254.91
185 2783.0 174.32
114 5575.0 687.44
137 6059.0 650.32
151 144.0 19.23
87 457.0 364.52
150 1729.0 26.42
275 9115.0 797.76
207 1901.0 601.98
254 956.0 101.05
204 7759.0 667.71
212 7049.0 70.75
180 5014.0 504.63
169 8008.0 56.43
266 2273.0 667.26
18 354.0 775.75
134 8653.0 222.61
210 6591.0 43.3
117 8531.0 303.13
25 4465.0 135.67
258 5238.0 797.89
298 2109.0 831.31
75 9707.0 990.16
251 7950.0 584.1
244 740.0 687.7
252 1041.0 379.24
182 5888.0 112.25
22 3208.0 638.23
167 9183.0 173.36
266 9870.0 952.64
256 2695.0 199.35
269 652.0 268.03
36 1679.0 7.21
72 3169.0 884.58
278 616.0 870.5
91 3872.0 360.89
16 1709.0 912.64
192 2912.0 200.66
130 3596.0 746.82
125 4801.0 338.45
171 4864.0 864.65
188 7026.0 533.54
279 4973.0 937.12
131 3637.0 582.7
57 1266.0 85.38
294 7825.0 826.07
61 6423.0 734.7
78 7759.0 550.77
138 2053.0 896.99
135 4460.0 348.98
37 6042.0 852.69
69 9252.0 349.07
198 4275.0 178.79
96 1376.0 567.75
24 3881.0 304.63
270 8247.0 107.97
214 1437.0 445.92
169 4011.0 498.74
175 2043.0 462.13
284 4313.0 251.84
30 3008.0 362.8
18 4975.0 485.28
26 7124.0 212.3
148 3632.0 681.24
146 902.0 909.67
124 1488.0 347.73
98 2362.0 224.76
32 5104.0 470.17
75 7497.0 311.53
289 5245.0 691.14
35 9254.0 884.25
246 794.0 144.58
213 4884.0 501.9
142 6780.0 393.29
195 2453.0 568.86
29 5635.0 432.08
292 5321.0 365.91
175 8330.0 667.47
123 7279.0 363.69
39 5880.0 105.78
164 4204.0 859.57
300 6743.0 782.78
215 5269.0 221.05
93 2058.0 570.32
114 484.0 105.41
225 7081.0 27.75
80 7300.0 291.4
64 4923.0 289.69
220 8333.0 158.8
78 4509.0 991.47
170 5599.0 375.3
9 3135.0 964.12
259 7054.0 919.11
65 1719.0 2.12
17 4894.0 361.91
37 5534.0 407.74
207 880.0 247.53
289 119.0 156.98
209 65.0 598.54
122 464.0 812.25
286 7860.0 361.91
48 933.0 993.44
233 112.0 235.52
164 3096.0 286.87
60 6558.0 362.72
27 6339.0 721.03
203 7153.0 761.0
130 1495.0 566.3
32 4752.0 180.76
8 1525.0 456.64
297 291.0 815.96
200 4944.0 886.78
176 984.0 217.44
225 9342.0 250.22
264 5783.0 50.8
180 9651.0 815.08
24 973.0 579.01
89 9372.0 280.8
99 4102.0 872.45
296 2257.0 5.63
29 2439.0 357.49
153 6095.0 887.9
74 3167.0 351.08
199 1259.0 137.59
97 2034.0 479.6
215 9155.0 778.9
212 3086.0 897.17
209 8144.0 763.96
95 7100.0 262.41
194 7218.0 161.5
234 6551.0 114.03
263 6936.0 347.6
293 8243.0 571.55
291 6725.0 738.49
202 8595.0 631.81
90 2028.0 823.19
136 7156.0 975.32
45 2332.0 777.73
70 8134.0 995.93
204 3309.0 153.46
178 199.0 108.58
117 7872.0 359.06
94 951.0 618.31
217 5526.0 827.37
169 4030.0 682.57
244 1614.0 773.11
80 6010.0 391.15
165 6349.0 204.55
4 1569.0 701.87
182 265.0 377.33
273 565.0 383.51
24 4419.0 792.62
297 5551.0 418.51
58 4499.0 319.64
75 8200.0 643.32
226 9902.0 860.41
184 853.0 624.12
118 7220.0 113.4
240 5717.0 16.99
167 5600.0 208.3
55 4095.0 64.77
119 4880.0 104.37
288 6822.0 234.26
110 3076.0 340.9
30 7479.0 49.49
266 2164.0 425.65
273 7200.0 158.23
47 3976.0 821.23
111 5160.0 977.26
166 2575.0 773.5
168 5147.0 771.52
283 9063.0 172.55
132 4163.0 705.11
246 2363.0 536.52
193 4354.0 420.03
39 8448.0 393.33
62 845.0 523.5
243 8020.0 376.23
163 4779.0 317.8
233 3187.0 338.09
272 4400.0 587.73
299 1569.0 562.01
75 2980.0 364.48
137 5793.0 149.03
296 6978.0 46.03
103 6471.0 344.94
77 2883.0 869.55
42 4428.0 421.7
97 9905.0 179.82
171 1491.0 745.39
196 3990.0 658.49
254 7237.0 817.33
71 3687.0 283.73
298 6443.0 832.84
38 3631.0 952.36
21 6556.0 291.45
121 6654.0 159.55
212 2576.0 946.54
137 7577.0 573.11
12 744.0 283.52
168 2251.0 608.23
102 2215.0 217.57
125 595.0 294.38
181 4509.0 371.05
143 3819.0 720.3
154 9989.0 191.35
140 7214.0 819.82
180 712.0 678.65
18 3078.0 651.89
298 9987.0 935.33
68 6137.0 452.09
121 6937.0 224.42
227 9423.0 814.81
185 6170.0 152.93
192 9109.0 248.57
71 261.0 912.57
267 8821.0 114.35
152 9258.0 175.11
22 4674.0 173.77
215 9930.0 73.79
118 2433.0 381.48
72 2206.0 555.76
213 24.0 563.65
42 6731.0 218.39
176 3900.0 543.25
77 6235.0 426.93
284 7627.0 877.67
113 2212.0 330.44
209 8452.0 216.92
246 5131.0 384.87
203 4945.0 121.4
26 4929.0 439.69
41 4308.0 72.97
276 3415.0 808.89
5 3250.0 937.29
227 6045.0 240.97
235 7023.0 397.7
164 4110.0 870.92
280 6019.0 47.46
279 4220.0 782.45
249 1427.0 317.09
265 2243.0 787.44
160 5999.0 457.59
231 6565.0 447.23
105 770.0 814.0
295 9709.0 165.71
82 8015.0 553.22
52 6382.0 590.02
10 3496.0 14.76
223 3847.0 967.34
123 6028.0 103.29
236 7563.0 792.88
70 2448.0 288.78
84 606.0 40.05
39 789.0 739.7
268 2549.0 234.65
181 928.0 560.45
119 4791.0 227.28
8 8813.0 741.24
265 8158.0 135.58
206 2609.0 937.59
156 7612.0 143.09
145 5939.0 183.42
25 4133.0 495.17
123 2691.0 24.42
286 7998.0 46.97
235 7322.0 560.61
212 9084.0 112.07
240 7145.0 436.71
71 8949.0 460.45
199 451.0 822.28
208 8536.0 148.62
179 8894.0 472.2
97 4527.0 506.54
140 5326.0 474.24
135 4340.0 219.74
251 4291.0 774.83
54 7024.0 288.96
294 8541.0 509.97
44 7070.0 465.13
152 7830.0 661.77
121 741.0 69.17
210 5107.0 28.11
284 5483.0 761.37
273 1510.0 392.47
264 4363.0 177.02
135 5536.0 361.24
34 9135.0 960.95
22 7674.0 268.14
87 396.0 80.47
117 3112.0 288.15
253 541.0 857.05
163 1913.0 347.44
190 5107.0 842.44
189 9929.0 815.58
165 224.0 928.01
217 3892.0 430.64
153 7337.0 181.65
10 5485.0 622.36
211 3104.0 362.44
300 2632.0 764.51
200 4984.0 885.77
216 3325.0 590.44
87 5860.0 514.83
271 6944.0 656.87
94 1686.0 403.57
86 7718.0 581.8
209 8106.0 213.94
26 154.0 35.96
152 6262.0 779.76
248 7115.0 261.74
17 2845.0 372.27
300 1166.0 560.76
62 1581.0 884.65
250 9394.0 15.82
244 2708.0 519.7
223 4281.0 993.55
82 9668.0 200.66
69 2461.0 557.48
40 341.0 435.35
137 6955.0 597.52
151 554.0 123.57
149 8569.0 106.79
73 5122.0 738.17
250 8990.0 918.04
50 2459.0 553.7
53 4206.0 873.87
114 8824.0 569.56
54 4560.0 735.17
234 4433.0 472.52
258 6527.0 976.36
212 9794.0 110.89
85 2832.0 904.81
293 2736.0 211.95
198 422.0 465.97
128 9022.0 48.06
290 273.0 739.68
57 5773.0 653.11
62 3006.0 832.71
202 6728.0 851.03
134 3819.0 380.5
89 7758.0 614.43
94 7166.0 321.81
250 269.0 687.92
144 4708.0 131.74
175 2621.0 585.01
8 4687.0 602.73
95 4813.0 340.42
45 7147.0 997.39
93 9414.0 792.76
270 3802.0 688.5
42 2358.0 232.63
70 4829.0 989.19
110 6929.0 461.85
192 2473.0 191.98
255 2627.0 265.34
11 6470.0 857.88
149 1327.0 741.3
192 2229.0 209.11
177 6231.0 879.99
210 8769.0 475.34
291 9763.0 821.11
92 8850.0 483.58
280 6104.0 748.97
186 2169.0 984.51
215 3549.0 327.96
286 8467.0 442.87
75 7247.0 968.74
62 1683.0 937.33
2 5988.0 544.47
132 7553.0 188.55
22 5134.0 981.09
103 1871.0 607.4
84 7605.0 669.34
186 8044.0 55.73
284 4853.0 535.69
148 4935.0 11.57
77 245.0 873.22
179 9468.0 352.79
134 7188.0 115.79
268 4176.0 167.86
180 7041.0 413.63
157 455.0 211.67
35 4109.0 236.58
63 3877.0 687.69
60 6736.0 531.58
225 9255.0 17.76
292 6845.0 263.45
176 9195.0 915.26
284 1351.0 205.46
2 713.0 419.27
114 2990.0 951.46
14 481.0 751.59
47 5973.0 898.97
298 3534.0 804.48
61 9874.0 736.54
273 367.0 245.57
66 576.0 801.22
32 6661.0 466.76
31 3775.0 521.03
130 3257.0 732.88
277 894.0 775.01
17 3114.0 759.81
86 5465.0 941.02
164 1708.0 807.6
92 2546.0 170.44
113 9830.0 810.71
105 7351.0 218.98
250 7798.0 637.56
298 8074.0 953.22
79 5559.0 98.38
201 5830.0 359.11
78 4025.0 282.61
286 6814.0 628.09
134 3057.0 235.94
133 4456.0 31.55
71 5065.0 632.4
40 8384.0 362.94
174 5885.0 527.1
64 3099.0 986.72
91 5640.0 164.61
110 5383.0 114.05
119 942.0 922.69
8 8997.0 92.86
4 4346.0 393.41
73 9240.0 741.87
121 506.0 441.07
185 3321.0 649.4
226 8603.0 847.86
21 957.0 664.85
216 8413.0 973.08
119 2155.0 738.76
292 7105.0 905.67
270 4560.0 445.93
145 7596.0 747.91
83 9873.0 353.94
221 5769.0 657.22
10 852.0 596.82
159 3114.0 938.92
238 5354.0 561.35
285 1780.0 274.31
184 1549.0 784.64
66 4469.0 701.91
96 7688.0 141.49
67 9102.0 941.86
236 5349.0 41.68
79 7690.0 82.0
277 1449.0 641.18
218 5599.0 38.06
233 1382.0 27.14
88 3897.0 383.29
124 2016.0 596.5
78 1994.0 210.64
255 5470.0 370.28
101 4203.0 274.19
188 3739.0 791.81
45 9890.0 192.36
240 6197.0 497.18
275 8353.0 647.11
68 5818.0 955.2
60 4608.0 472.16
6 1055.0 225.15
228 2347.0 803.53
209 7804.0 83.07
249 4316.0 372.87
251 225.0 764.92
56 3952.0 376.8
294 9772.0 833.24
16 3570.0 92.22
110 1001.0 95.36
248 5441.0 371.96
46 9287.0 312.64
133 5563.0 198.5
287 37.0 458.04
215 9715.0 546.16
230 7783.0 635.45
188 7803.0 193.82
225 9424.0 233.96
276 9310.0 776.5
128 1757.0 215.42
92 7341.0 790.21
277 51.0 148.86
78 221.0 212.21
181 5121.0 68.86
85 1476.0 716.27
54 626.0 907.9
187 9825.0 332.37
90 7797.0 331.12
130 2961.0 194.46
184 6993.0 362.87
47 8057.0 978.44
79 9822.0 414.02
165 1501.0 922.01
142 1140.0 670.79
157 5380.0 65.91
238 6905.0 274.18
215 7171.0 507.12
5 2770.0 138.98
190 1766.0 943.73
22 4876.0 793.36
155 9360.0 830.13
9 7159.0 661.14
240 1137.0 271.32
98 2378.0 989.48
235 4691.0 271.33
209 6482.0 226.82
231 7253.0 509.21
249 2463.0 528.07
245 2726.0 338.03
145 3515.0 432.53
211 4464.0 617.59
52 4335.0 591.17
18 6193.0 939.76
122 2312.0 784.5
120 2046.0 282.12
76 955.0 626.67
33 5618.0 889.7
107 2782.0 12.34
125 3551.0 242.53
61 9742.0 654.52
79 4528.0 951.14
63 3938.0 605.48
154 8074.0 667.08
275 1470.0 561.21
59 8141.0 712.07
81 1524.0 706.78
145 3894.0 512.68
217 3686.0 620.09
46 120.0 606.76
173 1195.0 391.74
114 9806.0 276.43
278 6188.0 256.23
276 4793.0 847.36
272 960.0 450.45
12 2196.0 377.96
52 3641.0 652.65
274 3283.0 83.71
35 6127.0 50.66
232 2748.0 44.64
298 6329.0 773.03
144 8157.0 407.4
279 7431.0 858.77
31 6362.0 809.7
299 9069.0 288.88
68 8233.0 109.25
201 3649.0 790.05
158 4940.0 821.19
228 225.0 441.95
132 6705.0 856.91
181 4495.0 394.86
56 4042.0 557.07
252 7459.0 936.65
178 244.0 531.55
245 7242.0 764.12
103 9164.0 730.33
288 171.0 506.93
260 5924.0 416.23
87 540.0 949.7
276 8446.0 681.8
5 862.0 440.36
241 202.0 457.57
203 7197.0 264.18
258 4361.0 892.7
244 1986.0 961.19
76 8595.0 117.37
175 7995.0 281.91
144 9964.0 872.29
135 3974.0 269.46
155 3678.0 322.01
50 9688.0 52.0
111 5120.0 271.38
280 8116.0 209.67
128 8656.0 600.2
106 5757.0 175.43
88 9195.0 297.65
103 1166.0 494.78
69 6685.0 429.79
89 2637.0 311.26
209 7871.0 244.66
276 9764.0 945.86
211 1626.0 42.46
299 4264.0 238.69
141 9579.0 349.0
80 3084.0 218.96
271 9391.0 529.13
104 1979.0 950.85
266 9371.0 112.23
37 8984.0 768.9
285 5838.0 809.38
44 2813.0 167.17
219 9103.0 683.57
93 8257.0 903.07
83 5236.0 298.98
201 3847.0 818.89
294 5042.0 833.36
241 6575.0 15.11
35 3051.0 785.58
84 266.0 291.63
185 3130.0 440.83
191 9589.0 107.97
252 4532.0 697.51
98 8530.0 404.06
149 6767.0 956.17
162 2607.0 615.41
177 2951.0 623.58
33 6202.0 327.77
292 4407.0 583.96
281 7354.0 302.15
196 8180.0 474.06
120 1624.0 634.63
232 5726.0 824.12
10 3990.0 946.7
220 6850.0 989.2
218 1920.0 71.45
166 2791.0 166.14
57 9008.0 321.65
138 9549.0 284.39
33 2973.0 918.27
152 6121.0 203.1
89 8679.0 110.09
231 8755.0 388.65
266 8589.0 164.81
165 844.0 907.87
295 8263.0 647.83
69 5444.0 51.33
149 4822.0 227.7
27 130.0 923.64
253 3584.0 938.1
118 9452.0 997.67
284 7231.0 720.76
222 1388.0 769.63
79 478.0 855.42
77 9341.0 640.53
109 4082.0 171.89
252 6811.0 975.31
217 6732.0 993.45
224 2973.0 78.2
291 6829.0 83.14
20 409.0 852.66
24 4112.0 13.46
226 1782.0 292.08
2 9257.0 430.13
242 9899.0 487.94
68 10.0 417.69
240 2042.0 811.38
57 6714.0 575.49
297 6090.0 857.82
285 8253.0 61.57
120 9947.0 742.12
229 4517.0 676.21
203 313.0 917.44
201 717.0 906.33
25 9101.0 33.22
265 9607.0 896.31
261 9645.0 683.49
187 3592.0 778.89
147 3519.0 133.77
105 6240.0 775.09
31 7297.0 744.76
211 3014.0 902.24
80 7055.0 743.56
142 2510.0 312.34
299 5312.0 657.99
246 1042.0 327.8
41 3760.0 395.9
294 6035.0 194.78
290 2580.0 49.28
106 4281.0 272.39
81 4744.0 611.35
256 4824.0 161.47
103 3769.0 37.35
270 719.0 106.75
112 7834.0 819.79
221 8254.0 271.75
57 1762.0 962.24
282 3951.0 837.86
240 848.0 392.68
100 934.0 833.02
61 1848.0 156.2
157 9748.0 190.99
202 7396.0 663.82
131 5061.0 124.31
3 5844.0 719.8
286 6833.0 574.43
142 3750.0 158.83
223 9661.0 431.84
59 4553.0 761.31
50 9696.0 68.23
8 5029.0 32.35
294 6097.0 282.28
282 9301.0 862.48
93 4325.0 656.35
246 6191.0 188.21
115 3643.0 490.68
214 5955.0 750.43
63 7017.0 697.64
68 7147.0 768.45
15 2812.0 189.0
118 3608.0 843.93
107 1679.0 958.89
241 8119.0 209.39
234 9968.0 655.24
148 8775.0 359.59
224 2317.0 726.93
122 6636.0 115.84
138 6356.0 232.99
161 60.0 687.95
120 2494.0 944.56
228 2879.0 896.58
170 1429.0 797.01
269 9194.0 223.51
59 6780.0 712.6
42 4047.0 513.18
257 3619.0 999.39
174 1695.0 744.72
191 9176.0 792.81
290 7387.0 276.06
34 3825.0 785.18
288 4838.0 102.07
150 8417.0 742.5
93 7226.0 61.14
6 2859.0 991.36
51 6388.0 171.72
156 9112.0 277.53
295 7576.0 725.95
118 6322.0 1.42
186 4310.0 672.24
283 304.0 97.68
46 7648.0 850.51
44 1828.0 333.5
230 2481.0 798.38
272 2877.0 77.64
224 6619.0 712.84
8 9175.0 788.16
59 6633.0 567.09
279 6108.0 286.71
129 7776.0 283.23
256 9943.0 130.2
240 351.0 49.19
239 7942.0 965.0
247 7782.0 550.72
175 5911.0 134.24
195 1283.0 294.52
133 7204.0 427.0
79 2838.0 833.74
201 521.0 884.81
272 9753.0 960.12
164 6507.0 592.63
114 5755.0 82.3
157 2371.0 349.15
70 3587.0 611.18
24 6922.0 203.45
67 8284.0 259.43
5 2803.0 983.78
22 9789.0 385.59
232 3263.0 378.1
15 6608.0 963.4
111 2163.0 712.79
98 8727.0 38.52
199 6151.0 266.31
187 9721.0 785.18
230 1841.0 172.43
15 2809.0 130.34
279 2496.0 613.44
271 3902.0 719.59
287 5815.0 451.44
223 2822.0 375.59
189 8238.0 845.56
156 9452.0 980.41
25 4846.0 127.22
215 7176.0 793.89
103 9523.0 667.67
57 401.0 184.43
153 3492.0 906.06
160 1339.0 555.04
282 7930.0 123.81
161 7681.0 519.81
3 3796.0 655.84
124 8068.0 33.57
11 3437.0 665.3
281 1965.0 582.54
90 6513.0 884.12
260 1848.0 347.38
83 5912.0 129.09
174 3846.0 319.33
134 2002.0 474.48
294 5245.0 620.52
19 8493.0 906.89
222 9213.0 501.97
235 2157.0 10.58
37 3714.0 689.66
183 104.0 166.91
69 4715.0 464.9
177 1139.0 262.84
193 1449.0 619.15
95 6314.0 607.87
174 9762.0 618.48
257 1768.0 448.19
258 8426.0 647.17
74 4892.0 426.67
4 8311.0 2.84
289 6535.0 353.12
41 7450.0 516.13
212 7762.0 71.25
126 2056.0 443.1
124 2491.0 166.53
199 2293.0 643.61
144 6590.0 175.58
279 661.0 340.22
66 2179.0 684.24
150 5371.0 820.36
296 6072.0 200.32
156 329.0 569.32
297 9334.0 821.74
263 7916.0 552.33
275 3931.0 126.16
169 7800.0 399.41
172 2531.0 756.69
69 1470.0 795.75
244 6238.0 413.23
230 977.0 620.85
295 1024.0 301.28
39 7637.0 529.0
293 6999.0 163.77
245 4072.0 723.32
79 4126.0 988.52
257 2570.0 49.76
281 9728.0 740.96
216 3006.0 88.85
204 8721.0 909.55
11 210.0 778.94
192 8048.0 679.93
119 1674.0 741.24
208 2522.0 899.29
32 573.0 626.14
212 9394.0 265.21
254 5488.0 961.7
166 7905.0 930.89
100 9459.0 727.38
204 7440.0 111.51
68 7830.0 758.17
278 3354.0 260.45
84 1787.0 241.36
123 6141.0 887.69
40 7668.0 124.47
125 9642.0 824.41
277 6562.0 192.8
74 1465.0 373.55
94 124.0 685.27
190 5090.0 705.66
17 7047.0 116.36
139 8543.0 863.29
132 4288.0 811.28
290 5482.0 206.79
19 6371.0 861.49
53 9692.0 753.15
172 5470.0 216.36
130 7316.0 878.2
5 2187.0 252.44
93 2832.0 934.68
137 3848.0 231.68
237 5567.0 623.44
158 9156.0 748.04
273 4010.0 123.89
203 5893.0 921.22
124 7859.0 176.62
36 6722.0 926.72
229 223.0 503.34
288 4563.0 451.92
135 8663.0 67.53
169 648.0 533.54
68 5778.0 463.66
202 4585.0 389.61
46 6259.0 832.61
212 9483.0 128.06
37 1000.0 223.55
293 4797.0 282.94
47 7528.0 745.31
179 8491.0 569.13
287 1742.0 924.42
218 9953.0 98.56
127 5239.0 83.6
258 2098.0 738.59
97 7070.0 337.01
108 4627.0 738.17
3 6417.0 854.6
87 2710.0 347.38
225 4262.0 663.49
102 9359.0 349.97
118 7316.0 517.48
299 66.0 498.21
237 2650.0 821.4
147 302.0 323.85
241 5828.0 222.64
131 6288.0 315.75
54 2706.0 232.31
287 8170.0 302.29
133 7642.0 859.31
167 10000.0 972.1
60 8623.0 999.62
105 4248.0 80.85
156 1243.0 753.01
245 9668.0 147.27
267 2674.0 4.91
139 9407.0 555.35
130 6972.0 35.46
200 5532.0 415.14
277 469.0 169.52
218 2821.0 214.54
134 9651.0 578.13
45 6373.0 356.43
86 6323.0 711.8
183 2753.0 701.11
117 661.0 939.0
111 6329.0 367.26
91 9634.0 119.82
268 9466.0 509.32
295 4881.0 544.67
223 113.0 576.45
192 7073.0 826.04
263 4643.0 939.64
79 241.0 908.66
232 3081.0 660.42
60 8148.0 208.24
22 9211.0 665.27
75 1312.0 207.96
128 7386.0 900.49
237 8306.0 386.11
146 9207.0 495.49
278 399.0 68.07
44 7696.0 740.98
74 258.0 498.67
275 5775.0 855.65
124 6213.0 784.36
271 4119.0 890.37
218 8453.0 267.0
233 5819.0 862.77
56 7377.0 897.13
11 9446.0 680.76
25 1394.0 444.2
219 9682.0 144.47
2 3773.0 358.45
138 5891.0 565.49
240 60.0 439.84
113 7396.0 288.11
296 2500.0 290.61
179 5403.0 987.22
113 6985.0 649.77
271 2865.0 911.51
66 3632.0 512.8
67 4732.0 269.29
144 6782.0 112.54
50 8737.0 106.02
65 7706.0 705.74
64 8636.0 787.41
63 5656.0 884.72
237 9974.0 457.84
162 4029.0 505.98
93 7167.0 725.17
198 2861.0 931.94
59 6418.0 364.91
151 1026.0 454.91
9 2043.0 634.59
216 4395.0 948.26
7 4034.0 21.34
189 2200.0 682.64
61 9448.0 372.74
90 3043.0 25.73
128 9195.0 175.39
15 434.0 949.02
81 1408.0 667.37
14 5643.0 782.24
286 3067.0 557.59
107 8469.0 93.5
245 5279.0 265.33
285 2175.0 278.1
230 5951.0 305.27
53 3862.0 223.18
121 246.0 558.89
292 9760.0 222.12
260 8008.0 505.89
253 3223.0 323.07
170 1786.0 85.02
69 8886.0 92.66
190 2336.0 593.3
188 7976.0 238.43
185 8781.0 758.56
177 1933.0 549.09
147 8851.0 322.65
103 5201.0 958.85
101 490.0 731.72
233 386.0 534.92
163 7352.0 352.4
22 4178.0 103.46
19 2954.0 350.13
8 1458.0 38.43
274 1058.0 497.24
142 8034.0 20.08
144 8638.0 564.21
223 8352.0 585.72
193 8900.0 376.82
141 5066.0 571.08
200 1675.0 317.67
225 2327.0 737.72
244 530.0 514.5
25 9372.0 22.07
155 2355.0 495.1
280 9856.0 898.51
138 4904.0 591.93
126 5793.0 881.24
234 4602.0 759.68
77 8245.0 908.3
97 3817.0 180.32
243 6742.0 260.69
43 6853.0 625.6
250 4727.0 74.54
169 3025.0 668.01
41 5929.0 413.7
220 6762.0 654.43
148 5004.0 888.38
164 1774.0 180.1
177 8090.0 163.18
295 6252.0 648.37
45 7070.0 64.12
116 9584.0 979.02
3 1885.0 962.19
296 1511.0 719.17
21 5410.0 184.85
112 3586.0 383.95
66 5428.0 649.6
44 94.0 740.62
271 2716.0 960.84
285 4975.0 168.16
123 6478.0 399.01
216 7747.0 829.41
264 4358.0 373.19
229 8312.0 100.9
59 8209.0 397.05
47 2247.0 237.05
147 8823.0 734.15
225 9461.0 294.55
15 1882.0 822.91
244 4101.0 180.74
281 4602.0 952.37
95 8214.0 471.17
161 2048.0 781.22
22 5558.0 269.91
89 7417.0 186.23
10 5553.0 154.04
295 947.0 847.27
142 3666.0 239.92
55 1848.0 455.3
247 3075.0 722.42
259 4392.0 291.44
77 4478.0 454.05
95 3070.0 744.33
83 8750.0 113.64
111 929.0 995.88
39 5530.0 853.34
50 9581.0 692.52
34 7553.0 111.08
56 441.0 394.14
87 7097.0 556.29
237 5590.0 567.2
289 1015.0 56.81
204 5213.0 884.7
184 9730.0 105.69
277 7654.0 609.03
195 8664.0 866.83
65 8189.0 542.16
69 5943.0 925.07
107 7347.0 11.07
237 2743.0 497.14
22 2848.0 650.73
47 2250.0 532.71
104 9147.0 180.99
144 5773.0 603.51
296 3133.0 58.39
263 2850.0 552.66
272 6485.0 237.5
15 7324.0 582.43
225 6700.0 972.14
86 6434.0 170.82
83 1812.0 388.33
29 2523.0 241.06
185 4872.0 449.53
157 5606.0 841.63
68 2732.0 369.29
197 5805.0 946.64
256 583.0 238.53
123 5728.0 440.37
298 3033.0 353.39
209 8261.0 215.74
131 9276.0 206.76
173 8611.0 382.52
69 3002.0 451.56
141 7652.0 910.98
36 841.0 786.2
159 7530.0 617.55
106 6775.0 693.93
75 3975.0 826.72
124 3777.0 912.88
289 949.0 960.56
262 4953.0 816.39
222 8670.0 593.55
68 4049.0 793.94
16 3887.0 679.21
275 4283.0 608.83
90 2385.0 704.85
39 4482.0 366.84
214 153.0 653.77
10 9273.0 858.49
7 826.0 15.24
274 4682.0 930.92
218 1813.0 157.54
220 4957.0 134.76
216 9114.0 617.7
207 882.0 231.14
23 7150.0 755.15
97 8486.0 266.39
6 5594.0 321.9
52 7364.0 643.52
84 5868.0 627.29
127 3031.0 500.16
149 7033.0 377.46
176 6067.0 372.07
40 5047.0 197.41
246 3400.0 126.05
14 1899.0 179.21
65 5624.0 263.23
199 6305.0 174.27
51 8777.0 137.54
194 244.0 888.41
198 2795.0 923.31
90 1168.0 681.16
206 8812.0 792.62
148 9181.0 45.54
134 2280.0 133.8
260 1511.0 578.29
216 1841.0 962.37
298 1122.0 956.73
22 5778.0 748.76
242 8551.0 149.02
75 5520.0 931.56
151 5290.0 45.04
210 2584.0 815.46
12 6543.0 361.45
72 1536.0 487.32
3 5201.0 915.07
24 9024.0 102.38
166 4461.0 291.57
53 1593.0 866.07
27 9139.0 993.12
297 3431.0 18.73
204 6191.0 226.19
77 2787.0 811.99
160 1028.0 619.3
20 488.0 739.85
63 5281.0 63.52
291 9308.0 889.66
112 9997.0 861.63
133 161.0 891.0
43 9791.0 208.43
262 9612.0 693.5
179 947.0 57.32
168 2859.0 852.95
191 3490.0 835.29
264 7338.0 88.14
101 402.0 86.43
161 516.0 223.46
272 1376.0 339.01
224 1204.0 53.25
113 7766.0 935.27
232 7805.0 123.6
254 4409.0 951.74
73 9975.0 788.4
277 4915.0 672.39
133 4531.0 364.24
59 2885.0 907.07
151 5352.0 944.84
169 5545.0 733.2
244 4850.0 845.98
250 5036.0 86.18
41 6212.0 374.42
8 4694.0 584.38
106 6462.0 856.27
218 428.0 397.56
291 6854.0 38.48
54 3007.0 451.94
5 1214.0 870.47
230 8697.0 404.12
108 5349.0 489.72
45 6884.0 401.88
276 8073.0 455.96
24 6452.0 896.42
189 4296.0 912.76
292 519.0 819.15
285 2715.0 857.32
137 2423.0 175.73
198 6975.0 611.66
48 794.0 171.84
250 9695.0 971.4
101 5337.0 361.43
133 6052.0 182.06
145 3930.0 553.07
191 333.0 99.99
154 3810.0 172.94
79 1919.0 804.96
127 6709.0 617.96
17 8505.0 443.79
294 7783.0 467.33
256 6970.0 525.36
126 5973.0 805.45
146 6957.0 63.03
135 4832.0 905.68
186 9313.0 681.57
223 3879.0 69.47
105 1715.0 164.57
46 1568.0 199.72
214 5261.0 800.51
209 1882.0 649.9
148 3322.0 79.77
21 5998.0 855.29
287 6142.0 820.2
65 6382.0 658.68
222 7886.0 82.88
140 5355.0 180.33
194 323.0 175.32
202 6170.0 409.03
147 7801.0 711.27
275 8806.0 831.43
124 1265.0 951.63
102 5113.0 353.56
108 8941.0 226.64
177 1229.0 573.41
5 4817.0 767.31
73 7307.0 144.13
90 5324.0 891.38
176 9169.0 965.28
180 2475.0 346.05
146 5975.0 257.06
197 4843.0 85.57
203 6986.0 322.37
134 5152.0 929.03
118 8389.0 497.95
74 3754.0 199.95
151 1763.0 168.76
196 6973.0 484.06
24 3314.0 669.45
227 4436.0 671.69
167 6085.0 256.29
156 4770.0 845.74
181 4535.0 881.74
135 2487.0 715.55
258 1874.0 777.94
74 2411.0 874.73
127 5126.0 640.73
41 6562.0 845.37
185 9328.0 577.91
265 7763.0 279.72
199 9179.0 23.79
53 3190.0 414.57
257 9681.0 171.77
23 579.0 982.63
153 2428.0 971.43
226 1680.0 168.96
175 4737.0 679.31
95 4093.0 833.69
96 2838.0 262.17
201 2339.0 983.96
200 7368.0 737.04
12 493.0 243.85
194 1144.0 941.11
81 803.0 46.17
130 8879.0 401.29
239 3908.0 907.47
33 532.0 621.17
143 9017.0 136.6
60 3283.0 114.08
49 7826.0 927.78
237 2210.0 404.21
252 5946.0 388.99
181 4863.0 806.08
129 6241.0 704.91
235 8939.0 803.9
190 7842.0 291.08
176 5101.0 673.43
236 6616.0 407.98
6 8707.0 340.74
62 180.0 438.57
237 1644.0 872.03
90 7037.0 639.58
4 3239.0 594.92
186 4142.0 816.02
291 5146.0 614.79
26 2378.0 480.52
156 7342.0 843.91
212 8609.0 995.74
152 7984.0 737.61
222 1579.0 47.22
95 5238.0 44.63
299 3368.0 908.88
128 6233.0 920.2
93 2941.0 833.72
178 180.0 140.92
293 7119.0 874.6
9 9605.0 614.15
51 867.0 892.32
274 9448.0 251.01
246 6870.0 281.01
75 5424.0 367.31
123 9831.0 67.89
107 6587.0 281.46
166 6770.0 378.4
11 7859.0 965.94
262 4500.0 402.28
26 7920.0 837.39
163 1116.0 360.39
117 1284.0 703.37
3 9710.0 681.04
132 4327.0 801.16
224 8858.0 790.52
57 7645.0 83.18
246 6679.0 602.99
183 3320.0 496.62
118 6098.0 865.78
80 890.0 392.99
24 1308.0 494.85
96 9762.0 96.57
76 7026.0 222.61
38 8011.0 999.33
37 8502.0 742.78
141 3282.0 963.95
267 1718.0 578.91
256 11.0 662.51
207 4757.0 548.51
78 2282.0 620.34
253 7604.0 200.99
40 1659.0 327.0
12 3610.0 554.63
215 6481.0 424.42
273 5973.0 740.32
277 8748.0 866.44
237 8596.0 631.04
168 6259.0 385.47
3 5755.0 585.59
178 7206.0 594.09
135 8440.0 491.68
220 543.0 339.42
149 5095.0 400.65
230 8057.0 61.13
19 4851.0 788.4
233 9476.0 706.73
188 7749.0 986.42
176 65.0 790.01
19 6634.0 961.42
283 2913.0 885.0
35 9453.0 882.65
220 4780.0 507.03
114 635.0 732.52
65 324.0 437.24
64 2669.0 292.13
279 7035.0 729.08
196 1794.0 114.33
283 3729.0 316.9
275 424.0 840.6
192 2721.0 824.58
17 7061.0 775.1
53 7155.0 507.33
108 6077.0 634.55
102 797.0 288.14
21 2620.0 919.76
129 7924.0 854.23
234 2590.0 506.36
167 6300.0 434.3
232 6583.0 37.62
11 3558.0 130.61
197 1724.0 274.6
241 2836.0 479.94
57 522.0 936.6
165 7511.0 70.2
287 5131.0 710.88
10 184.0 737.66
6 5396.0 317.05
92 1599.0 326.71
170 8414.0 394.49
81 4233.0 131.67
235 9470.0 448.01
30 2919.0 540.46
157 2957.0 116.21
296 3898.0 470.7
295 9968.0 101.99
101 1025.0 956.34
44 2902.0 124.33
268 4417.0 569.7
141 7854.0 943.65
164 2290.0 780.68
256 7725.0 278.83
115 1488.0 802.17
46 1463.0 281.49
5 8962.0 168.95
168 8277.0 78.03
251 5823.0 18.24
135 2809.0 241.96
233 3391.0 408.88
300 2191.0 270.63
59 5879.0 322.24
222 6300.0 542.12
118 2835.0 882.08
125 2433.0 946.8
163 6939.0 844.88
242 7265.0 213.39
109 6871.0 117.91
198 9778.0 987.61
193 6202.0 10.33
149 870.0 904.69
71 2098.0 241.62
129 3802.0 759.81
194 5686.0 389.51
147 4777.0 435.58
19 7442.0 42.39
23 7466.0 905.44
219 3324.0 691.4
245 7324.0 398.29
173 8044.0 958.04
96 543.0 598.7
31 4020.0 866.5
107 6131.0 168.4
266 6017.0 244.24
215 3625.0 868.66
209 6461.0 990.13
84 1616.0 751.22
136 9912.0 911.53
194 5954.0 815.53
208 6918.0 260.34
151 9131.0 171.36
42 8011.0 660.22
26 6475.0 775.68
85 9535.0 991.4
283 2853.0 442.63
176 3713.0 507.25
19 834.0 820.12
221 6275.0 495.7
213 2797.0 970.24
15 3324.0 474.88
65 2135.0 806.34
196 8386.0 343.21
205 9317.0 759.93
281 2472.0 254.02
73 8763.0 785.43
152 5857.0 743.64
214 2980.0 296.24
19 8291.0 78.36
116 9196.0 789.88
97 860.0 398.84
236 4186.0 816.13
300 8924.0 133.71
34 2749.0 865.2
258 1938.0 141.08
95 618.0 803.04
72 3361.0 783.75
228 1915.0 141.27
113 2365.0 360.79
142 8880.0 928.06
262 4355.0 806.38
109 8307.0 87.03
62 5465.0 744.26
151 227.0 544.07
300 2263.0 295.72
237 839.0 967.9
116 6485.0 655.54
11 3985.0 230.07
119 186.0 439.39
154 1272.0 742.92
103 1430.0 642.45
98 4365.0 23.77
137 8247.0 426.83
162 6920.0 225.63
206 2349.0 877.64
270 971.0 584.46
27 1207.0 853.29
56 8219.0 164.55
238 4526.0 379.29
112 7930.0 471.89
239 1081.0 248.21
159 7021.0 805.21
202 7921.0 370.31
65 692.0 607.46
190 6635.0 224.07
43 3856.0 58.85
183 5369.0 700.41
200 1487.0 451.38
179 9585.0 942.41
113 148.0 500.16
299 1493.0 260.78
93 8032.0 461.3
62 8695.0 778.39
85 5289.0 598.65
90 5148.0 378.13
6 857.0 169.05
184 4922.0 883.17
191 1471.0 8.95
269 8093.0 422.45
288 2902.0 238.71
149 3130.0 650.97
106 822.0 288.96
178 1712.0 346.42
237 7380.0 858.6
294 6160.0 471.81
88 9822.0 325.31
231 51.0 411.2
65 5497.0 323.66
79 7527.0 387.51
293 3054.0 266.46
173 4322.0 480.73
221 5979.0 72.31
263 5257.0 996.99
32 7364.0 29.88
168 2953.0 119.04
247 309.0 621.89
9 1382.0 372.15
16 9633.0 796.81
4 8133.0 670.13
104 1085.0 503.89
174 2399.0 323.74
41 382.0 680.69
153 1033.0 164.2
182 6011.0 469.95
226 1165.0 458.37
262 6573.0 283.79
85 4825.0 944.68
204 5972.0 903.8
79 5761.0 723.86
206 4958.0 625.06
286 9313.0 936.05
148 6048.0 997.73
63 4131.0 495.25
62 1003.0 57.82
237 5401.0 135.59
180 9704.0 154.53
16 257.0 510.11
200 1390.0 871.06
253 3946.0 490.13
294 3680.0 730.6
7 9417.0 729.35
109 8608.0 184.05
69 3471.0 5.62
240 4225.0 163.26
45 8983.0 274.01
155 2576.0 311.92
285 9145.0 883.01
234 6610.0 5.92
210 311.0 10.22
107 7535.0 792.46
194 7771.0 893.8
66 3684.0 786.56
255 1253.0 706.81
264 920.0 780.5
197 9612.0 839.38
241 278.0 510.33
135 8699.0 153.34
148 6766.0 903.8
284 1974.0 70.74
104 8520.0 109.5
253 4609.0 785.49
180 5144.0 702.68
137 3146.0 543.32
263 8339.0 974.98
186 2022.0 223.75
208 3950.0 203.33
60 4630.0 738.12
68 9290.0 994.5
37 5414.0 928.43
130 5303.0 641.26
148 5863.0 647.55
53 7898.0 835.31
297 9060.0 202.5
204 7866.0 979.72
17 3386.0 701.71
198 9257.0 675.77
145 1290.0 357.16
167 5177.0 155.37
173 3879.0 933.35
112 4480.0 12.28
53 931.0 676.07
3 121.0 929.97
164 4942.0 523.63
5 1775.0 476.13
129 4396.0 544.12
195 6449.0 223.41
31 7027.0 531.21
76 642.0 295.94
299 5612.0 81.68
71 6928.0 89.0
216 7044.0 459.83
122 4029.0 528.84
183 9085.0 309.05
205 9637.0 555.07
44 1889.0 606.46
159 6059.0 52.4
40 6319.0 208.0
231 8192.0 86.83
203 9502.0 276.25
101 3824.0 11.63
144 9755.0 756.38
5 2168.0 807.06
96 6213.0 952.73
229 1914.0 743.75
146 4775.0 659.73
238 1589.0 944.55
209 8851.0 309.7
32 7038.0 133.26
11 345.0 686.95
298 4380.0 910.42
158 3875.0 676.67
246 1705.0 970.48
33 667.0 828.12
256 3357.0 812.43
45 7235.0 142.88
89 9173.0 678.2
54 5132.0 86.94
264 8977.0 482.01
131 2976.0 307.28
105 2010.0 466.68
154 6588.0 492.51
217 3777.0 479.7
172 1568.0 606.24
52 880.0 157.6
109 6611.0 581.78
181 9784.0 114.94
54 7745.0 607.23
201 3625.0 540.16
271 8531.0 211.19
214 9106.0 782.63
81 7744.0 391.48
182 1596.0 48.36
223 4031.0 247.98
209 3927.0 618.76
76 5402.0 42.23
275 3402.0 127.56
8 1574.0 912.8
229 2916.0 118.41
253 7406.0 597.34
186 7854.0 6.17
42 6809.0 105.88
104 7684.0 140.61
2 1412.0 393.6
288 5483.0 768.81
294 7374.0 441.33
101 84.0 537.92
107 7323.0 624.61
28 2858.0 847.17
75 5359.0 113.62
13 6341.0 439.34
9 5359.0 569.59
69 9334.0 457.46
216 197.0 376.16
155 3268.0 12.2
175 8196.0 229.67
34 2086.0 79.43
192 5320.0 691.34
159 9322.0 70.81
199 4759.0 302.29
29 3961.0 915.55
43 5757.0 522.99
151 2686.0 948.21
204 2563.0 222.23
233 4942.0 802.85
293 9003.0 85.0
32 8424.0 724.21
66 8907.0 347.22
295 205.0 218.85
40 3962.0 549.15
55 2053.0 14.2
13 5472.0 641.22
106 5042.0 328.17
240 3984.0 540.0
156 1119.0 830.29
100 2740.0 756.5
237 3307.0 74.11
246 3507.0 812.36
41 2237.0 887.6
208 3987.0 905.44
42 8097.0 532.88
74 9595.0 682.95
164 1906.0 150.04
212 6750.0 614.34
104 6836.0 461.61
136 8123.0 719.41
2 6076.0 724.07
281 3892.0 277.98
216 1883.0 716.23
128 607.0 947.09
231 6960.0 162.08
284 9509.0 197.71
278 1700.0 396.16
174 6677.0 67.41
30 5540.0 101.45
261 7455.0 172.66
149 6331.0 172.07
295 7697.0 57.45
157 1814.0 731.29
256 8485.0 993.12
69 5762.0 12.71
249 3460.0 73.85
244 5713.0 716.19
145 2342.0 901.79
39 6857.0 827.15
96 1918.0 645.68
241 8511.0 439.38
174 8485.0 458.96
72 3361.0 789.98
203 6596.0 86.47
62 5275.0 90.08
159 8954.0 164.13
77 1643.0 774.77
135 5379.0 858.89
47 5030.0 82.36
14 709.0 489.48
70 4903.0 1.13
110 4760.0 536.03
49 9722.0 692.73
280 7968.0 388.94
217 810.0 775.83
206 3484.0 535.39
220 149.0 620.4
116 6253.0 33.55
229 7187.0 774.66
240 7742.0 278.28
48 8588.0 706.64
109 1264.0 333.7
181 7186.0 457.96
214 3955.0 534.55
93 1447.0 988.02
147 1086.0 189.27
185 7618.0 117.47
200 6812.0 919.92
98 5019.0 175.72
209 6636.0 374.55
154 4053.0 876.26
199 1052.0 800.47
88 7896.0 282.91
30 2486.0 197.58
196 4414.0 97.68
90 84.0 640.2
289 5205.0 614.35
63 620.0 620.1
6 7841.0 439.8
229 4461.0 441.57
170 8648.0 777.18
210 9538.0 76.98
109 3385.0 393.53
166 2020.0 569.33
273 7183.0 305.56
153 1252.0 929.3
265 8290.0 930.59
16 8830.0 697.59
95 1483.0 387.64
85 7995.0 745.74
64 7979.0 264.36
77 4162.0 67.87
125 8514.0 317.38
298 5572.0 358.83
200 2500.0 797.25
202 9507.0 390.69
158 8663.0 145.58
200 8473.0 183.91
83 4989.0 442.22
46 8454.0 198.75
291 4323.0 306.28
51 9228.0 384.02
162 5037.0 336.26
69 3961.0 868.62
60 5347.0 500.53
52 9779.0 905.87
118 2862.0 749.17
169 313.0 591.44
197 1106.0 327.15
50 6191.0 777.78
95 3724.0 700.51
257 3619.0 990.57
73 1564.0 799.84
66 3263.0 144.39
31 7757.0 623.19
215 6007.0 569.85
75 8861.0 555.68
292 5621.0 254.67
211 866.0 330.87
141 5443.0 711.53
150 5744.0 422.09
200 7715.0 884.51
213 8409.0 173.74
33 780.0 830.4
269 7937.0 821.3
135 5977.0 896.72
157 5299.0 624.31
182 9318.0 441.05
109 2824.0 395.62
214 6907.0 142.8
241 9080.0 179.75
39 5890.0 870.0
187 3223.0 293.48
240 1853.0 411.49
275 9652.0 604.5
264 7864.0 131.99
86 1685.0 11.11
102 7307.0 899.33
58 2936.0 396.43
265 7774.0 977.84
92 8037.0 790.69
298 9932.0 525.19
66 9928.0 25.99
56 8444.0 374.02
253 6132.0 346.52
289 3124.0 962.53
167 4430.0 32.55
241 5941.0 596.42
127 640.0 763.34
187 4229.0 147.45
216 337.0 167.91
284 159.0 744.2
232 1982.0 205.33
165 2852.0 432.65
269 4396.0 434.34
10 2529.0 106.91
135 8110.0 862.43
137 3344.0 559.07
121 9457.0 933.65
86 5480.0 701.42
201 4251.0 634.74
43 2798.0 132.44
58 3508.0 45.33
48 7450.0 660.62
143 5618.0 541.76
231 2200.0 325.31
108 1646.0 634.19
142 3153.0 608.24
144 3352.0 232.02
287 1499.0 66.68
241 3937.0 185.98
283 1634.0 682.19
38 9691.0 454.39
116 6498.0 660.46
97 5305.0 530.28
84 9349.0 651.71
30 6589.0 562.41
198 5245.0 552.07
199 9201.0 268.05
170 7102.0 73.69
236 5414.0 505.27
183 9215.0 566.89
117 4760.0 754.92
152 9759.0 964.48
269 87.0 860.99
96 5807.0 239.86
64 9435.0 165.94
147 3008.0 527.7
29 9086.0 328.68
210 3385.0 595.35
86 6453.0 572.43
280 7945.0 61.74
255 4546.0 64.91
241 9700.0 608.26
127 6919.0 702.68
146 1292.0 838.72
197 3732.0 369.13
143 4162.0 594.17
63 7957.0 945.93
177 1147.0 798.27
14 9600.0 773.81
203 5549.0 713.76
73 7387.0 308.29
209 9548.0 998.17
212 8252.0 360.49
239 1692.0 330.59
84 56.0 128.94
52 3512.0 585.64
123 744.0 243.23
102 5996.0 532.05
158 1799.0 666.08
92 1883.0 735.85
90 5229.0 547.53
283 651.0 968.85
80 8101.0 662.74
125 4592.0 995.59
105 5495.0 777.02
228 3387.0 220.03
198 3696.0 674.91
191 731.0 858.15
13 9983.0 651.82
44 1437.0 395.76
94 3510.0 815.1
219 9846.0 485.21
131 3664.0 403.09
124 3696.0 422.17
273 9021.0 62.72
79 9954.0 717.97
75 8805.0 286.92
183 84.0 390.83
46 9372.0 155.6
97 4530.0 845.51
281 5448.0 415.76
162 1961.0 859.68
265 1077.0 931.09
238 6410.0 298.82
8 2843.0 919.83
204 2319.0 179.14
159 4764.0 544.82
141 1925.0 314.91
126 9654.0 688.38
10 4599.0 981.55
47 4871.0 846.44
257 5144.0 229.32
264 207.0 823.14
249 2627.0 74.68
265 8524.0 818.46
278 1340.0 714.1
100 1649.0 205.98
108 1831.0 378.88
66 8856.0 877.5
41 7342.0 680.42
12 405.0 755.1
152 4781.0 430.32
22 8783.0 784.14
170 2432.0 889.75
62 8241.0 514.27
140 478.0 20.96
41 675.0 146.22
230 5735.0 701.03
90 6064.0 834.96
5 3456.0 214.45
27 4671.0 723.22
169 8772.0 986.27
241 5612.0 595.56
72 4955.0 502.56
177 999.0 76.57
107 1244.0 263.18
37 4542.0 524.0
132 2408.0 759.48
183 402.0 52.86
70 5401.0 842.35
161 9015.0 123.8
163 5465.0 523.28
104 6830.0 438.98
293 9879.0 339.69
17 4607.0 634.34
291 2267.0 658.47
170 7280.0 589.52
231 399.0 118.04
192 6488.0 444.01
246 1744.0 587.24
43 8218.0 445.48
110 5295.0 154.75
44 6108.0 91.64
139 267.0 240.97
60 1899.0 884.7
198 1202.0 910.72
47 4933.0 887.63
79 6057.0 995.12
176 2429.0 52.03
175 8337.0 471.81
73 2231.0 7.9
84 941.0 486.66
24 9530.0 524.69
215 2254.0 303.72
219 9372.0 923.65
13 5031.0 153.69
278 6433.0 944.75
159 9.0 965.87
194 9963.0 291.7
252 6457.0 681.6
165 8335.0 329.75
235 5486.0 364.67
221 1519.0 97.85
53 1504.0 717.47
20 603.0 185.52
122 2770.0 677.1
142 1985.0 163.09
107 5945.0 315.51
197 4020.0 844.62
175 4332.0 114.29
254 7658.0 859.91
24 7596.0 200.01
3 6286.0 912.44
94 3330.0 968.23
240 5076.0 965.52
279 9139.0 47.21
273 6759.0 859.36
93 1282.0 811.93
283 5350.0 708.32
95 1940.0 765.47
266 5136.0 661.53
5 9181.0 408.13
258 1845.0 990.38
68 2107.0 989.17
221 4511.0 853.26
284 8472.0 276.25
6 4060.0 322.89
114 5153.0 856.59
196 1235.0 142.26
300 6365.0 752.19
29 7926.0 449.78
89 1540.0 432.44
239 4088.0 917.36
294 1897.0 698.45
281 5200.0 908.1
266 7245.0 199.86
60 4258.0 913.37
110 5142.0 272.05
104 6568.0 581.2
57 7986.0 376.04
259 4378.0 194.07
35 6433.0 653.83
111 6991.0 616.81
71 6259.0 714.27
167 2332.0 780.15
299 6121.0 732.68
31 2350.0 812.02
227 2492.0 667.69
292 1935.0 717.54
90 9049.0 20.23
169 4181.0 47.63
23 8380.0 565.86
72 2534.0 37.97
85 8203.0 904.76
188 5993.0 795.62
291 1548.0 716.81
50 158.0 678.38
56 8498.0 920.14
245 2764.0 72.95
88 7407.0 546.27
11 6983.0 8.94
111 8211.0 676.98
238 596.0 619.58
95 370.0 95.56
180 5327.0 384.13
204 3352.0 496.05
213 3553.0 337.66
162 9950.0 664.08
191 934.0 117.27
194 2075.0 418.24
210 6163.0 207.51
296 9522.0 451.15
93 8395.0 985.36
73 6348.0 534.43
220 287.0 185.72
4 1183.0 756.09
246 1370.0 137.82
147 2116.0 785.03
171 6582.0 901.8
35 2090.0 549.75
123 3503.0 854.13
221 6350.0 263.54
55 8604.0 974.0
215 4306.0 328.0
106 9897.0 459.36
181 4733.0 888.67
118 1731.0 617.0
51 245.0 954.9
127 1697.0 768.83
224 5066.0 773.32
21 9435.0 226.1
157 7884.0 569.84
128 9544.0 694.27
206 6729.0 620.93
238 8648.0 583.05
246 384.0 566.6
38 7084.0 683.01
170 7559.0 476.31
48 9729.0 728.42
188 5517.0 701.43
152 2028.0 990.72
239 9925.0 677.14
182 6644.0 49.54
231 9046.0 444.87
189 7219.0 164.26
133 5627.0 493.37
100 5970.0 766.76
72 2491.0 477.91
48 6036.0 333.04
157 4771.0 52.22
240 7870.0 671.64
270 4353.0 527.85
37 6015.0 27.29
115 7758.0 680.08
169 474.0 213.93
6 5625.0 361.19
254 3438.0 202.27
206 5882.0 534.05
29 7236.0 961.87
247 5540.0 509.51
291 7617.0 522.87
23 6139.0 324.88
134 1672.0 889.4
278 1600.0 225.3
149 9573.0 49.25
26 1198.0 327.76
271 8518.0 520.11
251 3429.0 226.82
241 2589.0 601.24
4 1518.0 900.02
110 8408.0 287.02
103 6483.0 255.08
212 20.0 315.72
242 620.0 743.33
33 7918.0 959.79
54 4575.0 125.32
70 1051.0 340.51
229 6643.0 301.76
155 9599.0 358.74
267 2335.0 807.61
258 4546.0 114.65
118 95.0 603.31
61 6689.0 74.54
77 7011.0 391.61
93 4940.0 28.09
139 1063.0 86.09
243 3321.0 346.84
27 3842.0 165.94
218 2440.0 147.38
177 716.0 925.11
277 6096.0 21.85
187 2816.0 785.66
143 7501.0 65.04
214 642.0 409.06
128 9387.0 404.14
112 9111.0 664.41
171 7283.0 348.52
99 9428.0 44.48
100 4594.0 773.4
56 8747.0 514.51
198 1929.0 86.49
260 9671.0 464.55
123 5132.0 361.98
6 1338.0 623.18
31 8733.0 538.36
32 7792.0 482.28
37 8375.0 66.55
271 355.0 825.97
112 3871.0 383.78
54 5748.0 745.5
264 521.0 288.8
136 5785.0 306.21
129 4716.0 401.91
259 4198.0 459.46
84 4194.0 160.24
163 1865.0 238.62
190 5635.0 917.05
290 6766.0 419.39
29 4522.0 143.73
214 9821.0 843.52
182 1444.0 704.65
261 7455.0 146.35
82 2498.0 346.12
274 8034.0 710.59
266 1850.0 530.02
209 2461.0 367.73
193 2770.0 487.86
128 8888.0 884.01
218 1395.0 140.81
54 5978.0 854.13
139 2274.0 475.76
202 8532.0 689.2
41 7046.0 389.34
158 9570.0 274.37
243 569.0 643.96
261 4168.0 360.84
277 5268.0 667.35
83 9503.0 838.68
260 7255.0 854.15
255 125.0 545.25
58 2043.0 624.26
220 5385.0 136.38
55 2444.0 803.88
270 2828.0 952.93
75 8456.0 968.95
61 1647.0 41.09
133 4871.0 446.73
213 7902.0 753.9
292 5049.0 225.54
122 7847.0 981.03
177 9628.0 221.17
160 8850.0 928.26
234 8576.0 57.98
63 6828.0 538.73
39 9817.0 316.24
165 3579.0 242.01
79 2593.0 993.28
30 1365.0 101.64
246 3108.0 281.7
245 3493.0 560.85
300 596.0 794.46
132 6753.0 904.55
6 6348.0 104.24
20 6485.0 81.71
36 2800.0 62.5
41 2718.0 44.9
170 9708.0 305.69
271 4941.0 968.24
19 1314.0 918.88
141 72.0 796.5
297 5733.0 4.44
277 9910.0 562.73
150 8165.0 133.59
11 5732.0 179.06
54 8364.0 872.64
285 1405.0 492.68
185 5899.0 431.28
16 9432.0 14.67
47 4335.0 479.5
178 3336.0 602.39
133 8879.0 950.5
35 6992.0 723.65
65 6267.0 518.24
43 3149.0 721.48
26 6343.0 589.83
60 231.0 585.52
226 8108.0 835.25
156 8096.0 521.28
245 5591.0 686.13
236 7944.0 686.55
90 9944.0 747.37
122 7995.0 191.68
242 4910.0 449.3
203 6938.0 958.54
159 7885.0 624.05
111 9688.0 167.09
41 8755.0 26.44
297 557.0 191.83
100 7933.0 124.01
159 8560.0 172.77
76 5567.0 964.07
147 3671.0 579.06
32 2403.0 439.58
115 585.0 759.96
140 2653.0 119.01
162 4302.0 107.13
2 3110.0 963.23
173 5942.0 569.8
35 5925.0 227.96
158 8840.0 494.86
108 8018.0 475.35
292 4045.0 364.14
6 8996.0 943.39
45 2764.0 784.01
158 9769.0 40.91
159 5134.0 418.36
246 9255.0 630.63
239 2383.0 94.41
273 3800.0 513.75
122 8710.0 566.93
242 8220.0 780.68
218 7464.0 36.46
198 5951.0 537.97
204 6826.0 489.35
255 3728.0 399.54
219 9742.0 156.97
146 2281.0 83.07
173 6286.0 548.28
3 6511.0 200.73
40 9699.0 996.36
221 4468.0 236.61
193 3277.0 463.01
19 6169.0 477.18
252 364.0 506.98
35 7208.0 951.56
262 7948.0 469.21
121 957.0 25.42
236 8221.0 801.62
259 1804.0 688.08
78 4431.0 66.2
98 4148.0 783.53
178 7712.0 809.9
86 9773.0 20.05
198 340.0 917.39
210 1777.0 885.08
254 9816.0 340.03
293 3999.0 627.03
129 532.0 346.69
52 6898.0 245.36
270 6785.0 729.1
197 6162.0 627.7
48 931.0 502.71
51 857.0 329.46
21 6853.0 97.49
6 9024.0 128.28
140 5725.0 142.5
134 7611.0 421.74
296 4678.0 420.29
18 5341.0 649.88
115 6223.0 74.58
77 7452.0 635.99
61 2180.0 335.29
98 2917.0 311.98
11 5705.0 586.68
184 1393.0 138.17
161 2644.0 140.54
125 5879.0 412.01
78 4216.0 725.4
90 5161.0 591.91
226 9599.0 671.08
242 7999.0 480.3
295 8821.0 972.41
86 9328.0 526.51
91 76.0 14.12
227 8708.0 866.68
38 6430.0 689.77
201 760.0 76.71
162 1785.0 424.33
178 4635.0 949.29
174 4713.0 411.56
58 4435.0 384.42
171 6128.0 501.34
108 3735.0 670.07
76 5782.0 146.17
111 5367.0 233.0
49 1508.0 777.39
273 928.0 476.62
91 5331.0 178.26
217 9432.0 580.51
178 6656.0 196.87
47 113.0 696.92
222 2475.0 116.41
127 8384.0 556.42
105 398.0 728.87
113 3670.0 602.03
84 2404.0 388.33
278 5645.0 486.23
221 1336.0 4.15
124 9394.0 906.62
19 1448.0 141.66
201 2150.0 912.67
137 1346.0 912.71
73 4406.0 39.13
61 3134.0 236.51
268 5373.0 735.95
181 7385.0 298.22
76 8407.0 48.68
204 3299.0 783.96
295 9557.0 230.31
15 860.0 833.41
286 3720.0 863.99
287 5832.0 339.53
271 7116.0 807.89
293 2237.0 890.33
104 9611.0 749.31
258 6615.0 424.04
276 3162.0 869.26
260 4758.0 423.31
56 7131.0 427.31
205 799.0 764.25
298 3390.0 917.36
230 7571.0 408.52
62 3437.0 390.76
174 2682.0 997.84
208 1326.0 365.88
243 6335.0 503.57
200 9472.0 248.15
205 9157.0 65.3
12 8964.0 851.9
288 102.0 480.93
3 6636.0 634.33
295 7219.0 796.99
221 6936.0 828.88
223 9421.0 651.76
186 8751.0 569.12
200 9631.0 803.21
293 5986.0 875.06
116 8634.0 208.05
33 9115.0 20.76
269 7741.0 662.98
289 4319.0 643.01
139 2777.0 551.18
170 4597.0 180.41
10 2578.0 620.7
232 2957.0 479.41
260 7462.0 527.0
103 9297.0 148.54
175 6751.0 65.05
245 1132.0 36.06
289 3500.0 959.13
191 7116.0 635.69
154 2501.0 889.33
7 9236.0 289.0
273 1785.0 998.62
62 872.0 380.33
193 708.0 689.27
288 2700.0 569.33
235 6937.0 209.38
189 4635.0 566.59
142 5801.0 846.4
246 3443.0 420.25
254 3659.0 799.93
101 5590.0 230.07
192 6679.0 564.92
88 8583.0 445.18
256 4690.0 720.22
178 9228.0 695.01
105 6408.0 925.0
199 8644.0 819.66
188 3764.0 240.99
94 1097.0 325.11
120 3854.0 519.52
186 637.0 372.24
214 3486.0 321.46
42 7634.0 71.08
85 7333.0 616.65
246 2720.0 639.09
184 6220.0 223.43
108 760.0 711.54
116 2340.0 844.04
115 1450.0 667.2
58 2941.0 307.44
132 6938.0 156.17
238 4007.0 608.53
179 1740.0 152.95
145 4740.0 748.18
99 8403.0 240.74
173 2948.0 523.96
146 2218.0 40.4
287 2601.0 194.72
76 3294.0 236.58
292 3427.0 408.01
258 7560.0 837.68
95 3260.0 807.8
231 4717.0 209.15
39 2200.0 825.44
180 2424.0 995.07
172 8252.0 452.81
174 6795.0 342.17
26 7388.0 804.67
7 1890.0 960.15
73 447.0 269.34
291 2534.0 271.77
183 2963.0 738.48
137 8415.0 175.48
153 5170.0 864.77
198 159.0 326.42
271 619.0 177.32
147 4924.0 679.81
78 257.0 166.45
267 838.0 152.49
230 1593.0 541.35
162 1566.0 596.39
175 1099.0 451.47
41 9712.0 574.07
58 8524.0 419.72
126 5580.0 691.44
37 4740.0 50.41
291 5775.0 334.49
195 7786.0 591.35
36 5706.0 604.77
251 1350.0 731.26
46 5347.0 374.98
75 9163.0 181.86
297 7569.0 382.16
241 178.0 843.84
50 2666.0 282.75
285 9958.0 330.79
275 4796.0 618.23
243 3746.0 797.37
68 2581.0 25.47
196 5883.0 321.13
92 6017.0 905.78
85 7785.0 47.45
296 274.0 888.37
12 1968.0 599.34
84 8494.0 163.0
297 6074.0 922.38
110 7859.0 273.86
47 7447.0 367.43
227 643.0 87.2
17 1815.0 746.12
48 8091.0 853.59
279 8553.0 222.04
42 3279.0 807.64
248 3460.0 793.83
164 2820.0 742.97
264 6348.0 175.44
51 7525.0 159.59
2 2234.0 773.41
68 2095.0 159.72
135 1891.0 5.11
262 4545.0 853.84
83 3242.0 627.03
264 2463.0 528.55
274 8486.0 58.92
154 8255.0 212.47
256 7777.0 308.22
232 2279.0 895.59
171 8196.0 295.76
121 4279.0 428.48
73 9968.0 595.62
153 3434.0 223.45
113 9505.0 111.98
46 1183.0 306.44
195 8567.0 280.91
235 2008.0 499.59
35 3960.0 750.85
111 3733.0 676.14
242 146.0 263.29
189 1861.0 860.55
180 5058.0 999.11
247 2884.0 327.24
88 7968.0 710.57
262 8995.0 137.47
78 5383.0 936.03
285 8770.0 213.47
2 8633.0 507.82
15 7698.0 778.88
118 6650.0 11.46
294 2712.0 81.46
201 6245.0 859.93
12 8088.0 930.94
168 9874.0 994.14
186 9575.0 770.67
204 5787.0 933.89
136 2489.0 526.84
278 4777.0 265.26
183 7276.0 188.29
140 9515.0 850.62
48 8886.0 85.9
133 2126.0 266.46
271 6435.0 872.66
94 8123.0 84.97
110 2192.0 592.85
165 4214.0 366.74
284 9791.0 663.69
126 5728.0 217.8
52 5887.0 58.91
159 5266.0 490.97
108 2921.0 996.11
165 8082.0 425.28
7 184.0 436.72
146 1312.0 567.43
103 5045.0 813.31
161 766.0 235.6
93 5740.0 318.84
273 6470.0 673.53
179 126.0 936.06
132 204.0 739.04
112 7063.0 813.41
183 5704.0 110.29
139 7924.0 642.77
37 4586.0 848.32
175 4006.0 291.0
270 1764.0 74.23
231 5147.0 234.61
167 2133.0 418.39
86 9495.0 224.91
40 9819.0 728.94
228 5887.0 994.11
207 2087.0 638.27
155 8829.0 460.63
257 6587.0 113.56
10 7289.0 899.25
57 4660.0 962.55
214 5488.0 219.27
277 7741.0 291.86
98 8159.0 810.53
19 4141.0 523.01
60 938.0 742.44
95 5380.0 326.15
125 1644.0 313.01
97 5997.0 110.96
161 2027.0 731.12
195 4414.0 569.3
272 1999.0 717.22
177 6225.0 252.82
3 8033.0 41.17
119 4935.0 6.25
259 8572.0 164.5
163 1653.0 547.31
114 3831.0 870.64
77 3236.0 117.7
223 7488.0 196.21
277 1615.0 842.43
7 3079.0 818.92
244 9483.0 596.93
105 2515.0 48.16
54 6487.0 185.01
232 1064.0 157.61
136 9493.0 789.12
236 6940.0 987.53
190 8869.0 742.71
62 4062.0 757.11
286 6657.0 189.04
116 6708.0 586.58
262 6243.0 560.98
126 9555.0 774.5
38 6531.0 185.83
213 3263.0 753.48
241 6970.0 279.72
124 8680.0 506.02
64 6509.0 564.98
27 7328.0 65.48
87 3013.0 803.93
298 9468.0 456.91
162 6261.0 635.27
227 8959.0 573.22
185 381.0 535.98
106 6619.0 271.67
174 9955.0 768.0
39 2884.0 847.94
43 6457.0 264.72
299 8728.0 958.25
221 7031.0 731.92
63 9793.0 386.42
17 4268.0 376.49
292 4483.0 486.22
205 3177.0 416.5
53 9158.0 418.12
226 9807.0 686.5
107 7196.0 463.44
178 3241.0 12.25
117 7676.0 297.76
40 911.0 520.21
256 8472.0 862.0
134 6484.0 183.67
27 6528.0 726.71
233 6196.0 97.25
171 9923.0 944.63
25 279.0 861.46
77 1229.0 947.54
169 2483.0 203.61
253 4288.0 568.34
158 8405.0 474.62
115 5720.0 175.89
161 7530.0 721.86
28 6079.0 144.55
123 2851.0 71.92
214 8917.0 656.94
252 2146.0 333.1
101 4498.0 139.52
80 1747.0 882.09
192 6346.0 958.49
3 9054.0 75.62
92 650.0 791.75
142 11.0 315.03
65 6656.0 121.01
125 5563.0 395.03
140 6388.0 301.0
207 5347.0 784.81
53 8614.0 512.36
265 7931.0 556.09
160 4519.0 739.57
292 8556.0 155.22
149 8680.0 194.92
210 71.0 270.46
273 7143.0 299.24
197 5913.0 730.1
164 8400.0 893.28
107 9805.0 575.4
138 3559.0 345.21
175 445.0 387.71
119 6781.0 329.9
261 6291.0 346.7
216 2761.0 409.04
290 8930.0 156.34
87 7906.0 956.37
42 1872.0 306.53
256 4789.0 771.31
59 1517.0 659.59
81 6973.0 380.31
94 2528.0 114.78
236 1374.0 469.45
27 8833.0 847.05
48 7616.0 378.29
146 9494.0 585.94
166 6616.0 22.54
145 2363.0 194.33
12 2949.0 940.36
220 408.0 769.13
185 85.0 925.15
165 5430.0 50.73
35 6240.0 888.24
260 8259.0 702.06
248 8038.0 488.75
57 2630.0 335.49
41 851.0 384.86
104 4654.0 643.59
88 5172.0 746.09
201 6820.0 629.25
222 7110.0 479.08
120 889.0 650.71
186 1248.0 198.22
154 1023.0 913.39
16 3887.0 637.37
59 4441.0 983.69
50 8308.0 140.38
91 6490.0 864.04
53 2863.0 511.39
265 6326.0 128.41
46 5032.0 254.52
249 8948.0 668.59
285 154.0 951.0
234 3274.0 838.92
206 2984.0 732.92
28 2207.0 121.71
288 2266.0 623.14
47 6391.0 230.43
183 561.0 751.14
117 106.0 195.33
275 7631.0 353.98
211 7268.0 830.48
111 6835.0 42.37
32 7254.0 359.34
129 6966.0 772.48
19 9839.0 83.7
122 9680.0 505.09
251 4517.0 469.0
257 5510.0 576.51
248 2648.0 863.26
254 6679.0 380.65
293 1077.0 125.27
279 7347.0 10.39
62 4450.0 64.43
265 416.0 974.55
282 8718.0 841.29
236 2087.0 958.63
81 3359.0 435.15
183 42.0 704.44
299 3418.0 318.45
17 5850.0 574.34
162 2295.0 494.57
244 1483.0 337.99
44 3905.0 713.96
8 7136.0 568.11
216 5939.0 555.21
41 8440.0 696.66
86 1527.0 891.12
254 1810.0 478.52
127 5769.0 358.09
152 6803.0 264.98
276 7250.0 254.84
199 7452.0 490.58
9 3078.0 87.58
29 3842.0 919.95
110 6224.0 310.84
138 712.0 837.08
27 8288.0 983.78
190 3744.0 451.33
36 4865.0 675.24
24 5434.0 134.21
270 2597.0 494.51
262 917.0 555.98
40 5273.0 220.78
80 4930.0 234.4
261 192.0 879.7
286 1937.0 580.75
233 7507.0 530.45
20 7967.0 850.82
125 3780.0 871.06
254 7223.0 73.95
221 8914.0 734.12
140 5126.0 379.71
222 1911.0 993.22
285 207.0 126.98
42 1349.0 889.84
108 3530.0 707.23
94 9655.0 628.18
265 9303.0 877.26
177 6858.0 354.51
53 8067.0 34.76
284 3324.0 391.44
172 9743.0 736.55
257 6883.0 914.05
277 676.0 964.99
187 7392.0 846.55
92 1322.0 841.11
103 2249.0 74.88
88 1977.0 563.28
249 3511.0 299.72
159 4736.0 79.91
127 2050.0 287.17
158 8281.0 742.68
133 4858.0 667.59
23 3496.0 434.59
203 2306.0 157.79
184 1571.0 575.43
70 6182.0 643.5
30 5087.0 348.38
53 6061.0 395.6
242 686.0 964.13
134 1890.0 363.2
186 7011.0 539.21
140 6280.0 950.75
287 2866.0 475.99
115 5485.0 697.56
154 1206.0 915.44
95 5251.0 426.16
23 1001.0 115.12
54 8749.0 919.5
73 9048.0 225.63
22 579.0 641.74
10 4253.0 134.68
129 6928.0 125.84
263 8376.0 375.05
174 6919.0 509.27
251 4854.0 899.97
203 722.0 839.84
285 8276.0 213.23
293 1669.0 98.8
141 7520.0 223.67
47 3249.0 236.49
133 5851.0 701.93
268 4568.0 675.92
198 8055.0 689.71
6 4836.0 808.72
56 8900.0 11.6
43 6015.0 804.66
280 6515.0 577.0
6 7584.0 218.36
175 7648.0 898.09
198 4176.0 590.76
240 8447.0 701.66
170 6701.0 802.35
194 860.0 399.43
212 3365.0 273.89
178 6081.0 438.33
70 6769.0 283.37
33 2920.0 82.44
248 5429.0 342.77
90 5699.0 787.11
98 2169.0 181.89
37 8522.0 87.66
223 5515.0 536.36
261 6092.0 462.49
263 800.0 65.03
193 3595.0 675.76
137 5415.0 917.51
97 8372.0 748.55
100 9083.0 283.23
165 5567.0 283.74
24 219.0 18.53
60 8533.0 705.53
226 4414.0 739.74
210 8998.0 862.1
169 5216.0 789.3
32 2079.0 489.31
207 2496.0 934.66
151 1824.0 566.54
62 8556.0 99.33
145 8788.0 91.86
158 6018.0 790.69
132 157.0 588.02
138 8374.0 214.86
294 7126.0 290.38
102 5411.0 739.01
190 5213.0 88.82
106 7371.0 28.34
67 3669.0 960.1
294 3837.0 853.16
238 6944.0 207.42
221 3530.0 615.48
188 2157.0 736.78
1
300
1 1 2.73 0.0 18.58
4 106 1.06 49.93 93.25 177 9.87 535.96 574.32 262 7.43 477.56 522.48 292 6.5 531.91 595.48
4 30 7.79 475.94 539.16 55 4.33 465.46 502.3 176 9.97 495.16 530.73 191 6.75 413.85 479.69
4 66 6.04 682.69 732.03 280 3.1 914.31 970.77 290 1.2 910.31 970.17 298 5.98 1147.21 1195.05
4 63 1.77 1185.23 1249.77 77 6.34 1036.87 1089.8 183 3.03 1098.23 1153.77 242 4.55 787.95 844.68
4 117 5.25 1290.9 1324.3 124 4.13 1349.46 1391.36 203 3.97 1142.87 1198.87 232 9.67 1273.37 1313.8
4 9 7.73 1462.37 1519.35 111 6.54 1583.24 1634.56 146 1.52 1703.26 1759.66 233 7.92 1614.92 1662.22
4 87 5.87 1937.0 1971.26 170 5.91 1811.4 1855.53 206 8.42 2207.06 2261.91 270 6.89 1961.8 2014.89
4 139 6.37 2371.0 2426.57 167 1.83 2243.45 2309.99 172 8.43 2498.43 2542.54 199 2.18 2375.61 2440.54
4 54 9.8 2526.94 2582.78 192 8.56 2619.13 2666.26 264 1.9 2522.25 2587.55 267 4.82 2486.79 2530.16
4 51 9.04 2883.04 2940.47 75 7.35 2862.11 2908.91 212 3.2 3011.17 3060.04 273 5.41 2989.34 3047.15
4 29 1.01 3237.7 3278.42 173 9.28 3284.01 3327.61 197 6.28 3170.08 3203.59 230 4.11 3355.61 3395.94
4 13 6.62 3680.55 3733.83 227 3.43 3667.71 3726.88 272 5.6 3666.86 3716.21 295 5.57 3617.8 3652.77
4 46 3.52 3984.79 4022.35 162 5.37 4036.51 4092.01 201 2.94 3814.33 3875.43 238 7.8 4027.35 4077.91
4 155 8.96 4274.07 4332.24 248 9.82 4282.31 4337.81 282 6.68 4163.58 4223.31 289 6.18 4279.17 4313.15
4 109 2.03 4623.34 4676.77 147 1.23 4735.46 4783.08 190 3.53 4789.32 4823.92 266 9.41 4457.35 4496.57
4 96 2.22 4880.4 4929.64 119 9.02 4938.38 4973.17 141 3.92 5209.95 5274.72 235 6.5 4880.31 4924.06
4 47 8.83 5247.97 5291.96 86 1.1 5214.95 5262.62 140 3.72 5290.22 5349.61 189 1.86 5220.98 5286.93
4 10 2.03 5552.45 5611.46 53 4.91 5482.4 5532.34 82 5.32 5681.14 5744.71 138 8.96 5698.96 5764.01
4 11 7.12 5557.48 5624.12 27 3.45 5789.62 5844.73 237 4.31 5827.72 5882.03 275 6.53 5974.72 6033.36
4 56 5.06 6003.11 6036.85 67 8.28 6202.18 6267.74 76 2.28 5938.54 5984.47 101 9.33 5990.35 6050.64
1 300 9.17 6641.85 6681.76
