60 0 0 1 42
59
59
59
59
59
59
59
59
59
59
59
59
59
59
59
59
59
59
59
59
59
59
59
59
59
59
59
59
59
59
59
59
59
59
59
59
59
59
59
59
59
59
59
59
59
59
59
59
59
59
59
59
59
59
59
59
59
59
59
59
60 2128 40.53
59 8421 597.90
58 8908 542.74
57 7483 58.10
56 4985 631.90
55 331 424.15
54 5717 842.42
53 1784 906.40
52 4680 423.73
51 4154 655.87
50 8416 930.50
49 8460 345.04
48 5133 255.36
47 3064 445.23
46 8886 790.40
45 7255 695.72
44 6296 558.12
43 6885 288.14
42 1254 146.67
41 7703 579.68
40 501 564.99
39 4645 147.27
38 9139 151.02
37 3842 20.91
36 738 554.85
35 908 687.64
34 4940 388.76
33 3191 928.86
32 5046 180.61
31 606 190.72
30 8977 476.69
29 1666 257.83
28 2750 980.43
27 4778 985.49
26 4365 160.38
25 8848 670.40
24 727 768.00
23 7534 838.34
22 9826 173.38
21 3654 130.90
20 7565 317.41
19 3283 882.98
18 475 400.40
17 7622 418.46
16 7012 516.42
15 6540 495.55
14 5270 116.32
13 9305 758.12
12 6868 144.75
11 669 214.86
10 77 196.01
9 5298 596.32
8 346 843.12
7 5195 864.03
6 9347 529.98
5 6789 540.74
4 2190 533.53
3 4587 116.90
2 1316 950.32
60 1392 797.76
59 8901 279.07
58 9167 553.55
57 6821 302.15
56 4890 3.74
55 652 70.79
54 5250 199.00
53 191 48.25
52 7066 414.12
51 7157 892.44
50 7298 408.91
49 8766 773.26
48 4141 693.48
47 5145 76.04
46 2894 6.63
45 9545 275.28
44 7023 673.87
43 8247 903.50
42 6328 331.09
41 4623 227.40
40 8176 803.58
39 5060 601.35
38 8609 748.27
37 9090 665.60
36 2153 155.37
35 9317 605.38
34 4524 486.16
33 4554 49.98
32 1352 685.00
31 3654 712.70
30 1622 737.90
29 8857 564.70
28 4104 335.73
27 1421 997.02
26 9017 839.92
25 2033 851.37
24 4765 662.46
23 8031 785.64
22 6513 805.18
21 6293 405.65
20 1998 801.60
19 9611 626.36
18 4886 97.53
17 5649 831.40
16 4088 570.51
15 1482 600.14
14 9555 454.23
13 8456 741.20
12 1476 375.08
11 3878 102.53
10 6814 590.64
9 6521 969.89
8 3176 104.00
7 2400 276.73
6 7099 645.77
5 4143 445.15
4 2746 575.36
3 1305 687.19
1 1 717.76
60 9402 960.39
59 9448 775.49
58 7287 507.34
57 6763 952.16
56 2540 104.18
55 783 827.30
54 3879 487.68
53 4469 275.32
52 3703 624.27
51 4309 341.89
50 5882 786.24
49 5286 71.16
48 3161 500.36
47 5569 57.53
46 8603 404.90
45 1617 669.01
44 7030 596.73
43 5880 487.75
42 5262 306.76
41 1175 687.33
40 3188 37.30
39 5983 560.91
38 6335 860.60
37 7530 105.98
36 7948 378.98
35 6348 420.18
34 1017 966.67
33 2572 451.19
32 1578 394.21
31 1769 454.64
30 3982 624.21
29 8198 830.79
28 9833 255.72
27 114 4.75
26 2822 453.04
25 7839 596.44
24 2841 980.23
23 2693 126.43
22 9476 331.79
21 3889 108.12
20 2136 491.99
19 6296 329.65
18 818 185.01
17 8288 648.94
16 8365 331.71
15 6806 702.09
14 4178 198.90
13 7274 983.37
12 9 95.28
11 6164 334.59
10 1537 949.97
9 2116 126.82
8 8067 488.70
7 4398 751.81
6 5147 574.07
5 4461 444.82
4 9894 10.24
2 7148 650.62
1 7557 731.66
60 4244 992.92
59 2591 589.06
58 8382 943.20
57 9541 542.58
56 1260 331.79
55 6142 910.99
54 1883 280.84
53 1226 647.59
52 5363 740.43
51 7390 181.55
50 4897 680.58
49 294 814.00
48 17 148.53
47 9869 619.95
46 3312 222.70
45 5778 78.05
44 8337 696.69
43 1504 686.73
42 5200 503.04
41 4779 776.26
40 2971 552.82
39 1603 461.85
38 553 822.85
37 7759 206.36
36 1038 444.57
35 3102 575.66
34 3720 609.22
33 2803 454.36
32 7094 908.13
31 6269 405.28
30 2159 738.37
29 5441 938.67
28 5185 269.85
27 64 228.63
26 7467 261.00
25 9034 842.64
24 800 811.07
23 43 908.54
22 7539 955.69
21 6957 685.84
20 7518 357.16
19 4367 665.53
18 7070 924.23
17 221 10.53
16 4558 35.25
15 8440 924.92
14 9701 703.76
13 9179 596.37
12 6430 466.51
11 150 557.41
10 5229 897.81
9 3439 997.07
8 1504 453.59
7 6057 782.35
6 6614 926.83
5 4605 791.42
3 4504 918.07
2 910 660.43
1 5328 554.25
60 8637 143.03
59 5275 749.77
58 2164 789.60
57 2898 476.86
56 4216 321.41
55 2405 477.47
54 4551 282.50
53 3621 902.23
52 9353 602.06
51 6998 340.83
50 7583 400.41
49 5768 785.30
48 3273 912.40
47 3686 456.94
46 1052 504.24
45 1601 867.55
44 1239 391.94
43 2550 294.55
42 9398 203.63
41 1714 480.13
40 7433 469.96
39 3291 506.97
38 9772 42.79
37 654 996.67
36 5192 637.36
35 537 697.27
34 7219 602.62
33 180 664.67
32 6211 468.10
31 9492 318.85
30 6620 666.25
29 1598 112.92
28 1660 826.40
27 2337 122.65
26 3715 703.94
25 6527 591.44
24 2217 53.02
23 364 317.08
22 6817 123.23
21 7493 317.91
20 7692 364.21
19 2502 297.06
18 7695 608.84
17 804 996.03
16 9734 898.69
15 8363 747.93
14 6875 449.79
13 4320 901.95
12 1760 513.74
11 5470 209.80
10 2096 885.65
9 6656 850.92
8 4519 26.08
7 7607 738.24
6 8980 500.19
4 3216 94.58
3 2156 900.85
2 30 844.83
1 471 638.89
60 7624 956.45
59 264 244.31
58 5861 432.66
57 2217 695.62
56 1408 673.31
55 3459 582.23
54 1920 372.59
53 6985 290.60
52 6746 50.86
51 8569 626.67
50 225 572.99
49 966 320.57
48 3437 828.26
47 1555 768.12
46 9453 609.08
45 5729 957.50
44 8155 979.41
43 9320 237.36
42 6396 185.31
41 1484 818.27
40 8676 546.72
39 9670 549.35
38 4036 680.52
37 5366 340.53
36 3296 744.23
35 5916 834.83
34 317 970.05
33 343 494.48
32 9773 947.90
31 4695 966.70
30 2327 985.93
29 3784 415.51
28 2618 181.96
27 7065 715.33
26 890 777.56
25 2206 448.63
24 5194 510.22
23 7671 771.42
22 415 501.13
21 6318 610.27
20 3295 604.01
19 8344 771.79
18 5097 427.64
17 3475 788.06
16 6061 489.17
15 9461 1.58
14 1341 77.73
13 1869 652.02
12 6647 167.66
11 33 78.72
10 7954 388.27
9 4598 242.83
8 3829 800.88
7 7116 74.35
5 8131 257.97
4 5172 259.05
3 3158 732.65
2 269 616.19
1 6793 495.94
60 1493 964.95
59 1596 854.28
58 8050 613.17
57 4919 718.10
56 9744 543.63
55 2025 402.36
54 5732 994.55
53 3308 153.81
52 7577 510.20
51 3446 568.76
50 999 413.39
49 1078 835.10
48 7025 132.71
47 1230 716.93
46 9525 885.15
45 8588 615.72
44 9360 598.76
43 6516 494.73
42 8996 598.95
41 2303 281.98
40 8212 431.55
39 9203 285.02
38 5975 825.01
37 2355 979.77
36 5305 347.50
35 2802 42.87
34 2767 505.60
33 7105 397.61
32 4869 681.46
31 6970 29.39
30 4867 710.84
29 7721 845.91
28 6112 468.05
27 5519 140.47
26 1072 371.83
25 351 78.01
24 5221 466.02
23 317 979.04
22 5023 338.11
21 4414 220.30
20 5716 89.71
19 6680 551.75
18 5488 420.07
17 6671 956.20
16 5315 673.41
15 5744 145.50
14 1615 143.53
13 5194 244.16
12 6017 423.12
11 8313 981.81
10 4305 811.87
9 9256 125.09
8 774 364.97
6 2438 755.84
5 2446 7.51
4 4019 557.21
3 8816 423.65
2 9379 447.07
1 3836 931.92
60 4028 233.31
59 9955 992.19
58 1488 724.45
57 6002 866.06
56 3683 629.76
55 5857 131.07
54 5757 171.08
53 1964 26.88
52 1981 475.55
51 9632 828.39
50 4082 425.60
49 804 339.14
48 1462 259.01
47 9329 670.04
46 4997 382.57
45 4839 710.51
44 736 681.16
43 7943 625.74
42 3625 135.10
41 6812 137.35
40 9759 99.71
39 2381 533.83
38 4777 300.39
37 769 632.98
36 6876 238.65
35 3775 234.41
34 4865 797.75
33 8966 793.64
32 7694 783.69
31 8131 253.63
30 6747 664.49
29 4168 979.46
28 899 458.30
27 8791 142.87
26 729 180.60
25 7190 95.67
24 1896 190.27
23 8808 39.29
22 5799 854.01
21 9399 582.27
20 8119 680.38
19 5869 192.65
18 2772 821.19
17 5223 191.95
16 315 389.27
15 1708 739.74
14 9013 448.41
13 8977 421.96
12 602 846.55
11 6513 142.55
10 4242 195.01
9 3807 918.21
7 7137 410.59
6 2637 372.79
5 6949 649.78
4 9866 398.28
3 4676 741.60
2 1809 255.23
1 8310 394.56
60 1173 739.83
59 2767 80.33
58 4424 512.45
57 3235 914.28
56 5349 829.41
55 6431 26.86
54 6599 399.46
53 8371 646.65
52 7198 604.81
51 5231 820.63
50 1947 48.19
49 190 226.99
48 6586 453.82
47 8334 195.64
46 1046 783.69
45 8642 413.72
44 5960 573.99
43 505 893.55
42 9445 839.14
41 4631 709.06
40 5895 789.63
39 3576 140.09
38 2931 298.87
37 4226 358.82
36 5662 687.92
35 739 320.68
34 3734 970.22
33 2319 325.89
32 7192 563.44
31 3207 233.83
30 2887 470.42
29 7949 112.69
28 6660 53.91
27 1559 221.90
26 4581 87.38
25 6347 852.88
24 8337 644.22
23 2642 834.52
22 5166 230.35
21 9209 248.90
20 6023 444.61
19 3147 437.95
18 6669 317.93
17 1449 750.13
16 3344 432.63
15 3577 790.75
14 7991 885.45
13 6465 368.38
12 4798 838.11
11 3743 377.47
10 8196 91.23
8 4682 682.27
7 5899 70.13
6 811 276.15
5 2637 12.73
4 6701 730.44
3 3652 848.29
2 8870 207.51
1 535 92.64
60 1572 295.25
59 5810 582.99
58 7193 830.96
57 3610 181.91
56 1056 420.16
55 8487 578.10
54 6481 318.54
53 1235 926.56
52 8311 428.87
51 3868 788.83
50 6690 148.63
49 1184 359.27
48 5051 63.64
47 5019 29.28
46 1291 545.72
45 5735 415.88
44 9601 947.77
43 7825 499.82
42 2175 352.08
41 9615 860.14
40 4770 121.95
39 2444 357.98
38 2725 122.53
37 2032 976.50
36 4346 151.84
35 5694 794.24
34 6910 91.94
33 5942 854.16
32 8973 182.13
31 1765 269.33
30 2795 789.29
29 600 650.94
28 6615 663.05
27 8551 267.61
26 323 4.58
25 4546 247.59
24 6761 480.53
23 1157 705.50
22 8713 118.34
21 6717 462.52
20 6233 459.93
19 8360 93.98
18 1962 932.71
17 2470 286.91
16 5968 456.19
15 2433 787.10
14 9299 890.52
13 5360 636.51
12 3330 516.85
11 8364 563.71
9 8493 985.91
8 8838 199.79
7 9297 543.67
6 2329 696.00
5 1166 698.99
4 5418 301.26
3 9992 800.50
2 1504 857.51
1 6712 842.94
60 4590 547.22
59 7506 41.14
58 1261 517.07
57 1333 788.72
56 1260 92.82
55 3147 562.77
54 6121 695.94
53 7765 100.10
52 7446 961.06
51 9192 638.42
50 3492 627.03
49 4354 963.35
48 8174 857.12
47 8443 164.66
46 5719 902.09
45 3521 548.19
44 9421 681.47
43 1297 227.84
42 8316 943.47
41 3935 994.09
40 9144 531.25
39 3313 290.67
38 3825 856.19
37 6547 581.66
36 1146 324.20
35 183 32.99
34 7912 466.98
33 1980 671.02
32 3564 522.64
31 6166 434.53
30 9286 509.72
29 3807 662.82
28 2140 759.13
27 7928 382.14
26 2663 59.32
25 9294 419.64
24 4340 429.50
23 7733 905.04
22 1646 229.41
21 7502 618.85
20 732 207.68
19 1700 814.15
18 2823 546.23
17 7920 700.74
16 6997 915.58
15 3419 384.82
14 8866 448.36
13 6714 851.93
12 1692 40.31
10 4161 651.20
9 7934 704.17
8 4123 536.28
7 5060 604.55
6 4914 831.40
5 1137 266.67
4 8293 764.96
3 6305 944.89
2 3859 310.04
1 3835 490.09
60 1927 619.61
59 313 788.39
58 4093 925.43
57 6892 739.26
56 1370 244.86
55 8993 502.39
54 5176 507.88
53 4673 170.32
52 4016 413.05
51 4683 752.07
50 6940 914.80
49 4488 667.82
48 7979 126.64
47 9703 982.64
46 9131 870.17
45 2993 752.32
44 3626 724.84
43 8866 973.82
42 5427 696.36
41 1378 984.67
40 1207 403.53
39 5604 785.11
38 2078 461.80
37 261 908.51
36 6444 550.15
35 6241 935.75
34 6095 820.84
33 8596 734.40
32 5135 932.75
31 9331 683.93
30 4479 105.99
29 2278 260.61
28 5898 16.94
27 2383 977.72
26 6711 857.70
25 9745 443.60
24 319 405.42
23 8124 758.24
22 538 356.43
21 5992 830.22
20 2275 489.76
19 1412 770.25
18 603 281.29
17 9442 187.74
16 1202 710.48
15 8543 64.50
14 6840 797.77
13 2347 750.20
11 2921 429.51
10 9626 587.24
9 97 463.08
8 3084 394.35
7 9193 30.04
6 2662 61.02
5 61 597.22
4 2743 798.05
3 6 857.55
2 4998 529.38
1 4175 554.03
60 1273 418.11
59 5496 820.43
58 1102 979.37
57 603 646.19
56 5319 291.40
55 5640 323.55
54 3253 976.53
53 4182 319.49
52 867 558.25
51 3657 737.52
50 7304 807.39
49 4239 799.56
48 1714 73.69
47 3435 583.60
46 397 161.59
45 6140 661.04
44 6146 619.71
43 5555 259.89
42 4028 923.09
41 7441 576.15
40 3321 482.54
39 8447 193.27
38 6788 54.68
37 5717 112.19
36 5238 943.89
35 1467 649.30
34 7985 107.56
33 6081 396.89
32 5138 349.46
31 2017 635.54
30 5429 529.92
29 1991 726.42
28 3498 6.59
27 9991 452.88
26 9620 951.57
25 7656 477.34
24 562 69.11
23 3870 587.67
22 1381 154.55
21 3186 492.08
20 4923 500.43
19 3465 607.48
18 3 490.47
17 6330 143.09
16 7223 57.59
15 4087 793.85
14 2749 519.38
12 9633 806.83
11 2237 2.35
10 5262 488.28
9 6391 621.15
8 8145 993.66
7 7239 816.74
6 4252 932.54
5 5994 226.45
4 5462 242.43
3 7734 336.94
2 5872 266.02
1 5890 291.02
60 8905 782.15
59 3014 42.42
58 9671 118.52
57 3805 568.14
56 1725 8.10
55 7534 754.06
54 5490 221.46
53 9367 779.76
52 4871 840.16
51 5475 920.35
50 8864 531.55
49 301 780.07
48 2455 215.18
47 5612 69.59
46 1091 999.76
45 161 164.25
44 2040 53.07
43 8824 923.91
42 6521 353.50
41 4452 949.01
40 937 127.87
39 4670 438.31
38 5175 418.54
37 6683 860.85
36 1782 423.06
35 39 665.92
34 9210 981.05
33 1685 384.65
32 6834 290.58
31 6728 358.31
30 7592 774.16
29 1987 522.15
28 4309 103.41
27 2823 431.50
26 9494 451.43
25 629 221.97
24 5980 68.28
23 2834 371.48
22 1594 928.45
21 9732 621.23
20 6644 643.11
19 8464 972.93
18 5494 469.04
17 8586 154.79
16 9180 320.12
15 594 378.11
13 8132 483.76
12 1976 623.02
11 4048 718.96
10 8182 735.87
9 6449 94.78
8 9195 600.04
7 4909 66.20
6 9635 752.73
5 826 188.69
4 2667 441.22
3 3192 51.23
2 5902 93.21
1 8462 503.55
60 8634 667.86
59 1025 322.63
58 6417 280.03
57 7664 870.47
56 7456 558.77
55 3751 885.98
54 9983 396.14
53 7597 863.18
52 9020 787.75
51 5577 395.99
50 8517 236.74
49 5493 882.85
48 2431 342.41
47 2546 868.25
46 2204 429.92
45 9610 178.02
44 1165 258.04
43 1655 171.41
42 9556 590.84
41 1009 394.42
40 17 94.75
39 6587 169.99
38 2528 460.97
37 4912 405.16
36 783 505.89
35 377 728.31
34 6414 153.27
33 3222 528.06
32 3544 539.71
31 3336 180.21
30 9855 590.90
29 1673 348.90
28 4091 1.65
27 1625 586.57
26 4552 200.61
25 1543 939.07
24 6454 377.35
23 7567 678.27
22 3079 244.06
21 7822 477.92
20 916 606.73
19 5264 739.35
18 7085 252.28
17 8396 451.38
16 2504 635.98
14 4750 751.74
13 7178 78.63
12 814 264.97
11 5794 57.62
10 6629 327.70
9 3774 683.45
8 7701 87.30
7 9762 482.71
6 7959 200.78
5 3754 500.76
4 2468 680.61
3 6825 883.86
2 5562 897.39
1 920 972.13
60 6021 183.00
59 7961 385.79
58 4100 610.13
57 9743 4.38
56 9024 212.87
55 9543 76.21
54 3015 974.84
53 2764 230.73
52 6612 724.27
51 7023 514.17
50 4068 249.51
49 7587 360.41
48 7463 146.31
47 5418 38.48
46 8193 27.63
45 6672 432.79
44 4529 629.78
43 3357 154.54
42 2359 525.80
41 2632 494.42
40 5484 748.60
39 9025 846.00
38 3994 320.43
37 9109 765.64
36 2829 41.21
35 1713 972.24
34 6898 993.54
33 7485 305.55
32 4998 76.35
31 9947 786.90
30 8836 565.91
29 7084 783.73
28 7770 380.09
27 5495 8.96
26 5970 826.64
25 1932 826.39
24 3755 212.06
23 324 186.89
22 7653 92.35
21 1897 849.92
20 8307 197.70
19 9754 811.02
18 2912 725.02
17 9310 902.04
15 8436 248.04
14 4452 477.81
13 7851 313.59
12 1526 870.45
11 4373 335.66
10 9415 477.97
9 3896 374.12
8 5725 408.10
7 2733 167.40
6 1712 49.14
5 1237 153.38
4 6941 34.57
3 2053 701.71
2 9834 315.90
1 4160 584.86
60 9693 376.52
59 1301 340.21
58 435 401.86
57 8064 949.58
56 4006 485.00
55 5687 216.40
54 9157 553.28
53 4123 495.33
52 3519 494.77
51 5153 449.02
50 5499 674.89
49 2508 457.95
48 7912 509.33
47 2455 642.87
46 1647 648.81
45 3747 689.73
44 1730 272.95
43 826 79.59
42 4999 468.72
41 1433 984.18
40 5767 482.58
39 9822 785.31
38 4392 746.54
37 8922 20.78
36 3532 722.99
35 2163 445.46
34 4933 319.87
33 3790 774.98
32 729 75.12
31 6482 341.25
30 1917 366.73
29 8084 840.25
28 1617 72.60
27 2686 902.17
26 5657 453.82
25 3874 622.84
24 112 558.91
23 6991 152.15
22 5592 447.36
21 3910 599.80
20 3834 56.25
19 731 157.07
18 1100 213.05
16 5034 773.87
15 7340 377.14
14 4396 228.84
13 5771 789.74
12 8092 889.23
11 8343 102.91
10 1261 829.23
9 6936 459.78
8 8033 632.77
7 6986 906.23
6 639 736.89
5 297 864.50
4 8172 657.21
3 7090 239.26
2 1419 938.21
1 9104 919.62
60 6840 854.68
59 2507 771.45
58 9231 573.71
57 4732 704.51
56 7382 510.80
55 2537 749.24
54 2147 783.14
53 592 73.54
52 52 640.40
51 2797 855.54
50 6525 285.56
49 6677 972.45
48 5624 400.94
47 6581 75.12
46 4641 648.56
45 4293 373.46
44 4744 263.96
43 2948 419.50
42 8137 359.45
41 4778 108.19
40 4201 476.95
39 3967 219.15
38 6280 360.26
37 6865 633.34
36 8228 440.89
35 9868 813.62
34 5968 874.21
33 8680 391.78
32 5171 643.79
31 2471 657.68
30 908 162.42
29 8719 398.72
28 1975 267.13
27 1640 442.28
26 2042 183.13
25 6817 805.24
24 824 628.09
23 3329 958.46
22 9850 385.53
21 3061 548.76
20 8307 673.76
19 2073 478.78
17 9215 916.45
16 8981 570.07
15 4230 624.57
14 9972 517.32
13 7986 646.05
12 456 137.34
11 8491 962.06
10 8868 725.26
9 2916 426.76
8 8617 728.62
7 975 969.57
6 2925 890.24
5 4943 722.21
4 1608 814.98
3 946 615.69
2 2522 6.81
1 2625 384.89
60 1460 979.82
59 6808 837.61
58 2369 434.12
57 6779 868.38
56 1302 912.54
55 43 830.51
54 9875 620.67
53 6034 434.03
52 4152 508.39
51 7250 856.19
50 4169 174.19
49 9659 906.59
48 8236 493.84
47 2040 900.44
46 3621 117.08
45 4038 925.01
44 4175 29.60
43 7502 311.17
42 8691 399.35
41 9547 407.12
40 8615 354.43
39 2287 976.86
38 8288 885.10
37 3772 412.08
36 9460 921.95
35 9449 730.17
34 8412 265.31
33 773 275.87
32 7878 544.27
31 1805 782.36
30 2722 804.71
29 7421 203.24
28 6364 98.96
27 4545 975.38
26 7707 731.45
25 3965 212.84
24 1488 380.99
23 9732 22.10
22 8351 668.01
21 5064 473.72
20 4740 613.07
18 6814 528.89
17 5451 127.34
16 6292 839.91
15 4059 212.08
14 1243 34.97
13 6278 855.63
12 8298 704.90
11 2647 478.75
10 1630 42.79
9 8544 786.64
8 8695 687.75
7 6108 609.69
6 8259 357.25
5 9341 833.11
4 7079 274.55
3 7641 948.01
2 4641 149.73
1 7361 762.20
60 3104 176.96
59 1651 379.77
58 3553 354.87
57 4878 804.45
56 387 5.78
55 8679 704.98
54 8224 583.19
53 2378 761.72
52 2354 455.71
51 7253 900.96
50 5310 304.00
49 1820 532.90
48 8704 559.45
47 7034 626.59
46 2786 739.22
45 8538 464.02
44 3385 149.37
43 4704 203.40
42 483 279.72
41 790 713.96
40 5447 159.96
39 6319 84.50
38 2425 8.49
37 4358 3.73
36 1023 939.87
35 4129 571.71
34 7253 905.90
33 4578 741.25
32 6229 600.99
31 8359 913.14
30 2708 75.48
29 2187 714.91
28 8392 172.67
27 2155 731.15
26 7405 273.17
25 9583 902.97
24 7326 223.40
23 2030 579.26
22 738 714.63
21 5988 492.86
19 4682 7.24
18 5639 221.56
17 5566 966.67
16 5441 437.17
15 5256 74.47
14 1903 499.98
13 4719 747.88
12 8012 206.24
11 5336 633.01
10 6025 475.29
9 1442 661.42
8 3892 142.54
7 4952 458.05
6 7265 829.23
5 3597 479.35
4 5825 891.50
3 2139 412.09
2 1261 68.36
1 6327 711.29
60 3327 946.60
59 8201 118.22
58 9471 498.90
57 1718 7.18
56 347 442.48
55 1626 829.19
54 4092 435.08
53 7576 483.69
52 330 744.89
51 3452 735.58
50 7257 364.51
49 5852 68.06
48 4748 950.09
47 5109 174.75
46 7285 488.91
45 5757 257.50
44 5635 566.84
43 8055 385.86
42 125 140.31
41 1618 494.68
40 4589 75.24
39 6890 153.32
38 5655 967.09
37 1545 905.16
36 6979 992.24
35 9673 914.02
34 3029 331.43
33 7706 161.87
32 653 216.49
31 350 160.26
30 3687 968.28
29 3076 541.93
28 1551 234.59
27 5822 177.78
26 2114 809.55
25 8294 27.68
24 5918 992.89
23 9068 203.33
22 1504 121.02
20 7039 445.34
19 2088 853.03
18 2929 67.18
17 4815 254.68
16 549 332.57
15 4037 550.81
14 6563 754.71
13 5297 557.75
12 3993 937.87
11 9988 750.81
10 8387 514.29
9 56 673.23
8 5257 776.48
7 5889 499.75
6 8021 569.74
5 5000 858.46
4 9916 730.12
3 811 123.81
2 3193 331.02
1 9911 972.80
60 3120 175.22
59 6269 503.82
58 173 112.27
57 7974 187.75
56 7822 674.11
55 992 402.53
54 2756 344.20
53 223 792.95
52 8561 578.18
51 1387 879.23
50 519 765.59
49 8210 497.34
48 5968 402.07
47 6747 421.01
46 3390 439.00
45 5277 177.75
44 2341 832.78
43 1793 664.68
42 4903 518.11
41 7003 971.03
40 3042 149.94
39 1844 976.23
38 3822 190.02
37 7053 686.70
36 7210 690.23
35 7069 223.13
34 5497 919.39
33 7329 380.50
32 5406 651.19
31 8133 772.82
30 1238 239.81
29 3671 256.82
28 6889 419.04
27 2089 902.38
26 6443 705.97
25 591 306.51
24 4414 484.38
23 8351 880.73
21 6776 545.80
20 6910 463.89
19 8978 970.91
18 9780 399.41
17 4087 812.90
16 9753 740.51
15 2648 125.55
14 4577 803.27
13 8580 783.46
12 6553 315.51
11 1223 392.64
10 3916 930.75
9 3820 330.68
8 4201 422.75
7 1513 80.60
6 454 194.11
5 6720 97.97
4 2796 398.52
3 9522 134.68
2 1268 574.64
1 2471 798.35
60 1919 956.84
59 8693 22.92
58 8855 750.12
57 9677 240.47
56 4838 859.66
55 243 685.43
54 2572 610.69
53 1812 511.98
52 6513 27.12
51 7863 165.33
50 9290 475.95
49 6622 67.27
48 9802 231.04
47 3171 843.99
46 3444 14.72
45 1928 607.33
44 2379 101.70
43 1859 218.73
42 720 477.76
41 7148 761.28
40 1589 27.18
39 2507 652.55
38 3313 844.59
37 5919 98.96
36 631 970.39
35 6479 776.27
34 8038 676.75
33 3770 17.81
32 8783 178.58
31 6162 107.80
30 8839 831.55
29 1041 248.11
28 3162 756.53
27 1298 614.00
26 7371 401.14
25 8143 839.26
24 3207 470.74
22 6556 2.54
21 2879 299.79
20 8797 492.88
19 9588 151.19
18 5838 957.46
17 9411 120.12
16 8699 576.65
15 1850 53.76
14 1392 909.43
13 3992 295.05
12 9864 468.88
11 4252 268.13
10 6674 390.99
9 3445 746.22
8 7492 867.81
7 7314 241.92
6 1534 398.84
5 7568 254.27
4 1712 260.48
3 3899 125.49
2 6217 340.92
1 7227 478.14
60 1092 954.82
59 843 496.76
58 5710 95.39
57 8243 509.77
56 8014 257.94
55 1960 814.23
54 3974 875.12
53 9288 388.61
52 1717 133.99
51 1914 123.69
50 6433 832.80
49 9813 687.57
48 6124 965.19
47 5433 801.14
46 5159 337.14
45 1951 886.24
44 592 317.51
43 3230 705.30
42 3076 801.12
41 7951 434.78
40 9340 645.65
39 6625 569.17
38 3208 938.70
37 2893 754.52
36 3511 136.96
35 5707 801.82
34 2441 762.99
33 432 831.30
32 6933 421.06
31 3518 709.35
30 2795 358.02
29 8937 641.62
28 1831 653.20
27 5438 826.55
26 8180 555.65
25 2258 110.78
23 5771 930.91
22 4244 997.16
21 222 303.28
20 2168 11.37
19 9185 346.33
18 5216 532.87
17 5897 757.39
16 5185 22.13
15 6207 456.23
14 9730 774.54
13 8465 991.02
12 4136 850.37
11 2136 120.04
10 1 604.61
9 2910 217.18
8 3381 390.79
7 517 984.26
6 618 443.76
5 2306 247.12
4 4957 346.72
3 6922 77.44
2 2479 702.70
1 6516 825.01
60 4835 40.17
59 1716 522.58
58 8794 404.90
57 3511 573.56
56 6557 22.86
55 6417 691.87
54 1342 127.41
53 9829 366.34
52 2385 15.13
51 3759 361.08
50 647 841.41
49 9954 172.50
48 5877 224.28
47 5796 46.61
46 7133 951.61
45 1211 508.59
44 969 8.99
43 1399 698.76
42 3802 456.90
41 7943 828.42
40 1045 479.77
39 996 551.40
38 9630 18.83
37 3459 249.63
36 7432 910.51
35 5967 160.40
34 5158 279.75
33 1742 2.31
32 9590 482.83
31 4547 911.61
30 2681 52.26
29 1758 693.62
28 5069 648.64
27 6597 609.10
26 7442 754.04
24 3120 110.95
23 6517 767.41
22 4315 137.88
21 9446 187.94
20 7857 888.59
19 2629 630.20
18 8078 51.12
17 2828 421.83
16 9697 339.24
15 3274 811.93
14 8523 126.64
13 4569 651.69
12 1081 12.35
11 331 548.57
10 6288 948.06
9 1244 940.73
8 7432 410.38
7 3207 730.59
6 9292 928.87
5 5627 221.38
4 1631 281.12
3 7769 954.09
2 3894 900.13
1 6317 322.24
60 1103 696.54
59 2993 597.39
58 5082 592.94
57 2232 915.68
56 2802 559.51
55 7940 976.69
54 473 402.60
53 512 510.62
52 1175 854.11
51 2640 432.59
50 7018 438.30
49 5597 735.65
48 1945 928.61
47 3835 64.78
46 6589 603.53
45 5165 973.89
44 8119 660.06
43 5868 47.50
42 8001 927.01
41 2455 694.94
40 9313 729.44
39 9171 959.04
38 3433 24.08
37 972 730.91
36 6007 185.50
35 1544 523.93
34 1871 970.67
33 5700 739.62
32 2579 979.61
31 4216 38.17
30 1341 30.93
29 1205 179.05
28 1231 231.38
27 961 243.52
25 4173 178.18
24 5101 834.80
23 7357 583.64
22 3832 774.65
21 5682 713.18
20 7155 694.67
19 7715 292.72
18 5948 349.49
17 7458 650.12
16 2286 818.50
15 1844 256.58
14 9257 671.05
13 2925 41.38
12 8672 656.48
11 1061 800.67
10 5744 9.85
9 487 950.95
8 8792 488.70
7 2452 115.46
6 2046 608.77
5 6167 208.55
4 7830 999.05
3 4225 927.37
2 284 794.22
1 2728 696.57
60 7254 21.52
59 3664 256.63
58 3409 90.66
57 1316 202.74
56 4429 80.96
55 7778 159.09
54 9384 998.98
53 6440 902.83
52 9858 674.42
51 1628 190.32
50 1756 725.81
49 3220 864.15
48 8855 712.35
47 9370 834.53
46 543 968.08
45 8767 523.92
44 1843 91.02
43 2356 256.24
42 132 317.89
41 7637 143.07
40 6897 919.40
39 2011 196.27
38 3687 536.05
37 8577 458.63
36 2342 162.02
35 1272 720.64
34 824 93.80
33 6991 288.94
32 1631 40.15
31 2262 235.43
30 6876 647.07
29 8224 734.70
28 1467 149.20
26 9566 130.55
25 3236 778.56
24 2205 918.78
23 6866 262.96
22 5181 263.35
21 304 937.81
20 1953 1.26
19 7758 388.35
18 2005 291.42
17 5544 161.98
16 8966 388.57
15 5332 623.64
14 4667 599.23
13 10000 828.68
12 8344 755.17
11 4821 153.90
10 3514 439.62
9 3769 12.04
8 7102 100.77
7 3830 915.87
6 6997 202.63
5 2249 564.94
4 4365 796.53
3 1940 850.11
2 4265 754.90
1 7665 205.26
60 9422 13.47
59 1508 372.35
58 5108 573.88
57 9109 764.63
56 3259 548.85
55 3945 829.20
54 4672 123.76
53 8175 215.80
52 1854 895.54
51 8352 86.49
50 2133 293.57
49 4142 825.01
48 4664 538.42
47 248 107.78
46 5819 790.23
45 9961 797.45
44 6912 694.92
43 646 922.53
42 7523 331.38
41 7197 323.15
40 1417 854.43
39 3028 569.04
38 5662 103.37
37 880 586.80
36 2638 68.39
35 7698 444.93
34 4732 920.40
33 6240 808.04
32 6553 384.35
31 4205 672.37
30 8661 249.73
29 7732 956.91
27 5107 141.35
26 5977 958.76
25 5039 182.89
24 1919 653.23
23 7543 391.88
22 7379 524.09
21 6417 516.91
20 205 37.66
19 4187 202.56
18 2808 637.51
17 1172 979.01
16 848 216.20
15 9258 547.74
14 4603 839.09
13 7417 325.46
12 7170 216.35
11 2576 298.96
10 3709 636.27
9 7559 599.89
8 3594 254.91
7 5972 174.32
6 4947 687.44
5 6531 650.32
4 5848 19.23
3 1919 364.52
2 9475 26.42
1 2378 797.76
60 5642 601.98
59 2647 101.05
58 1759 667.71
57 3629 70.75
56 612 504.63
55 9316 56.43
54 7398 667.26
53 6701 775.75
52 7439 222.61
51 1680 43.30
50 6343 303.13
49 8163 135.67
48 6418 797.89
47 5803 831.31
46 1005 990.16
45 444 584.10
44 5385 687.70
43 3720 379.24
42 5170 112.25
41 5837 638.23
40 6596 173.36
39 9605 952.64
38 3666 199.35
37 3062 268.03
36 5351 7.21
35 9023 884.58
34 472 870.50
33 9037 360.89
32 2758 912.64
31 4903 200.66
30 5032 746.82
28 9356 338.45
27 9802 864.65
26 4337 533.54
25 8986 937.12
24 6447 582.70
23 33 85.38
22 5134 826.07
21 683 734.70
20 7609 550.77
19 6471 896.99
18 7931 348.98
17 3544 852.69
16 7711 349.07
15 312 178.79
14 8662 567.75
13 7966 304.63
12 2226 107.97
11 2825 445.92
10 5765 498.74
9 116 462.13
8 1611 251.84
7 9353 362.80
6 7116 485.28
5 7442 212.30
4 669 681.24
3 2441 909.67
2 1312 347.73
1 3593 224.76
60 6192 470.17
59 613 311.53
58 1562 691.14
57 1967 884.25
56 9972 144.58
55 2595 501.90
54 7198 393.29
53 6825 568.86
52 1369 432.08
51 2207 365.91
50 1336 667.47
49 3537 363.69
48 9535 105.78
47 2137 859.57
46 4292 782.78
45 5868 221.05
44 6459 570.32
43 2024 105.41
42 2668 27.75
41 2277 291.40
40 8037 289.69
39 3149 158.80
38 5962 991.47
37 9725 375.30
36 1 964.12
35 706 919.11
34 21 2.12
33 8134 361.91
32 6995 407.74
31 4808 247.53
29 9840 156.98
28 14 598.54
27 9065 812.25
26 3967 361.91
25 4531 993.44
24 4950 235.52
23 5694 286.87
22 5023 362.72
21 5744 721.03
20 4202 761.00
19 8295 566.30
18 7893 180.76
17 2658 456.64
16 520 815.96
15 5651 886.78
14 3848 217.44
13 6008 250.22
12 16 50.80
11 2082 815.08
10 7445 579.01
9 5610 280.80
8 965 872.45
7 5132 5.63
6 2007 357.49
5 477 887.90
4 3898 351.08
3 1365 137.59
2 922 479.60
1 4866 778.90
60 1872 897.17
59 5776 763.96
58 2962 262.41
57 5500 161.50
56 3672 114.03
55 5279 347.60
54 6110 571.55
53 8666 738.49
52 6278 631.81
51 1439 823.19
50 1363 975.32
49 8546 777.73
48 9165 995.93
47 8724 153.46
46 9301 108.58
45 5831 359.06
44 3275 618.31
43 168 827.37
42 3676 682.57
41 9019 773.11
40 9503 391.15
39 9073 204.55
38 8601 701.87
37 9536 377.33
36 8630 383.51
35 5209 792.62
34 1465 418.51
33 3587 319.64
32 3519 643.32
30 483 860.41
29 9011 624.12
28 5056 113.40
27 3086 16.99
26 6612 208.30
25 4090 64.77
24 1391 104.37
23 2118 234.26
22 4156 340.90
21 2101 49.49
20 6769 425.65
19 7803 158.23
18 1601 821.23
17 4145 977.26
16 717 773.50
15 1403 771.52
14 8143 172.55
13 2517 705.11
12 4098 536.52
11 7641 420.03
10 4427 393.33
9 4156 523.50
8 5627 376.23
7 6502 317.80
6 4361 338.09
5 1250 587.73
4 3858 562.01
3 6011 364.48
2 711 149.03
1 9093 46.03
60 8664 344.94
59 1503 869.55
58 2704 421.70
57 4458 179.82
56 9329 745.39
55 4963 658.49
54 4518 817.33
53 2767 283.73
52 3647 832.84
51 5275 952.36
50 9812 291.45
49 661 159.55
48 2041 946.54
47 2322 573.11
46 1947 283.52
45 1017 608.23
44 8121 217.57
43 2398 294.38
42 3325 371.05
41 7302 720.30
40 8582 191.35
39 293 819.82
38 7844 678.65
37 4851 651.89
36 7636 935.33
35 260 452.09
34 5485 224.42
33 7714 814.81
31 5854 152.93
30 9918 248.57
29 24 912.57
28 3931 114.35
27 6644 175.11
26 6737 173.77
25 9544 73.79
24 1838 381.48
23 2410 555.76
22 292 563.65
21 7570 218.39
20 505 543.25
19 1200 426.93
18 7615 877.67
17 5297 330.44
16 2700 216.92
15 3092 384.87
14 7216 121.40
13 5757 439.69
12 225 72.97
11 5759 808.89
10 919 937.29
9 5146 240.97
8 8782 397.70
7 4076 870.92
6 8612 47.46
5 4842 782.45
4 6591 317.09
3 8284 787.44
2 2531 457.59
1 9047 447.23
60 6833 814.00
59 4848 165.71
58 684 553.22
57 1673 590.02
56 2329 14.76
55 389 967.34
54 6070 103.29
53 8927 792.88
52 1281 288.78
51 1320 40.05
50 9685 739.70
49 1074 234.65
48 1423 560.45
47 7300 227.28
46 4529 741.24
45 3823 135.58
44 6108 937.59
43 1511 143.09
42 6149 183.42
41 317 495.17
40 20 24.42
39 5438 46.97
38 2845 560.61
37 1723 112.07
36 351 436.71
35 9187 460.45
34 9366 822.28
32 1715 148.62
31 9538 472.20
30 1181 506.54
29 9999 474.24
28 5380 219.74
27 1988 774.83
26 4735 288.96
25 4823 509.97
24 824 465.13
23 887 661.77
22 1160 69.17
21 2754 28.11
20 6337 761.37
19 9919 392.47
18 3918 177.02
17 4700 361.24
16 6874 960.95
15 1629 268.14
14 3140 80.47
13 7478 288.15
12 3766 857.05
11 9079 347.44
10 9925 842.44
9 8421 815.58
8 6353 928.01
7 4798 430.64
6 4446 181.65
5 9141 622.36
4 5387 362.44
3 9880 764.51
2 7832 885.77
1 5163 590.44
60 4858 514.83
59 5187 656.87
58 8613 403.57
57 943 581.80
56 8660 213.94
55 6421 35.96
54 8904 779.76
53 197 261.74
52 8279 372.27
51 6106 560.76
50 9019 884.65
49 1991 15.82
48 2813 519.70
47 9472 993.55
46 2577 200.66
45 6913 557.48
44 8618 435.35
43 80 597.52
42 914 123.57
41 2257 106.79
40 6530 738.17
39 2192 918.04
38 2488 553.70
37 2306 873.87
36 9074 569.56
35 1414 735.17
33 6115 472.52
32 5571 976.36
31 4928 110.89
30 4884 904.81
29 250 211.95
28 3805 465.97
27 1108 48.06
26 7805 739.68
25 6851 653.11
24 3606 832.71
23 5937 851.03
22 6321 380.50
21 3743 614.43
20 1096 321.81
19 4250 687.92
18 3327 131.74
17 989 585.01
16 9447 602.73
15 3796 340.42
14 6881 997.39
13 9897 792.76
12 7939 688.50
11 1142 232.63
10 331 989.19
9 4651 461.85
8 8785 191.98
7 5342 265.34
6 5238 857.88
5 5936 741.30
4 8160 209.11
3 2336 879.99
2 3496 475.34
1 9867 821.11
60 6699 483.58
59 4256 748.97
58 9789 984.51
57 5149 327.96
56 2315 442.87
55 4752 968.74
54 6031 937.33
53 4329 544.47
52 5662 188.55
51 4227 981.09
50 7579 607.40
49 6326 669.34
48 4615 55.73
47 4308 535.69
46 1023 11.57
45 4216 873.22
44 2344 352.79
43 4209 115.79
42 2712 167.86
41 6896 413.63
40 6902 211.67
39 9755 236.58
38 5536 687.69
37 1664 531.58
36 55 17.76
34 4928 263.45
33 8165 915.26
32 3344 205.46
31 2696 419.27
30 1984 951.46
29 584 751.59
28 9392 898.97
27 375 804.48
26 2330 736.54
25 9066 245.57
24 2969 801.22
23 3898 466.76
22 5108 521.03
21 3545 732.88
20 176 775.01
19 6336 759.81
18 7803 941.02
17 1329 807.60
16 9118 170.44
15 6024 810.71
14 1658 218.98
13 5548 637.56
12 3319 953.22
11 6982 98.38
10 4873 359.11
9 501 282.61
8 1131 628.09
7 6056 235.94
6 7532 31.55
5 4966 632.40
4 6862 362.94
3 2195 527.10
2 8090 986.72
1 2662 164.61
60 5590 114.05
59 9239 922.69
58 1749 92.86
57 9006 393.41
56 4091 741.87
55 7002 441.07
54 4879 649.40
53 1996 847.86
52 6023 664.85
51 8350 973.08
50 5940 738.76
49 1542 905.67
48 4441 445.93
47 7783 747.91
46 1098 353.94
45 6569 657.22
44 282 596.82
43 7648 938.92
42 4879 561.35
41 7310 274.31
40 1455 784.64
39 1948 701.91
38 7823 141.49
37 1970 941.86
35 7541 41.68
34 5292 82.00
33 9492 641.18
32 4803 38.06
31 5780 27.14
30 4173 383.29
29 1545 596.50
28 7661 210.64
27 1858 370.28
26 6337 274.19
25 4005 791.81
24 3842 192.36
23 7979 497.18
22 5121 647.11
21 6223 955.20
20 5382 472.16
19 4304 225.15
18 9544 803.53
17 4383 83.07
16 8154 372.87
15 3352 764.92
14 1764 376.80
13 1071 833.24
12 6539 92.22
11 7480 95.36
10 8958 371.96
9 2025 312.64
8 3827 198.50
7 7034 458.04
6 8229 546.16
5 4417 635.45
4 94 193.82
3 6961 233.96
2 6517 776.50
1 9478 215.42
60 6963 790.21
59 6333 148.86
58 4168 212.21
57 5678 68.86
56 6079 716.27
55 467 907.90
54 1533 332.37
53 3697 331.12
52 6457 194.46
51 3338 362.87
50 3147 978.44
49 8208 414.02
48 3617 922.01
47 2408 670.79
46 9772 65.91
45 587 274.18
44 111 507.12
43 4070 138.98
42 7186 943.73
41 1583 793.36
40 5935 830.13
39 5326 661.14
38 4863 271.32
36 5356 989.48
35 2605 271.33
34 4348 226.82
33 3822 509.21
32 9721 528.07
31 3043 338.03
30 1054 432.53
29 9393 617.59
28 7776 591.17
27 8472 939.76
26 4856 784.50
25 9805 282.12
24 8667 626.67
23 9810 889.70
22 9757 12.34
21 3466 242.53
20 6404 654.52
19 7986 951.14
18 7771 605.48
17 9939 667.08
16 4819 561.21
15 5441 712.07
14 1981 706.78
13 2464 512.68
12 2592 620.09
11 8950 606.76
10 6886 391.74
9 8316 276.43
8 1218 256.23
7 9383 847.36
6 2321 450.45
5 7720 377.96
4 5210 652.65
3 6963 83.71
2 6796 50.66
1 5008 44.64
60 4957 773.03
59 4075 407.40
58 5520 858.77
57 6730 809.70
56 4392 288.88
55 4528 109.25
54 57 790.05
53 4287 821.19
52 7534 441.95
51 74 856.91
50 3022 394.86
49 4975 557.07
48 2902 936.65
47 5539 531.55
46 269 764.12
45 5920 730.33
44 9651 506.93
43 3349 416.23
42 7296 949.70
41 6459 681.80
40 8315 440.36
39 2458 457.57
37 5489 264.18
36 3035 892.70
35 8699 961.19
34 4708 117.37
33 2729 281.91
32 8318 872.29
31 121 269.46
30 4253 322.01
29 2916 52.00
28 6623 271.38
27 2908 209.67
26 311 600.20
25 3804 175.43
24 9188 297.65
23 9616 494.78
22 9465 429.79
21 5161 311.26
20 279 244.66
19 2468 945.86
18 8420 42.46
17 3500 238.69
16 7032 349.00
15 2879 218.96
14 6745 529.13
13 3344 950.85
12 9871 112.23
11 3459 768.90
10 4818 809.38
9 8396 167.17
8 1434 683.57
7 4135 903.07
6 4307 298.98
5 4428 818.89
4 2207 833.36
3 6696 15.11
2 2502 785.58
1 2771 291.63
60 7555 440.83
59 3627 107.97
58 4948 697.51
57 9298 404.06
56 1988 956.17
55 894 615.41
54 5494 623.58
53 2311 327.77
52 3466 583.96
51 9955 302.15
50 8494 474.06
49 7579 634.63
48 9097 824.12
47 935 946.70
46 8704 989.20
45 145 71.45
44 1102 166.14
43 8664 321.65
42 3340 284.39
41 8636 918.27
40 2950 203.10
38 387 110.09
37 413 388.65
36 9384 164.81
35 8258 907.87
34 8108 647.83
33 2884 51.33
32 1374 227.70
31 2247 923.64
30 9160 938.10
29 918 997.67
28 9086 720.76
27 4787 769.63
26 7850 855.42
25 8291 640.53
24 7472 171.89
23 8638 975.31
22 6302 993.45
21 6965 78.20
20 3300 83.14
19 417 852.66
18 7684 13.46
17 8017 292.08
16 1685 430.13
15 4394 487.94
14 3235 417.69
13 694 811.38
12 6424 575.49
11 2151 857.82
10 9472 61.57
9 1812 742.12
8 7086 676.21
7 7831 917.44
6 9874 906.33
5 4678 33.22
4 707 896.31
3 565 683.49
2 4713 778.89
1 5298 133.77
60 5091 775.09
59 7079 744.76
58 9451 902.24
57 804 743.56
56 4944 312.34
55 7790 657.99
54 9369 327.80
53 4340 395.90
52 170 194.78
51 5118 49.28
50 5048 272.39
49 4615 611.35
48 7901 161.47
47 8586 37.35
46 7847 106.75
45 6996 819.79
44 7210 271.75
43 5529 962.24
42 4431 837.86
41 6806 392.68
39 5395 833.02
38 5394 156.20
37 7825 190.99
36 303 663.82
35 5065 124.31
34 2896 719.80
33 2314 574.43
32 3660 158.83
31 2563 431.84
30 324 761.31
29 4454 68.23
28 596 32.35
27 6653 282.28
26 4132 862.48
25 1328 656.35
24 7939 188.21
23 4728 490.68
22 4888 750.43
21 8077 697.64
20 3758 768.45
19 941 189.00
18 5853 843.93
17 3013 958.89
16 2101 209.39
15 3256 655.24
14 3209 359.59
13 8763 726.93
12 3770 115.84
11 178 232.99
10 9533 687.95
9 9342 944.56
8 3910 896.58
7 6815 797.01
6 8506 223.51
5 4460 712.60
4 7238 513.18
3 2271 999.39
2 6004 744.72
1 9410 792.81
60 5679 276.06
59 2462 785.18
58 8113 102.07
57 1769 742.50
56 2205 61.14
55 6921 991.36
54 976 171.72
53 7624 277.53
52 3671 725.95
51 4542 1.42
50 1973 672.24
49 6110 97.68
48 3891 850.51
47 9551 333.50
46 960 798.38
45 1741 77.64
44 3722 712.84
43 3672 788.16
42 791 567.09
40 3732 286.71
39 5554 283.23
38 4629 130.20
37 9156 49.19
36 3022 965.00
35 6194 550.72
34 2087 134.24
33 1399 294.52
32 3627 427.00
31 2405 833.74
30 6125 884.81
29 4469 960.12
28 4737 592.63
27 436 82.30
26 2660 349.15
25 7855 611.18
24 5161 203.45
23 8708 259.43
22 6869 983.78
21 7362 385.59
20 7689 378.10
19 435 963.40
18 8016 712.79
17 5520 38.52
16 3728 266.31
15 9727 785.18
14 8705 172.43
13 1455 130.34
12 4492 613.44
11 7855 719.59
10 1271 451.44
9 3691 375.59
8 6288 845.56
7 5275 980.41
6 3117 127.22
5 2054 793.89
4 507 667.67
3 6999 184.43
2 7559 906.06
1 7616 555.04
60 1430 123.81
59 4853 519.81
58 2571 655.84
57 7441 33.57
56 6269 665.30
55 3535 582.54
54 67 884.12
53 8678 347.38
52 8583 129.09
51 9612 319.33
50 8479 474.48
49 3535 620.52
48 9758 906.89
47 6307 501.97
46 9138 10.58
45 530 689.66
44 4465 166.91
43 2648 464.90
41 4020 262.84
40 1100 619.15
39 3741 607.87
38 9648 618.48
37 374 448.19
36 3328 647.17
35 264 426.67
34 3172 2.84
33 1091 353.12
32 6474 516.13
31 1158 71.25
30 4040 443.10
29 9485 166.53
28 96 643.61
27 2278 175.58
26 4071 340.22
25 7802 684.24
24 8091 820.36
23 398 200.32
22 8495 569.32
21 3279 821.74
20 7628 552.33
19 8243 126.16
18 6908 399.41
17 5066 756.69
16 8068 795.75
15 3184 413.23
14 1478 620.85
13 6619 301.28
12 5859 529.00
11 7300 163.77
10 8572 723.32
9 6279 988.52
8 9087 49.76
7 1437 740.96
6 9976 88.85
5 3726 909.55
4 4572 778.94
3 7626 679.93
2 9514 741.24
1 8279 899.29
60 1135 626.14
59 8446 265.21
58 4256 961.70
57 7414 930.89
56 2715 727.38
55 7363 111.51
54 5872 758.17
53 5244 260.45
52 8133 241.36
51 4109 887.69
50 7316 124.47
49 7752 824.41
48 7189 192.80
47 5718 373.55
46 9680 685.27
45 2956 705.66
44 4918 116.36
42 4581 863.29
41 2684 811.28
40 9249 206.79
39 1522 861.49
38 9086 753.15
37 5108 216.36
36 9882 878.20
35 1816 252.44
34 3685 934.68
33 1969 231.68
32 3461 623.44
31 5147 748.04
30 4697 123.89
29 5046 921.22
28 6232 176.62
27 8829 926.72
26 1420 503.34
25 3511 451.92
24 5780 67.53
23 7902 533.54
22 8006 463.66
21 4407 389.61
20 1846 832.61
19 5120 128.06
18 5510 223.55
17 7297 282.94
16 6590 745.31
15 3493 569.13
14 9420 924.42
13 5851 98.56
12 4837 83.60
11 8778 738.59
10 71 337.01
9 4058 738.17
8 8593 854.60
7 2515 347.38
6 4681 663.49
5 9649 349.97
4 4465 517.48
3 5540 498.21
2 4394 821.40
1 159 323.85
60 994 222.64
59 4269 315.75
58 4285 232.31
57 6094 302.29
56 4003 859.31
55 501 972.10
54 3335 999.62
53 4823 80.85
52 4048 753.01
51 1251 147.27
50 4822 4.91
49 191 555.35
48 6616 35.46
47 2492 415.14
46 2877 169.52
45 6846 214.54
43 7536 578.13
42 5126 356.43
41 2473 711.80
40 9241 701.11
39 9880 939.00
38 5705 367.26
37 586 119.82
36 4449 509.32
35 9940 544.67
34 8752 576.45
33 1584 826.04
32 1354 939.64
31 4128 908.66
30 3798 660.42
29 6878 208.24
28 6114 665.27
27 7146 207.96
26 5928 900.49
25 2434 386.11
24 1002 495.49
23 414 68.07
22 4499 740.98
21 9331 498.67
20 8385 855.65
19 9983 784.36
18 5870 890.37
17 2171 267.00
16 5222 862.77
15 9855 897.13
14 6610 680.76
13 4942 444.20
12 816 144.47
11 3435 358.45
10 504 565.49
9 4449 439.84
8 4289 288.11
7 49 290.61
6 6908 987.22
5 704 649.77
4 2860 911.51
3 3297 512.80
2 6890 269.29
1 8683 112.54
60 6088 106.02
59 3107 705.74
58 2156 787.41
57 1430 884.72
56 7955 457.84
55 8153 505.98
54 8857 725.17
53 5920 931.94
52 597 364.91
51 1938 454.91
50 6362 634.59
49 3805 948.26
48 815 21.34
47 5690 682.64
46 4761 372.74
44 8903 25.73
43 9031 175.39
42 8994 949.02
41 8703 667.37
40 6665 782.24
39 2741 557.59
38 9638 93.50
37 685 265.33
36 6596 278.10
35 1377 305.27
34 1984 223.18
33 5494 558.89
32 3464 222.12
31 2810 505.89
30 9862 323.07
29 4197 85.02
28 4935 92.66
27 631 593.30
26 6805 238.43
25 244 758.56
24 6904 549.09
23 6827 322.65
22 235 958.85
21 5671 731.72
20 3684 534.92
19 2117 352.40
18 8987 103.46
17 3853 350.13
16 6069 38.43
15 419 497.24
14 1704 20.08
13 9249 564.21
12 1009 585.72
11 3622 376.82
10 6414 571.08
9 7484 317.67
8 4987 737.72
7 2754 514.50
6 5416 22.07
5 5264 495.10
4 6957 898.51
3 1431 591.93
2 9872 881.24
1 7363 759.68
60 2677 908.30
59 758 180.32
58 5616 260.69
57 8161 625.60
56 471 74.54
55 7748 668.01
54 7816 413.70
53 4397 654.43
52 1038 888.38
51 4168 180.10
50 2211 163.18
49 7608 648.37
48 8860 64.12
47 9706 979.02
45 4843 962.19
44 4121 719.17
43 8728 184.85
42 3715 383.95
41 4824 649.60
40 251 740.62
39 5800 960.84
38 6408 168.16
37 1101 399.01
36 1673 829.41
35 1921 373.19
34 4954 100.90
33 5949 397.05
32 9086 237.05
31 8263 734.15
30 2410 294.55
29 8038 822.91
28 7677 180.74
27 6401 952.37
26 8233 471.17
25 7039 781.22
24 4334 269.91
23 6515 186.23
22 8718 154.04
21 9878 847.27
20 7868 239.92
19 1090 455.30
18 2600 722.42
17 2644 291.44
16 218 454.05
15 7853 744.33
14 1655 113.64
13 2564 995.88
12 8417 853.34
11 807 692.52
10 1371 111.08
9 1311 394.14
8 4508 556.29
7 2790 567.20
6 1593 56.81
5 5178 884.70
4 6812 105.69
3 4854 609.03
2 8513 866.83
1 9995 542.16
60 7335 925.07
59 4549 11.07
58 4119 497.14
57 9108 650.73
56 5544 532.71
55 9541 180.99
54 7797 603.51
53 9562 58.39
52 5098 552.66
51 7622 237.50
50 9159 582.43
49 6402 972.14
48 5790 170.82
46 2316 388.33
45 4745 241.06
44 8663 449.53
43 1110 841.63
42 5274 369.29
41 742 946.64
40 2588 238.53
39 6199 440.37
38 4969 353.39
37 3837 215.74
36 2485 206.76
35 3411 382.52
34 5195 451.56
33 6900 910.98
32 5227 786.20
31 9360 617.55
30 6913 693.93
29 9590 826.72
28 7726 912.88
27 5702 960.56
26 5514 816.39
25 889 593.55
24 3229 793.94
23 2735 679.21
22 4588 608.83
21 1112 704.85
20 8153 366.84
19 969 653.77
18 1 858.49
17 8566 15.24
16 3774 930.92
15 1015 157.54
14 3612 134.76
13 6208 617.70
12 8280 231.14
11 7764 755.15
10 8247 266.39
9 6654 321.90
8 7408 643.52
7 5069 627.29
6 8214 500.16
5 8416 377.46
4 575 372.07
3 8133 197.41
2 5375 126.05
1 2332 179.21
60 4653 263.23
59 3267 174.27
58 3059 137.54
57 9009 888.41
56 2091 923.31
55 8250 681.16
54 5974 792.62
53 7494 45.54
52 6844 133.80
51 5501 578.29
50 6213 962.37
49 7917 956.73
47 1462 748.76
46 5545 149.02
45 133 931.56
44 7021 45.04
43 1382 815.46
42 338 361.45
41 2605 487.32
40 1324 915.07
39 8041 102.38
38 7491 291.57
37 192 866.07
36 5276 993.12
35 6803 18.73
34 1077 226.19
33 3059 811.99
32 5154 619.30
31 1096 739.85
30 2698 63.52
29 6850 889.66
28 3068 861.63
27 9333 891.00
26 7548 208.43
25 9311 693.50
24 9840 57.32
23 228 852.95
22 1877 835.29
21 4445 88.14
20 8979 86.43
19 3871 223.46
18 919 339.01
17 8934 53.25
16 9697 935.27
15 4376 123.60
14 9639 951.74
13 242 788.40
12 8133 672.39
11 4933 364.24
10 6559 907.07
9 5813 944.84
8 3002 733.20
7 4165 845.98
6 411 86.18
5 4239 374.42
4 5424 584.38
3 7390 856.27
2 1035 397.56
1 3511 38.48
60 8643 451.94
59 8148 870.47
58 9785 404.12
57 9204 489.72
56 5693 401.88
55 2343 455.96
54 7888 896.42
53 8713 912.76
52 2771 819.15
51 8202 857.32
50 1408 175.73
48 6482 611.66
47 9784 171.84
46 5628 971.40
45 3271 361.43
44 4215 182.06
43 4504 553.07
42 649 99.99
41 1945 172.94
40 1203 804.96
39 9789 617.96
38 3873 443.79
37 4187 467.33
36 5279 525.36
35 3108 805.45
34 5669 63.03
33 8982 905.68
32 1833 681.57
31 5158 69.47
30 217 164.57
29 1087 199.72
28 9619 800.51
27 3597 649.90
26 1278 79.77
25 5897 855.29
24 70 820.20
23 2284 658.68
22 3572 82.88
21 5450 180.33
20 4129 175.32
19 8993 409.03
18 6791 711.27
17 9642 831.43
16 7933 951.63
15 2826 353.56
14 239 226.64
13 6108 573.41
12 8398 767.31
11 6428 144.13
10 5265 891.38
9 9821 965.28
8 1101 346.05
7 4365 257.06
6 1101 85.57
5 7136 322.37
4 8562 929.03
3 1354 497.95
2 5768 199.95
1 5912 168.76
60 6669 484.06
59 4119 669.45
58 633 671.69
57 6298 256.29
56 5260 845.74
55 7801 881.74
54 5659 715.55
53 8307 777.94
52 6299 874.73
51 9107 640.73
49 1299 845.37
48 6649 577.91
47 795 279.72
46 6353 23.79
45 2414 414.57
44 6132 171.77
43 8726 982.63
42 5416 971.43
41 9880 168.96
40 7504 679.31
39 2080 833.69
38 4423 262.17
37 9405 983.96
36 6518 737.04
35 3897 243.85
34 1137 941.11
33 6306 46.17
32 5015 401.29
31 1335 907.47
30 4796 621.17
29 605 136.60
28 1548 114.08
27 5401 927.78
26 5724 404.21
25 5765 388.99
24 5271 806.08
23 2213 704.91
22 4232 803.90
21 1485 291.08
20 5545 673.43
19 8171 407.98
18 7453 340.74
17 2841 438.57
16 4533 872.03
15 8824 639.58
14 8862 594.92
13 5685 816.02
12 6421 614.79
11 3524 480.52
10 9031 843.91
9 9215 995.74
8 9725 737.61
7 7662 47.22
6 5188 44.63
5 8719 908.88
4 3776 920.20
3 3108 833.72
2 4401 140.92
1 4121 874.60
60 7882 614.15
59 1344 892.32
58 7136 251.01
57 483 281.01
56 4320 367.31
55 9498 67.89
54 6266 281.46
53 5096 378.40
52 3583 965.94
50 4189 402.28
49 2085 837.39
48 2956 360.39
47 1445 703.37
46 2244 681.04
45 9434 801.16
44 3250 790.52
43 7063 83.18
42 4494 602.99
41 5750 496.62
40 75 865.78
39 1722 392.99
38 9279 494.85
37 5440 96.57
36 1434 222.61
35 4743 999.33
34 8502 742.78
33 6005 963.95
32 5025 578.91
31 6371 662.51
30 6874 548.51
29 5238 620.34
28 3669 200.99
27 9654 327.00
26 6076 554.63
25 2726 424.42
24 6274 740.32
23 618 866.44
22 8451 631.04
21 5255 385.47
20 3510 585.59
19 8175 594.09
18 9820 491.68
17 7189 339.42
16 2443 400.65
15 6705 61.13
14 9133 788.40
13 3740 706.73
12 8158 986.42
11 2816 790.01
10 2776 961.42
9 9678 885.00
8 2385 882.65
7 4413 507.03
6 5615 732.52
5 8366 437.24
4 5762 292.13
3 5181 729.08
2 8693 114.33
1 2694 316.90
60 3417 840.60
59 3891 824.58
58 9929 775.10
57 1635 507.33
56 8036 634.55
55 4564 288.14
54 2115 919.76
53 4522 854.23
51 5016 506.36
50 323 434.30
49 8548 37.62
48 9852 130.61
47 8694 274.60
46 4995 479.94
45 4337 936.60
44 5155 70.20
43 8218 710.88
42 4562 737.66
41 1700 317.05
40 6084 326.71
39 6646 394.49
38 3183 131.67
37 8966 448.01
36 9126 540.46
35 6433 116.21
34 69 470.70
33 6288 101.99
32 3534 956.34
31 7053 124.33
30 2771 569.70
29 3745 943.65
28 5939 780.68
27 7200 278.83
26 7702 802.17
25 2568 281.49
24 2852 168.95
23 2885 78.03
22 9241 18.24
21 5878 241.96
20 9720 408.88
19 4586 270.63
18 7828 322.24
17 4865 542.12
16 2139 882.08
15 7579 946.80
14 1726 844.88
13 3763 213.39
12 1937 117.91
11 6262 987.61
10 3915 10.33
9 2788 904.69
8 8335 241.62
7 2971 759.81
6 5170 389.51
5 3891 435.58
4 6794 42.39
3 2589 905.44
2 8008 691.40
1 5374 398.29
60 3393 958.04
59 5129 598.70
58 3637 866.50
57 2837 168.40
56 4358 244.24
55 8134 868.66
54 2085 990.13
52 8468 751.22
51 9487 911.53
50 4958 815.53
49 7881 260.34
48 2369 171.36
47 4140 660.22
46 7443 775.68
45 6111 991.40
44 4254 442.63
43 8429 507.25
42 186 820.12
41 14 495.70
40 2806 970.24
39 7725 474.88
38 9834 806.34
37 5305 343.21
36 7074 759.93
35 698 254.02
34 2248 785.43
33 9272 743.64
32 3269 296.24
31 8703 78.36
30 5675 789.88
29 6530 398.84
28 5796 816.13
27 1610 133.71
26 3833 865.20
25 8105 141.08
24 4436 803.04
23 3847 783.75
22 8202 141.27
21 9090 360.79
20 1409 928.06
19 5928 806.38
18 869 87.03
17 8585 744.26
16 4071 544.07
15 8534 295.72
14 8145 967.90
13 5832 655.54
12 9307 230.07
11 1576 439.39
10 2431 742.92
9 5905 642.45
8 1295 23.77
7 3386 426.83
6 7372 225.63
5 6057 877.64
4 356 584.46
3 3931 853.29
2 7418 164.55
1 2873 379.29
60 2680 471.89
59 1107 248.21
58 836 805.21
57 3850 370.31
56 5352 607.46
55 8374 224.07
53 4383 58.85
52 6842 700.41
51 3234 451.38
50 2678 942.41
49 6837 500.16
48 90 260.78
47 1361 461.30
46 9261 778.39
45 8670 598.65
44 7908 378.13
43 4013 169.05
42 8471 883.17
41 3446 8.95
40 1868 422.45
39 5557 238.71
38 941 650.97
37 2259 288.96
36 636 346.42
35 4656 858.60
34 8537 471.81
33 299 325.31
32 6130 411.20
31 2612 323.66
30 7179 387.51
29 1153 266.46
28 536 480.73
27 6607 72.31
26 1233 996.99
25 2747 29.88
24 1442 119.04
23 7407 621.89
22 9750 372.15
21 5080 796.81
20 8016 670.13
19 6676 503.89
18 9268 323.74
17 205 680.69
16 3432 164.20
15 2340 469.95
14 5831 458.37
13 1109 283.79
12 3785 944.68
11 2520 903.80
10 7284 723.86
9 8347 625.06
8 3392 936.05
7 557 997.73
6 228 495.25
5 5396 57.82
4 9734 135.59
3 4759 154.53
2 8861 510.11
1 1538 871.06
60 8119 490.13
59 2395 730.60
58 9010 729.35
57 8999 184.05
56 5578 5.62
54 2474 163.26
53 4085 274.01
52 3404 311.92
51 9247 883.01
50 5037 5.92
49 7452 10.22
48 3701 792.46
47 7989 893.80
46 1190 786.56
45 7987 706.81
44 8551 780.50
43 4418 839.38
42 1047 510.33
41 4648 153.34
40 9278 903.80
39 3141 70.74
38 8682 109.50
37 9135 785.49
36 3800 702.68
35 6160 543.32
34 6424 974.98
33 6847 223.75
32 9948 203.33
31 244 738.12
30 7846 994.50
29 5994 928.43
28 7714 641.26
27 727 647.55
26 1649 835.31
25 447 202.50
24 8725 979.72
23 5336 701.71
22 7360 675.77
21 4633 357.16
20 4011 155.37
19 7391 933.35
18 7814 12.28
17 9596 676.07
16 6885 929.97
15 2613 523.63
14 4718 476.13
13 6852 544.12
12 2278 223.41
11 8547 531.21
10 2013 295.94
9 7305 81.68
8 4403 89.00
7 4853 459.83
6 6710 528.84
5 4017 309.05
4 3514 555.07
3 2793 606.46
2 4634 52.40
1 8025 208.00
60 2188 86.83
59 7402 276.25
58 4317 11.63
57 8314 756.38
55 8882 807.06
54 7965 952.73
53 6403 743.75
52 5713 659.73
51 4780 944.55
50 16 309.70
49 7786 133.26
48 1855 686.95
47 1507 910.42
46 8279 676.67
45 523 970.48
44 20 828.12
43 7396 812.43
42 82 142.88
41 9630 678.20
40 4323 86.94
39 5558 482.01
38 4736 307.28
37 2217 466.68
36 8441 492.51
35 9723 479.70
34 39 606.24
33 6008 157.60
32 8706 581.78
31 9589 114.94
30 3991 607.23
29 2141 540.16
28 4342 211.19
27 1913 782.63
26 3457 391.48
25 5788 48.36
24 7562 247.98
23 2822 618.76
22 8291 42.23
21 6933 127.56
20 6024 912.80
19 6255 118.41
18 2866 597.34
17 9979 6.17
16 7782 105.88
15 2996 140.61
14 3324 393.60
13 8719 768.81
12 9859 441.33
11 6085 537.92
10 226 624.61
9 3496 847.17
8 4329 113.62
7 1145 439.34
6 663 569.59
5 831 457.46
4 6077 376.16
3 3698 12.20
2 7135 229.67
1 5345 79.43
60 6822 691.34
59 8679 70.81
58 5882 302.29
56 8108 915.55
55 7506 522.99
54 4563 948.21
53 500 222.23
52 9191 802.85
51 5294 85.00
50 2885 724.21
49 7718 347.22
48 6649 218.85
47 2629 549.15
46 9582 14.20
45 861 641.22
44 5570 328.17
43 9595 540.00
42 6575 830.29
41 6467 756.50
40 727 74.11
39 3990 812.36
38 3451 887.60
37 2264 905.44
36 2521 532.88
35 1517 682.95
34 2358 150.04
33 8070 614.34
32 8237 461.61
31 9333 719.41
30 1553 724.07
29 5792 277.98
28 2968 716.23
27 4965 947.09
26 8419 162.08
25 5353 197.71
24 8688 396.16
23 9349 67.41
22 124 101.45
21 6928 172.66
20 7552 172.07
19 8961 57.45
18 2959 731.29
17 5877 993.12
16 217 12.71
15 9919 73.85
14 5130 716.19
13 9746 901.79
12 4585 827.15
11 3737 645.68
10 1880 439.38
9 6642 458.96
8 3824 789.98
7 8647 86.47
6 9212 90.08
5 4724 164.13
4 5529 774.77
3 6718 858.89
2 6677 82.36
1 9554 489.48
60 1798 1.13
59 4475 536.03
57 3372 692.73
56 1183 388.94
55 2838 775.83
54 9856 535.39
53 2266 620.40
52 5729 33.55
51 1276 774.66
50 8095 278.28
49 9827 706.64
48 6146 333.70
47 7693 457.96
46 1770 534.55
45 4066 988.02
44 8221 189.27
43 6867 117.47
42 6396 919.92
41 9043 175.72
40 6260 374.55
39 1332 876.26
38 200 800.47
37 1833 282.91
36 2361 197.58
35 4311 97.68
34 2487 640.20
33 2992 614.35
32 389 620.10
31 9623 439.80
30 1184 441.57
29 9681 777.18
28 3017 76.98
27 4978 393.53
26 1301 569.33
25 9197 305.56
24 3282 929.30
23 5871 930.59
22 6054 697.59
21 2508 387.64
20 9787 745.74
19 3284 264.36
18 9100 67.87
17 4083 317.38
16 538 358.83
15 4287 797.25
14 8282 390.69
13 4754 145.58
12 2791 183.91
11 2619 442.22
10 7797 198.75
9 8692 306.28
8 4295 384.02
7 3674 336.26
6 3802 868.62
5 1050 500.53
4 3570 905.87
3 5140 749.17
2 1996 591.44
1 5546 327.15
60 5695 777.78
58 5856 700.51
57 5809 990.57
56 9293 799.84
55 1634 144.39
54 1664 623.19
53 3037 569.85
52 874 555.68
51 2725 254.67
50 8082 330.87
49 9123 711.53
48 7198 422.09
47 934 884.51
46 1217 173.74
45 775 830.40
44 3612 821.30
43 4136 896.72
42 5987 624.31
41 8484 441.05
40 385 395.62
39 996 142.80
38 3130 179.75
37 1836 870.00
36 7662 293.48
35 9910 411.49
34 4494 604.50
33 1603 131.99
32 7075 11.11
31 7297 899.33
30 8340 396.43
29 8140 977.84
28 6155 790.69
27 3823 525.19
26 2626 25.99
25 776 374.02
24 6032 346.52
23 3457 962.53
22 5472 32.55
21 7435 596.42
20 7299 763.34
19 4515 147.45
18 8918 167.91
17 5455 744.20
16 1636 205.33
15 4639 432.65
14 48 434.34
13 9922 106.91
12 7400 862.43
11 2029 559.07
10 6664 933.65
9 9180 701.42
8 6702 634.74
7 1623 132.44
6 1674 45.33
5 8021 660.62
4 9743 541.76
3 7208 325.31
2 8659 634.19
1 6249 608.24
59 6934 232.02
58 9937 66.68
57 1948 185.98
56 7654 682.19
55 7462 454.39
54 1821 660.46
53 1874 530.28
52 6502 651.71
51 7598 562.41
50 5427 552.07
49 6970 268.05
48 7728 73.69
47 4257 505.27
46 5395 566.89
45 7745 754.92
44 7976 964.48
43 364 860.99
42 420 239.86
41 103 165.94
40 4306 527.70
39 5753 328.68
38 7826 595.35
37 7803 572.43
36 8141 61.74
35 8171 64.91
34 5950 608.26
33 8129 702.68
32 9587 838.72
31 4561 369.13
30 2768 594.17
29 9040 945.93
28 2508 798.27
27 6288 773.81
26 2846 713.76
25 8520 308.29
24 8058 998.17
23 66 360.49
22 291 330.59
21 2888 128.94
20 8789 585.64
19 2589 243.23
18 7525 532.05
17 5747 666.08
16 116 735.85
15 1819 547.53
14 4546 968.85
13 6988 662.74
12 3040 995.59
11 710 777.02
10 3512 220.03
9 9518 674.91
8 6981 858.15
7 578 651.82
6 6912 395.76
5 6689 815.10
4 2516 485.21
3 4607 403.09
2 5440 422.17
1 1598 62.72
48
30
1 48 7.46 0.00 63.69 
1 9 3.58 37.19 163.03 
1 38 4.51 92.70 225.71 
1 13 2.39 245.80 315.87 
1 33 8.61 317.17 415.26 
1 47 4.74 403.03 470.15 
1 8 8.74 473.95 573.03 
1 23 9.38 520.71 622.33 
1 31 3.68 617.66 704.53 
1 52 9.28 669.87 798.11 
1 56 2.60 770.74 847.60 
1 25 5.90 795.31 924.96 
1 32 3.83 869.30 1000.35 
1 51 7.19 1011.77 1097.83 
1 14 9.83 1139.89 1251.98 
2 18 8.62 1237.70 1326.31 59 3.06 1202.73 1293.66 
2 46 8.41 1267.51 1340.64 16 1.66 1297.06 1411.54 
2 20 8.36 1326.70 1405.68 41 7.42 1449.35 1561.13 
2 35 2.85 1419.27 1496.75 40 4.40 1386.01 1473.66 
2 10 8.90 1457.01 1579.98 54 7.12 1553.23 1627.46 
1 24 7.79 1567.07 1691.05 
1 6 4.87 1668.15 1748.09 
1 12 8.06 1743.35 1870.84 
1 29 9.01 1864.63 1995.84 
2 2 5.62 1949.25 2080.28 53 1.18 2028.14 2097.89 
1 28 2.31 2025.10 2149.05 
2 17 7.31 2058.76 2179.54 3 8.51 2074.81 2188.68 
2 37 2.92 2088.39 2206.07 58 7.51 2108.31 2219.06 
2 36 9.88 2187.14 2280.98 1 6.36 2128.44 2261.13 
2 42 5.52 2281.51 2414.12 57 1.68 2197.48 2321.02 
2 19 3.36 2248.58 2333.62 44 5.71 2276.63 2364.77 
1 15 7.83 2308.45 2432.21 
2 22 1.47 2395.49 2471.58 34 8.58 2436.67 2553.47 
1 7 2.11 2467.30 2563.92 
1 49 5.71 2565.48 2660.94 
1 43 4.95 2682.27 2810.09 
2 27 4.05 2793.13 2906.34 39 6.71 2850.92 2978.12 
2 11 6.92 2913.43 2993.37 60 6.30 2809.82 2937.37 
2 5 2.05 2968.15 3052.91 26 4.99 2942.34 3047.73 
2 45 6.28 3081.67 3173.36 21 5.00 3047.91 3127.46 
2 4 2.39 3092.03 3202.26 55 1.82 3106.55 3214.32 
2 50 3.16 3111.04 3225.30 30 8.96 3199.57 3318.23 
