100 400 0 1 10
4
4
4
4
4
4
4
4
4
4
4
4
4
4
4
4
4
4
4
4
4
4
4
4
4
4
4
4
4
4
4
4
4
4
4
4
4
4
4
4
4
4
4
4
4
4
4
4
4
4
4
4
4
4
4
4
4
4
4
4
4
4
4
4
4
4
4
4
4
4
4
4
4
4
4
4
4
4
4
4
4
4
4
4
4
4
4
4
4
4
4
4
4
4
4
4
4
4
4
4
91 9921.0 40.53
10 8297.0 597.9
11 3497.0 542.74
2 1.0 58.1
92 2797.0 631.9
12 8094.0 424.15
3 7560.0 842.42
1 1317.0 906.4
93 1713.0 423.73
13 6520.0 655.87
4 5331.0 930.5
2 4589.0 345.04
94 4960.0 255.36
14 6800.0 445.23
5 471.0 790.4
3 2191.0 695.72
95 1632.0 558.12
15 2503.0 288.14
6 6797.0 146.67
4 6793.0 579.68
96 7834.0 564.99
16 4715.0 147.27
7 3837.0 151.02
5 9352.0 20.91
97 4367.0 554.85
17 6007.0 687.64
8 8314.0 388.76
6 5197.0 928.86
98 5851.0 180.61
18 7563.0 190.72
9 535.0 476.69
7 346.0 257.83
99 669.0 980.43
19 9519.0 985.49
10 6715.0 160.38
8 5300.0 670.4
100 3900.0 768.0
1 150.0 838.34
20 4396.0 173.38
9 78.0 130.9
20 2744.0 317.41
21 6894.0 882.98
1 4526.0 400.4
12 3837.0 418.46
22 9877.0 516.42
2 9322.0 495.55
13 4177.0 116.32
11 669.0 758.12
23 8517.0 144.75
3 2154.0 214.86
14 5893.0 196.01
12 6872.0 596.32
24 5377.0 843.12
4 9094.0 864.03
15 8466.0 529.98
13 9310.0 540.74
25 1035.0 533.53
5 8613.0 116.9
16 921.0 950.32
14 5272.0 797.76
26 5771.0 279.07
6 5063.0 553.55
17 4163.0 302.15
15 6543.0 3.74
27 4403.0 70.79
7 8180.0 199.0
18 9108.0 48.25
16 7016.0 414.12
28 8697.0 892.44
8 4625.0 408.91
19 2626.0 773.26
17 7626.0 693.48
29 8012.0 76.04
9 6331.0 6.63
20 7365.0 275.28
18 475.0 673.87
11 6434.0 903.5
30 7421.0 331.09
10 8252.0 227.4
19 3284.0 803.58
30 5465.0 601.35
31 8865.0 748.27
11 7026.0 665.6
22 6330.0 155.37
32 4636.0 605.38
12 9549.0 486.16
23 9916.0 49.98
21 7568.0 685.0
33 7138.0 712.7
13 2895.0 737.9
24 2472.0 564.7
22 3656.0 335.73
34 6681.0 997.02
14 5147.0 839.92
25 7231.0 851.37
23 9831.0 662.46
35 1997.0 785.64
15 4143.0 805.18
26 6519.0 405.65
24 7538.0 801.6
36 8664.0 626.36
16 8771.0 97.53
27 6320.0 831.4
25 728.0 570.51
37 5443.0 600.14
17 7302.0 454.23
28 2729.0 741.2
26 8852.0 375.08
38 4506.0 102.53
18 7161.0 590.64
29 7669.0 969.89
27 4367.0 104.0
39 2157.0 276.73
19 7069.0 645.77
30 2379.0 445.15
28 4780.0 575.36
21 9184.0 687.19
40 3159.0 717.76
20 192.0 960.39
29 2751.0 775.49
40 2668.0 507.34
41 8820.0 952.16
21 5253.0 104.18
32 3595.0 827.3
42 4678.0 487.68
22 653.0 275.32
33 4868.0 624.27
31 1666.0 341.89
43 3654.0 786.24
23 4892.0 71.16
34 9097.0 500.36
32 8982.0 57.53
44 9997.0 404.9
24 6824.0 669.01
35 9052.0 596.73
33 606.0 487.75
45 6309.0 306.76
25 9171.0 687.33
36 5166.0 37.3
34 5048.0 560.91
46 6.0 860.6
26 8905.0 105.98
37 9872.0 378.98
35 3192.0 420.18
47 7738.0 966.67
27 1393.0 451.19
38 2663.0 394.21
36 4943.0 454.64
48 3194.0 624.21
28 9899.0 830.79
39 9483.0 255.72
37 908.0 4.75
49 6829.0 453.04
29 4463.0 596.44
40 5010.0 980.23
38 738.0 126.43
31 9706.0 331.79
50 2054.0 108.12
30 5150.0 491.99
39 3844.0 329.65
50 2469.0 185.01
51 7093.0 648.94
31 4400.0 331.71
42 2773.0 702.09
52 946.0 198.9
32 8071.0 983.37
43 5301.0 95.28
41 9143.0 334.59
53 7644.0 949.97
33 2117.0 126.82
44 9415.0 488.7
42 4647.0 751.81
54 2140.0 574.07
34 1537.0 444.82
45 7619.0 10.24
43 502.0 650.62
55 812.0 731.66
35 6167.0 992.92
46 8283.0 589.06
44 7706.0 943.2
56 9527.0 542.58
36 9.0 331.79
47 159.0 910.99
45 1255.0 280.84
57 3901.0 647.59
37 7277.0 740.43
48 8687.0 181.55
46 6888.0 680.58
58 6926.0 814.0
38 4180.0 148.53
49 7366.0 619.95
47 6299.0 222.7
59 7773.0 78.05
39 6810.0 696.69
50 10000.0 686.73
48 7258.0 503.04
41 8444.0 776.26
60 4227.0 552.82
40 8369.0 461.85
49 8891.0 822.85
60 6944.0 206.36
61 1941.0 444.57
41 8292.0 575.66
52 2334.0 609.22
62 1920.0 454.36
42 818.0 908.13
53 3512.0 405.28
51 3065.0 738.37
63 2442.0 938.67
43 6299.0 269.85
54 5915.0 228.63
52 5136.0 261.0
64 1366.0 842.64
44 2137.0 811.07
55 4123.0 908.54
53 8465.0 955.69
65 6014.0 685.84
45 3891.0 357.16
56 2695.0 665.53
54 8420.0 924.23
66 8288.0 10.53
46 9481.0 35.25
57 5376.0 924.92
55 4157.0 703.76
67 9885.0 596.37
47 2694.0 466.51
58 2874.0 557.41
56 4682.0 897.81
68 2338.0 997.07
48 2842.0 453.59
59 1538.0 782.35
57 1785.0 926.83
69 2196.0 791.42
49 7843.0 918.07
60 8029.0 660.43
58 5720.0 554.25
51 4560.0 143.03
70 6964.0 749.77
50 2823.0 789.6
59 331.0 476.86
70 8176.0 321.41
71 6966.0 477.47
51 114.0 282.5
62 5348.0 902.23
72 6699.0 602.06
52 9838.0 340.83
63 9559.0 400.41
61 4988.0 785.3
73 565.0 912.4
53 8202.0 456.94
64 5549.0 504.24
62 7487.0 867.55
74 2272.0 391.94
54 3984.0 294.55
65 6252.0 203.63
63 8912.0 480.13
75 7002.0 469.96
55 1770.0 506.97
66 1599.0 42.79
64 8425.0 996.67
76 7630.0 637.36
56 1579.0 697.27
67 7151.0 602.62
65 2129.0 664.67
77 5542.0 468.1
57 2573.0 318.85
68 911.0 666.25
66 1305.0 112.92
78 3299.0 826.4
58 1017.0 122.65
69 31.0 703.94
67 2748.0 591.44
79 1432.0 53.02
59 6351.0 317.08
70 269.0 123.23
68 4146.0 317.91
61 221.0 364.21
80 4856.0 297.06
60 7952.0 608.84
69 7102.0 996.03
80 1609.0 898.69
81 8137.0 747.93
61 7534.0 449.79
72 9384.0 901.95
82 7394.0 513.74
62 6338.0 209.8
73 1810.0 885.65
71 2401.0 850.92
83 1354.0 26.08
63 5986.0 738.24
74 8875.0 500.19
72 3177.0 94.58
84 3109.0 900.85
64 3190.0 844.83
75 1505.0 638.89
73 6524.0 956.45
85 5184.0 244.31
65 1175.0 432.66
76 3861.0 695.62
74 6817.0 673.31
86 2590.0 582.23
66 5264.0 372.59
77 5000.0 290.6
75 3880.0 50.86
87 3933.0 626.67
67 5883.0 572.99
78 5875.0 320.57
76 1477.0 828.26
88 4762.0 768.12
68 7034.0 609.08
79 5905.0 957.5
77 8460.0 979.41
89 2795.0 237.36
69 1618.0 185.31
80 5565.0 818.27
78 9559.0 546.72
71 7074.0 549.35
90 3700.0 680.52
70 8607.0 340.53
79 1483.0 744.23
90 7082.0 834.83
91 6722.0 970.05
71 5572.0 494.48
82 9838.0 947.9
92 5142.0 966.7
72 3162.0 985.93
83 1419.0 415.51
81 4090.0 181.96
93 7212.0 715.33
73 5289.0 777.56
84 2523.0 448.63
82 5652.0 510.22
94 4610.0 771.42
74 5885.0 501.13
85 4643.0 610.27
83 4888.0 604.01
95 3218.0 771.79
75 4311.0 427.64
86 1261.0 788.06
84 9616.0 489.17
96 5175.0 1.58
76 3705.0 77.73
87 3195.0 652.02
85 1999.0 167.66
97 4021.0 78.72
77 4471.0 388.27
88 1268.0 242.83
86 6296.0 800.88
98 9870.0 74.35
78 3881.0 257.97
89 6220.0 259.05
87 6516.0 732.65
99 6705.0 616.19
79 784.0 495.94
90 2480.0 964.95
88 8035.0 854.28
81 4369.0 613.17
100 5420.0 718.1
80 2541.0 543.63
89 4767.0 402.36
1 6961.0 994.55
100 5828.0 153.81
81 6766.0 510.2
92 3896.0 568.76
2 7543.0 413.39
82 7290.0 835.1
93 284.0 132.71
91 2034.0 716.93
3 43.0 885.15
83 9453.0 615.72
94 4268.0 598.76
92 9022.0 494.73
4 800.0 598.95
84 9407.0 281.98
95 9480.0 431.55
93 1421.0 285.02
5 9038.0 825.01
85 4607.0 979.77
96 1313.0 347.5
94 4106.0 42.87
6 7471.0 505.6
86 6617.0 397.61
97 923.0 681.46
95 8861.0 29.39
7 64.0 710.84
87 6060.0 845.91
98 711.0 468.05
96 1623.0 140.47
8 5188.0 371.83
88 1505.0 78.01
99 2532.0 466.02
97 3656.0 979.04
9 5443.0 338.11
89 3440.0 220.3
100 7836.0 89.71
98 1352.0 551.75
10 2160.0 420.07
91 7521.0 956.2
90 5231.0 673.41
99 4556.0 145.5
80
50
1 80 3.19 0.0 32.84
15 5 4.8 2736.86 2781.04 9 5.02 1858.03 1912.82 23 7.8 2189.78 2224.88 26 9.39 2510.22 2571.37 41 3.09 1545.6 1586.58 46 9.84 2661.46 2713.56 57 1.06 2140.58 2181.28 64 2.12 2490.31 2539.31 65 7.52 2595.6 2643.73 66 4.28 1936.46 1973.52 70 4.81 312.85 374.6 71 8.31 531.99 573.09 72 8.79 1430.53 1478.44 82 9.93 1947.43 1989.03 84 6.01 2796.74 2832.96
13 6 4.44 2892.6 2928.24 11 4.83 2640.04 2701.3 13 6.66 2740.97 2784.88 15 1.23 2621.6 2681.29 18 5.28 2720.14 2782.98 21 2.17 1975.9 2034.23 34 3.32 2888.59 2924.94 54 7.13 2221.5 2255.23 55 2.53 3107.05 3154.78 59 7.39 1412.98 1455.49 67 8.45 2231.11 2276.7 68 4.05 1639.52 1685.42 74 7.03 2820.61 2876.67
4 28 2.21 3191.28 3252.88 62 1.89 3290.47 3326.86 63 2.23 3548.15 3588.38 78 6.63 2464.08 2521.75
11 20 9.81 4460.78 4499.04 32 5.8 4460.06 4503.21 33 3.14 4404.42 4443.79 37 6.98 3301.77 3361.39 42 3.7 4533.14 4585.89 53 8.14 4005.47 4049.4 56 3.28 4486.44 4534.05 61 3.1 4072.2 4119.52 87 8.18 3974.02 4026.61 90 8.05 4459.55 4523.77 92 6.69 5040.99 5102.02
12 24 2.62 5045.97 5080.24 25 8.39 4447.07 4492.31 29 5.12 4562.28 4607.57 30 8.68 4795.82 4845.8 44 2.28 4776.41 4811.84 45 6.24 4497.61 4542.65 76 2.72 4684.32 4721.71 79 7.12 4975.3 5037.31 83 2.71 5162.34 5209.52 94 1.85 4274.18 4325.69 99 2.73 4773.0 4810.37 100 1.34 4848.93 4913.86
6 1 5.03 6101.35 6161.15 8 7.66 5698.81 5737.18 19 8.62 5204.92 5266.72 38 4.79 4975.02 5011.39 48 4.5 5584.47 5650.36 96 2.28 5061.16 5100.53
13 3 7.66 6306.92 6344.17 16 4.35 5633.19 5688.61 17 5.61 5883.84 5932.49 31 4.58 6549.02 6582.47 40 4.69 6206.44 6261.46 47 2.75 5823.47 5865.75 49 9.23 5688.55 5724.98 51 1.71 6563.91 6612.65 60 3.29 6420.58 6469.92 88 4.55 5955.85 6012.69 89 7.67 6222.54 6264.1 93 9.26 5410.58 5470.22 95 6.84 5091.4 5133.63
15 2 6.16 6327.05 6383.67 4 8.46 5728.97 5793.39 7 4.59 6059.31 6107.83 35 3.04 6962.1 7014.21 36 9.04 6549.01 6592.36 39 8.55 6382.68 6442.69 43 4.72 7846.09 7902.61 52 5.08 7166.12 7232.31 58 1.23 6326.86 6369.73 69 1.43 6560.19 6610.74 75 6.82 5963.28 6022.84 77 8.05 6207.08 6258.52 81 8.38 6713.13 6767.67 86 2.75 5844.48 5884.45 98 6.44 6031.66 6094.67
1 50 3.68 7492.25 7526.92
