625 0 0 1 7
2
3
3
3
3
3
3
3
3
3
3
3
3
3
3
3
3
3
3
3
3
3
3
3
2
3
4
4
4
4
4
4
4
4
4
4
4
4
4
4
4
4
4
4
4
4
4
4
4
3
3
4
4
4
4
4
4
4
4
4
4
4
4
4
4
4
4
4
4
4
4
4
4
4
3
3
4
4
4
4
4
4
4
4
4
4
4
4
4
4
4
4
4
4
4
4
4
4
4
3
3
4
4
4
4
4
4
4
4
4
4
4
4
4
4
4
4
4
4
4
4
4
4
4
3
3
4
4
4
4
4
4
4
4
4
4
4
4
4
4
4
4
4
4
4
4
4
4
4
3
3
4
4
4
4
4
4
4
4
4
4
4
4
4
4
4
4
4
4
4
4
4
4
4
3
3
4
4
4
4
4
4
4
4
4
4
4
4
4
4
4
4
4
4
4
4
4
4
4
3
3
4
4
4
4
4
4
4
4
4
4
4
4
4
4
4
4
4
4
4
4
4
4
4
3
3
4
4
4
4
4
4
4
4
4
4
4
4
4
4
4
4
4
4
4
4
4
4
4
3
3
4
4
4
4
4
4
4
4
4
4
4
4
4
4
4
4
4
4
4
4
4
4
4
3
3
4
4
4
4
4
4
4
4
4
4
4
4
4
4
4
4
4
4
4
4
4
4
4
3
3
4
4
4
4
4
4
4
4
4
4
4
4
4
4
4
4
4
4
4
4
4
4
4
3
3
4
4
4
4
4
4
4
4
4
4
4
4
4
4
4
4
4
4
4
4
4
4
4
3
3
4
4
4
4
4
4
4
4
4
4
4
4
4
4
4
4
4
4
4
4
4
4
4
3
3
4
4
4
4
4
4
4
4
4
4
4
4
4
4
4
4
4
4
4
4
4
4
4
3
3
4
4
4
4
4
4
4
4
4
4
4
4
4
4
4
4
4
4
4
4
4
4
4
3
3
4
4
4
4
4
4
4
4
4
4
4
4
4
4
4
4
4
4
4
4
4
4
4
3
3
4
4
4
4
4
4
4
4
4
4
4
4
4
4
4
4
4
4
4
4
4
4
4
3
3
4
4
4
4
4
4
4
4
4
4
4
4
4
4
4
4
4
4
4
4
4
4
4
3
3
4
4
4
4
4
4
4
4
4
4
4
4
4
4
4
4
4
4
4
4
4
4
4
3
3
4
4
4
4
4
4
4
4
4
4
4
4
4
4
4
4
4
4
4
4
4
4
4
3
3
4
4
4
4
4
4
4
4
4
4
4
4
4
4
4
4
4
4
4
4
4
4
4
3
3
4
4
4
4
4
4
4
4
4
4
4
4
4
4
4
4
4
4
4
4
4
4
4
3
2
3
3
3
3
3
3
3
3
3
3
3
3
3
3
3
3
3
3
3
3
3
3
3
2
2 6752 40.53
26 7229 597.90
3 6387 542.74
1 603 58.10
27 3125 631.90
4 6550 424.15
2 487 842.42
28 6849 906.40
5 5479 423.73
3 4397 655.87
29 4612 930.50
6 7872 345.04
4 3473 255.36
30 5395 445.23
7 5887 790.40
5 6725 695.72
31 7125 558.12
8 4514 288.14
6 4877 146.67
32 6384 579.68
9 6707 564.99
7 778 147.27
33 5611 151.02
10 5526 20.91
8 5924 554.85
34 7422 687.64
11 2589 388.76
9 6317 928.86
35 6759 180.61
12 9538 190.72
10 6008 476.69
36 5429 257.83
13 489 980.43
11 6977 985.49
37 2034 160.38
14 5090 670.40
12 9573 768.00
38 3302 838.34
15 6567 173.38
13 7879 130.90
39 6712 317.41
16 9376 882.98
14 1551 400.40
40 277 418.46
17 4949 516.42
15 2271 495.55
41 5158 116.32
18 6153 758.12
16 4178 144.75
42 5483 214.86
19 785 196.01
17 478 596.32
43 7797 843.12
20 6149 864.03
18 125 529.98
44 8133 540.74
21 5034 533.53
19 1030 116.90
45 242 950.32
22 4101 797.76
20 1932 279.07
46 2054 553.55
23 5874 302.15
21 5267 3.74
47 6518 70.79
24 4299 199.00
22 5630 48.25
48 2838 414.12
25 8745 892.44
23 9380 408.91
49 5191 773.26
24 9879 693.48
50 9251 76.04
27 4577 6.63
51 9934 275.28
1 1736 673.87
28 1874 903.50
26 9867 331.09
52 8645 227.40
2 844 803.58
29 9839 601.35
27 9694 748.27
53 18 665.60
3 1662 155.37
30 1667 605.38
28 8183 486.16
54 555 49.98
4 4925 685.00
31 328 712.70
29 7719 737.90
55 5183 564.70
5 2715 335.73
32 3460 997.02
30 6336 839.92
56 5036 851.37
6 1762 662.46
33 1212 785.64
31 7488 805.18
57 6958 405.65
7 1811 801.60
34 4380 626.36
32 5515 97.53
58 5576 831.40
8 6892 570.51
35 8417 600.14
33 2172 454.23
59 2327 741.20
9 9963 375.08
36 6021 102.53
34 8681 590.64
60 4469 969.89
10 5872 104.00
37 2276 276.73
35 2127 645.77
61 5624 445.15
11 1864 575.36
38 5825 687.19
36 8191 717.76
62 7505 960.39
12 8863 775.49
39 3811 507.34
37 4818 952.16
63 9919 104.18
13 2160 827.30
40 416 487.68
38 6599 275.32
64 7691 624.27
14 451 341.89
41 7730 786.24
39 8905 71.16
65 9360 500.36
15 3249 57.53
42 1285 404.90
40 9974 669.01
66 6043 596.73
16 8555 487.75
43 3015 306.76
41 4759 687.33
67 8919 37.30
17 5189 560.91
44 9026 860.60
42 4628 105.98
68 9906 378.98
18 5419 420.18
45 7412 966.67
43 9300 451.19
69 7911 394.21
19 8401 454.64
46 7191 624.21
44 1617 830.79
70 6520 255.72
20 6943 4.75
47 9173 453.04
45 5941 596.44
71 9517 980.23
21 6140 126.43
48 8563 331.79
46 5950 108.12
72 5691 491.99
22 40 329.65
49 4278 185.01
47 3637 648.94
73 40 331.71
23 5142 702.09
50 7516 198.90
48 3531 983.37
74 2598 95.28
24 3053 334.59
49 3488 949.97
75 3500 126.82
25 8986 488.70
52 7053 751.81
76 7514 574.07
26 4605 444.82
53 9455 10.24
51 6231 650.62
77 9291 731.66
27 8412 992.92
54 3350 589.06
52 3915 943.20
78 7830 542.58
28 9432 331.79
55 9287 910.99
53 3233 280.84
79 7934 647.59
29 6970 740.43
56 7595 181.55
54 3989 680.58
80 8291 814.00
30 5001 148.53
57 7407 619.95
55 9660 222.70
81 4372 78.05
31 2208 696.69
58 593 686.73
56 3435 503.04
82 9441 776.26
32 9867 552.82
59 800 461.85
57 4781 822.85
83 2201 206.36
33 1865 444.57
60 6250 575.66
58 471 609.22
84 6463 454.36
34 4599 908.13
61 5754 405.28
59 5023 738.37
85 4759 938.67
35 329 269.85
62 3607 228.63
60 5577 261.00
86 3963 842.64
36 8641 811.07
63 8500 908.54
61 9994 955.69
87 1862 685.84
37 9797 357.16
64 2399 665.53
62 4190 924.23
88 7192 10.53
38 4421 35.25
65 6857 924.92
63 6615 703.76
89 3477 596.37
39 4513 466.51
66 8709 557.41
64 9567 897.81
90 9900 997.07
40 5094 453.59
67 1035 782.35
65 6208 926.83
91 2568 791.42
41 9055 918.07
68 2453 660.43
66 5773 554.25
92 9672 143.03
42 4780 749.77
69 2726 789.60
67 7400 476.86
93 1047 321.41
43 8209 477.47
70 1771 282.50
68 2408 902.23
94 1025 602.06
44 2613 340.83
71 6565 400.41
69 3413 785.30
95 6433 912.40
45 1579 456.94
72 5373 504.24
70 6615 867.55
96 6636 391.94
46 6096 294.55
73 6166 203.63
71 7658 480.13
97 717 469.96
47 9639 506.97
74 3264 42.79
72 9708 996.67
98 1923 637.36
48 9731 697.27
75 4351 602.62
73 8043 664.67
99 9734 468.10
49 5363 318.85
74 4723 666.25
100 1197 112.92
50 1756 826.40
77 2171 122.65
101 8348 703.94
51 2951 591.44
78 4467 53.02
76 2854 317.08
102 9561 123.23
52 7248 317.91
79 6828 364.21
77 5433 297.06
103 7899 608.84
53 5576 996.03
80 435 898.69
78 8997 747.93
104 6920 449.79
54 309 901.95
81 7053 513.74
79 7896 209.80
105 3427 885.65
55 2584 850.92
82 9390 26.08
80 1016 738.24
106 4342 500.19
56 9444 94.58
83 8327 900.85
81 4891 844.83
107 7600 638.89
57 6298 956.45
84 4633 244.31
82 8394 432.66
108 7912 695.62
58 6058 673.31
85 7186 582.23
83 8084 372.59
109 6876 290.60
59 9770 50.86
86 7894 626.67
84 2042 572.99
110 6813 320.57
60 5778 828.26
87 5358 768.12
85 5207 609.08
111 6699 957.50
61 4986 979.41
88 7902 237.36
86 7827 185.31
112 2224 818.27
62 4142 546.72
89 9036 549.35
87 8232 680.52
113 7700 340.53
63 457 744.23
90 7570 834.83
88 8798 970.05
114 1531 494.48
64 4430 947.90
91 8284 966.70
89 8456 985.93
115 1073 415.51
65 9201 181.96
92 9110 715.33
90 797 777.56
116 9802 448.63
66 4801 510.22
93 4737 771.42
91 5145 501.13
117 7242 610.27
67 5175 604.01
94 2133 771.79
92 8396 427.64
118 6684 788.06
68 4482 489.17
95 6364 1.58
93 9804 77.73
119 3088 652.02
69 2858 167.66
96 6605 78.72
94 2034 388.27
120 3812 242.83
70 9230 800.88
97 2541 74.35
95 34 257.97
121 9671 259.05
71 1399 732.65
98 7307 616.19
96 8757 495.94
122 8570 964.95
72 4753 854.28
99 8491 613.17
97 8345 718.10
123 8863 543.63
73 2376 402.36
100 4733 994.55
98 4571 153.81
124 9485 510.20
74 6887 568.76
99 6053 413.39
125 1120 835.10
75 7028 132.71
102 5148 716.93
126 4270 885.15
76 6584 615.72
103 7869 598.76
101 7169 494.73
127 487 598.95
77 2783 281.98
104 7430 431.55
102 4353 285.02
128 3142 825.01
78 1992 979.77
105 8327 347.50
103 4623 42.87
129 1116 505.60
79 9259 397.61
106 1279 681.46
104 5789 29.39
130 6370 710.84
80 4310 845.91
107 9281 468.05
105 5389 140.47
131 4298 371.83
81 989 78.01
108 2689 466.02
106 3169 979.04
132 2373 338.11
82 4183 220.30
109 7829 89.71
107 1630 551.75
133 2959 420.07
83 9165 956.20
110 7887 673.41
108 4758 145.50
134 3391 143.53
84 5802 244.16
111 2283 423.12
109 8555 981.81
135 5120 811.87
85 9739 125.09
112 4307 364.97
110 6661 755.84
136 8740 7.51
86 6838 557.21
113 5379 423.65
111 6816 447.07
137 4938 931.92
87 1037 233.31
114 3805 992.19
112 6599 724.45
138 5179 866.06
88 1861 629.76
115 8234 131.07
113 1593 171.08
139 5070 26.88
89 6830 475.55
116 2162 828.39
114 7370 425.60
140 6465 339.14
90 4677 259.01
117 6298 670.04
115 6761 382.57
141 1634 710.51
91 2747 681.16
118 9514 625.74
116 5882 135.10
142 5503 137.35
92 813 99.71
119 8004 533.83
117 1948 300.39
143 5967 632.98
93 1929 238.65
120 2374 234.41
118 5342 797.75
144 3616 793.64
94 6590 783.69
121 8422 253.63
119 5986 664.49
145 5222 979.46
95 4265 458.30
122 6224 142.87
120 4168 180.60
146 2842 95.67
96 2663 190.27
123 5343 39.29
121 8297 854.01
147 9642 582.27
97 6002 680.38
124 2356 192.65
122 8610 821.19
148 1992 191.95
98 7690 389.27
125 3279 739.74
123 1763 448.41
149 2413 421.96
99 726 846.55
124 6663 142.55
150 5845 195.01
100 171 918.21
127 1572 410.59
151 8500 372.79
101 7833 649.78
128 8795 398.28
126 6532 741.60
152 1785 255.23
102 8527 394.56
129 4524 739.83
127 3838 80.33
153 970 512.45
103 3102 914.28
130 2535 829.41
128 6359 26.86
154 954 399.46
104 6148 646.65
131 6980 604.81
129 1734 820.63
155 3452 48.19
105 2720 226.99
132 2994 453.82
130 4338 195.64
156 969 783.69
106 5550 413.72
133 4353 573.99
131 7895 893.55
157 8614 839.14
107 9696 709.06
134 7641 789.63
132 9324 140.09
158 464 298.87
108 3203 358.82
135 6512 687.92
133 853 320.68
159 6500 970.22
109 3707 325.89
136 6415 563.44
134 3833 233.83
160 1492 470.42
110 1079 112.69
137 9814 53.91
135 9231 221.90
161 5725 87.38
111 9336 852.88
138 3258 644.22
136 9069 834.52
162 6935 230.35
112 4198 248.90
139 3377 444.61
137 8749 437.95
163 8163 317.93
113 1620 750.13
140 5034 432.63
138 8868 790.75
164 6081 885.45
114 3692 368.38
141 5697 838.11
139 8381 377.47
165 295 91.23
115 3897 682.27
142 8027 70.13
140 6597 276.15
166 187 12.73
116 8739 730.44
143 1914 848.29
141 8300 207.51
167 8103 92.64
117 6449 295.25
144 2543 582.99
142 6674 830.96
168 4081 181.91
118 1504 420.16
145 3390 578.10
143 1116 318.54
169 6361 926.56
119 4944 428.87
146 9801 788.83
144 708 148.63
170 8635 359.27
120 5557 63.64
147 1945 29.28
145 9961 545.72
171 6772 415.88
121 9828 947.77
148 9339 499.82
146 1326 352.08
172 7857 860.14
122 3703 121.95
149 1578 357.98
147 3195 122.53
173 2280 976.50
123 6787 151.84
150 2938 794.24
148 7699 91.94
174 5696 854.16
124 9140 182.13
149 5166 269.33
175 8660 789.29
125 3370 650.94
152 965 663.05
176 6544 267.61
126 3314 4.58
153 7317 247.59
151 2431 480.53
177 394 705.50
127 7272 118.34
154 8945 462.52
152 4848 459.93
178 1313 93.98
128 351 932.71
155 7840 286.91
153 4047 456.19
179 987 787.10
129 8239 890.52
156 3508 636.51
154 4838 516.85
180 2864 563.71
130 3599 985.91
157 8257 199.79
155 6354 543.67
181 4527 696.00
131 1502 698.99
158 1884 301.26
156 187 800.50
182 6876 857.51
132 2767 842.94
159 8673 547.22
157 3507 41.14
183 4570 517.07
133 8360 788.72
160 5351 92.82
158 6391 562.77
184 1030 695.94
134 3011 100.10
161 9270 961.06
159 3323 638.42
185 2095 627.03
135 8182 963.35
162 1492 857.12
160 7019 164.66
186 4888 902.09
136 9006 548.19
163 8694 681.47
161 1636 227.84
187 6417 943.47
137 8756 994.09
164 5987 531.25
162 928 290.67
188 1366 856.19
138 9836 581.66
165 6355 324.20
163 4175 32.99
189 7340 466.98
139 9456 671.02
166 310 522.64
164 6343 434.53
190 9082 509.72
140 3865 662.82
167 7563 759.13
165 801 382.14
191 9721 59.32
141 5207 419.64
168 7312 429.50
166 180 905.04
192 2472 229.41
142 5171 618.85
169 1831 207.68
167 4921 814.15
193 8275 546.23
143 4804 700.74
170 8124 915.58
168 9073 384.82
194 1804 448.36
144 1431 851.93
171 5833 40.31
169 5575 651.20
195 746 704.17
145 7545 536.28
172 2607 604.55
170 2893 831.40
196 6565 266.67
146 2565 764.96
173 9052 944.89
171 1518 310.04
197 2286 490.09
147 9974 619.61
174 3650 788.39
172 6930 925.43
198 4020 739.26
148 8721 244.86
175 9353 502.39
173 1849 507.88
199 3724 170.32
149 1375 413.05
174 4652 752.07
200 5025 914.80
150 147 667.82
177 2162 126.64
201 5328 982.64
151 6941 870.17
178 9692 752.32
176 9891 724.84
202 2461 973.82
152 2992 696.36
179 8336 984.67
177 6921 403.53
203 657 785.11
153 4780 461.80
180 1286 908.51
178 7078 550.15
204 4779 935.75
154 5758 820.84
181 3254 734.40
179 8296 932.75
205 5756 683.93
155 5082 105.99
182 9612 260.61
180 8614 16.94
206 9720 977.72
156 9354 857.70
183 4369 443.60
181 6038 405.42
207 765 758.24
157 1855 356.43
184 8102 830.22
182 1347 489.76
208 9904 770.25
158 2004 281.29
185 4195 187.74
183 7265 710.48
209 2001 64.50
159 8025 797.77
186 6566 750.20
184 3687 429.51
210 34 587.24
160 7353 463.08
187 9160 394.35
185 6151 30.04
211 929 61.02
161 2975 597.22
188 2246 798.05
186 430 857.55
212 122 529.38
162 4321 554.03
189 6718 418.11
187 2848 820.43
213 5770 979.37
163 425 646.19
190 7685 291.40
188 5975 323.55
214 5374 976.53
164 6591 319.49
191 533 558.25
189 7560 737.52
215 8898 807.39
165 9478 799.56
192 248 73.69
190 1613 583.60
216 9680 161.59
166 7925 661.04
193 8601 619.71
191 2085 259.89
217 757 923.09
167 897 576.15
194 8132 482.54
192 5495 193.27
218 8526 54.68
168 5770 112.19
195 9836 943.89
193 3936 649.30
219 9790 107.56
169 2404 396.89
196 4461 349.46
194 7939 635.54
220 2628 529.92
170 9003 726.42
197 7147 6.59
195 7423 452.88
221 5267 951.57
171 735 477.34
198 9189 69.11
196 853 587.67
222 4977 154.55
172 9084 492.08
199 732 500.43
197 9690 607.48
223 5643 490.47
173 6000 143.09
200 5873 57.59
198 5734 793.85
224 8231 519.38
174 6792 806.83
199 1424 2.35
225 1033 488.28
175 7698 621.15
202 7156 993.66
226 812 816.74
176 9685 932.54
203 5916 226.45
201 3706 242.43
227 17 336.94
177 2706 266.02
204 1660 291.02
202 1458 782.15
228 2623 42.42
178 4048 118.52
205 3141 568.14
203 4095 8.10
229 3499 754.06
179 7045 221.46
206 5032 779.76
204 1074 840.16
230 1687 920.35
180 9806 531.55
207 9999 780.07
205 805 215.18
231 5730 69.59
181 8858 999.76
208 5268 164.25
206 9151 53.07
232 7335 923.91
182 3517 353.50
209 7535 949.01
207 310 127.87
233 4541 438.31
183 2729 418.54
210 6151 860.85
208 2338 423.06
234 8461 665.92
184 3648 981.05
211 2867 384.65
209 2897 290.58
235 4785 358.31
185 4279 774.16
212 1708 522.15
210 2330 103.41
236 5798 431.50
186 4224 451.43
213 5727 221.97
211 827 68.28
237 9224 371.48
187 3093 928.45
214 8297 621.23
212 9075 643.11
238 5075 972.93
188 1231 469.04
215 2548 154.79
213 2982 320.12
239 146 378.11
189 8507 483.76
216 1349 623.02
214 2336 718.96
240 2807 735.87
190 893 94.78
217 4369 600.04
215 4250 66.20
241 3065 752.73
191 8482 188.69
218 1961 441.22
216 8705 51.23
242 5541 93.21
192 1839 503.55
219 6818 667.86
217 1244 322.63
243 5327 280.03
193 3966 870.47
220 4731 558.77
218 9795 885.98
244 9960 396.14
194 835 863.18
221 7369 787.75
219 1806 395.99
245 1817 236.74
195 8664 882.85
222 8126 342.41
220 710 868.25
246 5689 429.92
196 7268 178.02
223 2675 258.04
221 5251 171.41
247 7274 590.84
197 5527 394.42
224 664 94.75
222 5961 169.99
248 6311 460.97
198 9177 405.16
225 659 505.89
223 4426 728.31
249 2782 153.27
199 7407 528.06
224 5445 539.71
250 7374 180.21
200 2321 590.90
227 5972 348.90
251 5062 1.65
201 1229 586.57
228 8191 200.61
226 5768 939.07
252 8790 377.35
202 6985 678.27
229 9074 244.06
227 921 477.92
253 5410 606.73
203 6981 739.35
230 5420 252.28
228 682 451.38
254 7975 635.98
204 4104 751.74
231 3665 78.63
229 3363 264.97
255 8586 57.62
205 3336 327.70
232 1829 683.45
230 7591 87.30
256 9634 482.71
206 8574 200.78
233 6450 500.76
231 1208 680.61
257 8514 883.86
207 2102 897.39
234 7030 972.13
232 9318 183.00
258 2500 385.79
208 2126 610.13
235 5830 4.38
233 215 212.87
259 1101 76.21
209 5070 974.84
236 1275 230.73
234 4580 724.27
260 297 514.17
210 6356 249.51
237 1225 360.41
235 83 146.31
261 576 38.48
211 8174 27.63
238 4418 432.79
236 5529 629.78
262 3702 154.54
212 896 525.80
239 6175 494.42
237 9431 748.60
263 9602 846.00
213 925 320.43
240 7395 765.64
238 3712 41.21
264 4085 972.24
214 9311 993.54
241 1826 305.55
239 5439 76.35
265 484 786.90
215 4282 565.91
242 1672 783.73
240 7461 380.09
266 5512 8.96
216 4185 826.64
243 3737 826.39
241 9410 212.06
267 4878 186.89
217 6177 92.35
244 7310 849.92
242 4605 197.70
268 5348 811.02
218 6515 725.02
245 5175 902.04
243 3410 248.04
269 2432 477.81
219 6323 313.59
246 9285 870.45
244 8018 335.66
270 1327 477.97
220 5748 374.12
247 9878 408.10
245 2453 167.40
271 5291 49.14
221 891 153.38
248 2160 34.57
246 3637 701.71
272 4922 315.90
222 9729 584.86
249 1672 376.52
247 4070 340.21
273 8127 401.86
223 1983 949.58
250 390 485.00
248 6099 216.40
274 877 553.28
224 7828 495.33
249 9945 494.77
275 1733 449.02
225 3948 674.89
252 2659 457.95
276 9194 509.33
226 690 642.87
253 3048 648.81
251 6120 689.73
277 6347 272.95
227 6289 79.59
254 1213 468.72
252 8918 984.18
278 7453 482.58
228 2560 785.31
255 4963 746.54
253 7429 20.78
279 6910 722.99
229 6189 445.46
256 1966 319.87
254 9365 774.98
280 1609 75.12
230 8966 341.25
257 1395 366.73
255 2273 840.25
281 4682 72.60
231 5660 902.17
258 7064 453.82
256 1207 622.84
282 1232 558.91
232 3781 152.15
259 1578 447.36
257 5165 599.80
283 9247 56.25
233 5502 157.07
260 9556 213.05
258 7203 773.87
284 4813 377.14
234 9482 228.84
261 2812 789.74
259 3376 889.23
285 1071 102.91
235 2494 829.23
262 4570 459.78
260 9630 632.77
286 4948 906.23
236 8654 736.89
263 6807 864.50
261 1158 657.21
287 299 239.26
237 5054 938.21
264 8503 919.62
262 3042 854.68
288 1567 771.45
238 452 573.71
265 5925 704.51
263 7163 510.80
289 3506 749.24
239 5182 783.14
266 5852 73.54
264 1619 640.40
290 8660 855.54
240 770 285.56
267 8850 972.45
265 4232 400.94
291 1394 75.12
241 730 648.56
268 5430 373.46
266 291 263.96
292 1259 419.50
242 9507 359.45
269 2481 108.19
267 6582 476.95
293 9455 219.15
243 7914 360.26
270 7808 633.34
268 8892 440.89
294 648 813.62
244 837 874.21
271 7192 391.78
269 6848 643.79
295 5933 657.68
245 2718 162.42
272 2988 398.72
270 2927 267.13
296 3280 442.28
246 1396 183.13
273 3370 805.24
271 2461 628.09
297 4731 958.46
247 7047 385.53
274 9943 548.76
272 9577 673.76
298 5684 478.78
248 7968 916.45
275 6781 570.07
273 5184 624.57
299 472 517.32
249 1433 646.05
274 3503 137.34
300 9833 962.06
250 8062 725.26
277 5293 426.76
301 4512 728.62
251 8197 969.57
278 4064 890.24
276 8163 722.21
302 2478 814.98
252 2099 615.69
279 3660 6.81
277 828 384.89
303 7602 979.82
253 1141 837.61
280 8234 434.12
278 8177 868.38
304 9126 912.54
254 5144 830.51
281 9104 620.67
279 9774 434.03
305 9018 508.39
255 3783 856.19
282 1973 174.19
280 5620 906.59
306 8113 493.84
256 6880 900.44
283 9702 117.08
281 5337 925.01
307 1366 29.60
257 8620 311.17
284 74 399.35
282 6636 407.12
308 2529 354.43
258 3350 976.86
285 7416 885.10
283 468 412.08
309 2366 921.95
259 8529 730.17
286 3950 265.31
284 4653 275.87
310 5672 544.27
260 5247 782.36
287 4787 804.71
285 8587 203.24
311 1501 98.96
261 4680 975.38
288 176 731.45
286 2625 212.84
312 2012 380.99
262 9052 22.10
289 9092 668.01
287 3764 473.72
313 7698 613.07
263 7353 528.89
290 6356 127.34
288 8047 839.91
314 1794 212.08
264 2147 34.97
291 2461 855.63
289 4937 704.90
315 1531 478.75
265 2176 42.79
292 1455 786.64
290 1455 687.75
316 6075 609.69
266 6254 357.25
293 2296 833.11
291 536 274.55
317 6398 948.01
267 7057 149.73
294 5142 762.20
292 5041 176.96
318 9744 379.77
268 2227 354.87
295 4328 804.45
293 9841 5.78
319 7137 704.98
269 3326 583.19
296 9055 761.72
294 4595 455.71
320 519 900.96
270 4373 304.00
297 5461 532.90
295 9091 559.45
321 188 626.59
271 7781 739.22
298 1245 464.02
296 1386 149.37
322 1393 203.40
272 1104 279.72
299 3381 713.96
297 9048 159.96
323 2669 84.50
273 417 8.49
300 7287 3.73
298 4680 939.87
324 7559 571.71
274 3489 905.90
299 5821 741.25
325 6073 600.99
275 988 913.14
302 2277 75.48
326 2094 714.91
276 3245 172.67
303 7946 731.15
301 8253 273.17
327 8554 902.97
277 6836 223.40
304 5675 579.26
302 8517 714.63
328 910 492.86
278 9292 7.24
305 6350 221.56
303 8182 966.67
329 1725 437.17
279 2900 74.47
306 9258 499.98
304 3022 747.88
330 9175 206.24
280 51 633.01
307 6936 475.29
305 8558 661.42
331 8640 142.54
281 6735 458.05
308 8223 829.23
306 2862 479.35
332 4193 891.50
282 3387 412.09
309 8893 68.36
307 8631 711.29
333 427 946.60
283 5518 118.22
310 3367 498.90
308 3758 7.18
334 6121 442.48
284 6024 829.19
311 3557 435.08
309 4302 483.69
335 7701 744.89
285 6849 735.58
312 267 364.51
310 2338 68.06
336 6131 950.09
286 9365 174.75
313 8526 488.91
311 5439 257.50
337 1351 566.84
287 2092 385.86
314 4961 140.31
312 2964 494.68
338 9483 75.24
288 3915 153.32
315 3928 967.09
313 3678 905.16
339 6954 992.24
289 3415 914.02
316 166 331.43
314 9968 161.87
340 4760 216.49
290 5376 160.26
317 6051 968.28
315 7706 541.93
341 2226 234.59
291 8897 177.78
318 2569 809.55
316 796 27.68
342 7898 992.89
292 5825 203.33
319 9042 121.02
317 8294 445.34
343 8274 853.03
293 8253 67.18
320 7271 254.68
318 5162 332.57
344 6850 550.81
294 6588 754.71
321 9704 557.75
319 7502 937.87
345 4797 750.81
295 8678 514.29
322 1459 673.23
320 8040 776.48
346 5598 499.75
296 290 569.74
323 7336 858.46
321 2990 730.12
347 3505 123.81
297 104 331.02
324 3834 972.80
322 4849 175.22
348 8729 503.82
298 6082 112.27
325 9892 187.75
323 7603 674.11
349 3842 402.53
299 1482 344.20
324 6750 792.95
350 1353 578.18
300 8481 879.23
327 3362 765.59
351 5506 497.34
301 6861 402.07
328 3766 421.01
326 4799 439.00
352 6406 177.75
302 6466 832.78
329 1725 664.68
327 8183 518.11
353 4017 971.03
303 8558 149.94
330 7678 976.23
328 9124 190.02
354 6736 686.70
304 2449 690.23
331 6468 223.13
329 2875 919.39
355 2559 380.50
305 9245 651.19
332 6365 772.82
330 2485 239.81
356 4337 256.82
306 6857 419.04
333 6341 902.38
331 178 705.97
357 8775 306.51
307 2647 484.38
334 5335 880.73
332 3846 545.80
358 2297 463.89
308 5079 970.91
335 5177 399.41
333 3092 812.90
359 7163 740.51
309 4433 125.55
336 8463 803.27
334 2415 783.46
360 7899 315.51
310 5595 392.64
337 864 930.75
335 2226 330.68
361 9334 422.75
311 7639 80.60
338 3797 194.11
336 8921 97.97
362 5548 398.52
312 5723 134.68
339 5265 574.64
337 6080 798.35
363 165 956.84
313 523 22.92
340 9917 750.12
338 1061 240.47
364 7692 859.66
314 211 685.43
341 2800 610.69
339 3256 511.98
365 5660 27.12
315 1325 165.33
342 7969 475.95
340 8069 67.27
366 2707 231.04
316 6724 843.99
343 1446 14.72
341 9078 607.33
367 63 101.70
317 7536 218.73
344 168 477.76
342 3564 761.28
368 5486 27.18
318 4375 652.55
345 9918 844.59
343 4980 98.96
369 6856 970.39
319 7168 776.27
346 4165 676.75
344 7081 17.81
370 9899 178.58
320 3468 107.80
347 6389 831.55
345 4277 248.11
371 9450 756.53
321 2014 614.00
348 9822 401.14
346 9114 839.26
372 8981 470.74
322 2797 2.54
349 9040 299.79
347 9724 492.88
373 7249 151.19
323 5949 957.46
350 3517 120.12
348 3010 576.65
374 200 53.76
324 3357 909.43
349 602 295.05
375 4128 468.88
325 9615 268.13
352 9463 390.99
376 7038 746.22
326 8253 867.81
353 6006 241.92
351 1334 398.84
377 2390 254.27
327 135 260.48
354 7941 125.49
352 5954 340.92
378 6588 478.14
328 1702 954.82
355 6247 496.76
353 5312 95.39
379 3917 509.77
329 8960 257.94
356 4662 814.23
354 5465 875.12
380 6689 388.61
330 5519 133.99
357 6546 123.69
355 6024 832.80
381 596 687.57
331 2019 965.19
358 4240 801.14
356 5951 337.14
382 1776 886.24
332 8609 317.51
359 9000 705.30
357 3869 801.12
383 1300 434.78
333 6924 645.65
360 789 569.17
358 5565 938.70
384 1813 754.52
334 7811 136.96
361 3947 801.82
359 6863 762.99
385 9107 831.30
335 7580 421.06
362 8659 709.35
360 2661 358.02
386 5401 641.62
336 7081 653.20
363 2133 826.55
361 8568 555.65
387 5476 110.78
337 7987 930.91
364 7288 997.16
362 6691 303.28
388 711 11.37
338 5640 346.33
365 8659 532.87
363 1987 757.39
389 4514 22.13
339 8827 456.23
366 5043 774.54
364 8680 991.02
390 5052 850.37
340 5881 120.04
367 5696 604.61
365 9494 217.18
391 1419 390.79
341 2881 984.26
368 15 443.76
366 1983 247.12
392 295 346.72
342 3177 77.44
369 497 702.70
367 3575 825.01
393 8134 40.17
343 137 522.58
370 4238 404.90
368 1608 573.56
394 2915 22.86
344 1559 691.87
371 8837 127.41
369 5988 366.34
395 3357 15.13
345 7621 361.08
372 3793 841.41
370 4249 172.50
396 9834 224.28
346 9334 46.61
373 1800 951.61
371 7970 508.59
397 1155 8.99
347 9371 698.76
374 9458 456.90
372 1780 828.42
398 4528 479.77
348 7859 551.40
375 7699 18.83
373 3315 249.63
399 6930 910.51
349 4242 160.40
374 3079 279.75
400 989 2.31
350 2926 482.83
377 8985 911.61
401 7626 52.26
351 249 693.62
378 7994 648.64
376 5371 609.10
402 8093 754.04
352 2952 110.95
379 3172 767.41
377 799 137.88
403 1394 187.94
353 237 888.59
380 1181 630.20
378 2268 51.12
404 5473 421.83
354 5827 339.24
381 2431 811.93
379 3713 126.64
405 4556 651.69
355 5826 12.35
382 850 548.57
380 5932 948.06
406 7804 940.73
356 6639 410.38
383 9841 730.59
381 9834 928.87
407 5415 221.38
357 3729 281.12
384 8156 954.09
382 5409 900.13
408 3556 322.24
358 8129 696.54
385 425 597.39
383 8711 592.94
409 5840 915.68
359 5456 559.51
386 3969 976.69
384 7628 402.60
410 1868 510.62
360 8329 854.11
387 5798 432.59
385 3178 438.30
411 7239 735.65
361 2144 928.61
388 4188 64.78
386 1397 603.53
412 5871 973.89
362 1716 660.06
389 5780 47.50
387 2663 927.01
413 5035 694.94
363 9654 729.44
390 1461 959.04
388 8946 24.08
414 7309 730.91
364 8187 185.50
391 9845 523.93
389 787 970.67
415 9379 739.62
365 2903 979.61
392 3936 38.17
390 1303 30.93
416 1558 179.05
366 4741 231.38
393 5386 243.52
391 7274 178.18
417 5349 834.80
367 4755 583.64
394 3721 774.65
392 4954 713.18
418 5361 694.67
368 286 292.72
395 6513 349.49
393 2553 650.12
419 7379 818.50
369 7916 256.58
396 1877 671.05
394 1570 41.38
420 3059 656.48
370 275 800.67
397 7649 9.85
395 3997 950.95
421 678 488.70
371 4041 115.46
398 3450 608.77
396 1756 208.55
422 3989 999.05
372 5669 927.37
399 7211 794.22
397 4512 696.57
423 2694 21.52
373 6691 256.63
400 6501 90.66
398 9704 202.74
424 178 80.96
374 1560 159.09
399 9053 998.98
425 9933 902.83
375 9908 674.42
402 2190 190.32
426 9516 725.81
376 5533 864.15
403 313 712.35
401 7996 834.53
427 5553 968.08
377 3843 523.92
404 1537 91.02
402 8608 256.24
428 7734 317.89
378 4652 143.07
405 743 919.40
403 1132 196.27
429 6962 536.05
379 8422 458.63
406 4064 162.02
404 3757 720.64
430 6925 93.80
380 6714 288.94
407 2603 40.15
405 191 235.43
431 2859 647.07
381 4705 734.70
408 1585 149.20
406 6904 130.55
432 1872 778.56
382 1365 918.78
409 3806 262.96
407 6933 263.35
433 1098 937.81
383 5348 1.26
410 6936 388.35
408 815 291.42
434 7831 161.98
384 2189 388.57
411 1191 623.64
409 6379 599.23
435 8230 828.68
385 1645 755.17
412 7704 153.90
410 1856 439.62
436 8919 12.04
386 817 100.77
413 9165 915.87
411 7971 202.63
437 9803 564.94
387 3667 796.53
414 3152 850.11
412 9554 754.90
438 6318 205.26
388 7239 13.47
415 4200 372.35
413 1796 573.88
439 4027 764.63
389 2434 548.85
416 325 829.20
414 738 123.76
440 2224 215.80
390 6373 895.54
417 4406 86.49
415 3978 293.57
441 2613 825.01
391 8378 538.42
418 9403 107.78
416 2630 790.23
442 6227 797.45
392 2215 694.92
419 7269 922.53
417 6403 331.38
443 2263 323.15
393 2351 854.43
420 6656 569.04
418 4313 103.37
444 3218 586.80
394 9625 68.39
421 9720 444.93
419 8449 920.40
445 5970 808.04
395 2951 384.35
422 1637 672.37
420 3307 249.73
446 2042 956.91
396 2048 141.35
423 9566 958.76
421 1754 182.89
447 5002 653.23
397 6755 391.88
424 7079 524.09
422 1813 516.91
448 9338 37.66
398 2453 202.56
425 6097 637.51
423 9061 979.01
449 9096 216.20
399 5633 547.74
424 2630 839.09
450 3247 325.46
400 7585 216.35
427 2950 298.96
451 3054 636.27
401 506 599.89
428 3213 254.91
426 9866 174.32
452 9659 687.44
402 2579 650.32
429 6029 19.23
427 4680 364.52
453 37 26.42
403 1776 797.76
430 2686 601.98
428 1773 101.05
454 8456 667.71
404 3808 70.75
431 4067 504.63
429 7870 56.43
455 9223 667.26
405 5289 775.75
432 6137 222.61
430 8088 43.30
456 7755 303.13
406 2319 135.67
433 4190 797.89
431 5888 831.31
457 8687 990.16
407 5043 584.10
434 1950 687.70
432 1810 379.24
458 4444 112.25
408 924 638.23
435 9731 173.36
433 9722 952.64
459 1065 199.35
409 7863 268.03
436 128 7.21
434 4783 884.58
460 2820 870.50
410 4744 360.89
437 6252 912.64
435 7176 200.66
461 8388 746.82
411 3524 338.45
438 7147 864.65
436 8062 533.54
462 5105 937.12
412 5498 582.70
439 9005 85.38
437 3980 826.07
463 3716 734.70
413 595 550.77
440 5851 896.99
438 1639 348.98
464 8471 852.69
414 1055 349.07
441 102 178.79
439 3407 567.75
465 4867 304.63
415 1470 107.97
442 5272 445.92
440 8082 498.74
466 2458 462.13
416 4724 251.84
443 4812 362.80
441 1770 485.28
467 1006 212.30
417 6775 681.24
444 6779 909.67
442 5053 347.73
468 8101 224.76
418 6690 470.17
445 6981 311.53
443 5254 691.14
469 7611 884.25
419 6025 144.58
446 270 501.90
444 396 393.29
470 7342 568.86
420 6066 432.08
447 6729 365.91
445 6022 667.47
471 9285 363.69
421 7205 105.78
448 9811 859.57
446 8578 782.78
472 4476 221.05
422 9247 570.32
449 4190 105.41
447 4837 27.75
473 5271 291.40
423 1912 289.69
450 7717 158.80
448 9203 991.47
474 5088 375.30
424 9 964.12
449 7468 919.11
475 9457 2.12
425 5727 361.91
452 525 407.74
476 1344 247.53
426 6279 156.98
453 7710 598.54
451 1639 812.25
477 5734 361.91
427 1545 993.44
454 4060 235.52
452 7796 286.87
478 6224 362.72
428 4647 721.03
455 324 761.00
453 596 566.30
479 5558 180.76
429 2997 456.64
456 5565 815.96
454 4192 886.78
480 5299 217.44
430 7965 250.22
457 6503 50.80
455 348 815.08
481 1173 579.01
431 223 280.80
458 7534 872.45
456 1508 5.63
482 3722 357.49
432 6764 887.90
459 1146 351.08
457 8940 137.59
483 7908 479.60
433 9624 778.90
460 5549 897.17
458 124 763.96
484 5889 262.41
434 7017 161.50
461 2027 114.03
459 250 347.60
485 7731 571.55
435 3943 738.49
462 1375 631.81
460 9787 823.19
486 2230 975.32
436 3023 777.73
463 860 995.93
461 5223 153.46
487 4822 108.58
437 7547 359.06
464 188 618.31
462 6005 827.37
488 2389 682.57
438 9389 773.11
465 6780 391.15
463 259 204.55
489 8924 701.87
439 9602 377.33
466 4563 383.51
464 2736 792.62
490 6846 418.51
440 7599 319.64
467 6162 643.32
465 5004 860.41
491 4129 624.12
441 747 113.40
468 5216 16.99
466 3665 208.30
492 8402 64.77
442 6212 104.37
469 8426 234.26
467 4583 340.90
493 1052 49.49
443 6012 425.65
470 9968 158.23
468 5812 821.23
494 5370 977.26
444 6962 773.50
471 4870 771.52
469 1471 172.55
495 9201 705.11
445 5836 536.52
472 7002 420.03
470 2128 393.33
496 7897 523.50
446 5556 376.23
473 3049 317.80
471 8326 338.09
497 5090 587.73
447 3050 562.01
474 2165 364.48
472 6039 149.03
498 1301 46.03
448 4602 344.94
475 1768 869.55
473 9086 421.70
499 7798 179.82
449 5809 745.39
474 8009 658.49
500 8890 817.33
450 4787 283.73
477 8336 832.84
501 6238 952.36
451 7978 291.45
478 7131 159.55
476 57 946.54
502 1887 573.11
452 5036 283.52
479 5787 608.23
477 6658 217.57
503 5566 294.38
453 6792 371.05
480 615 720.30
478 2086 191.35
504 6523 819.82
454 2979 678.65
481 7946 651.89
479 8291 935.33
505 5419 452.09
455 4378 224.42
482 4509 814.81
480 4429 152.93
506 9951 248.57
456 6671 912.57
483 6241 114.35
481 8580 175.11
507 485 173.77
457 6940 73.79
484 9353 381.48
482 5542 555.76
508 2682 563.65
458 9269 218.39
485 6856 543.25
483 9219 426.93
509 9696 877.67
459 788 330.44
486 5407 216.92
484 9139 384.87
510 8075 121.40
460 908 439.69
487 5583 72.97
485 1259 808.89
511 8055 937.29
461 4328 240.97
488 6459 397.70
486 2337 870.92
512 7625 47.46
462 7742 782.45
489 9293 317.09
487 511 787.44
513 596 457.59
463 5579 447.23
490 4203 814.00
488 3032 165.71
514 8787 553.22
464 7787 590.02
491 2586 14.76
489 2113 967.34
515 2917 103.29
465 4894 792.88
492 5852 288.78
490 1485 40.05
516 8349 739.70
466 2399 234.65
493 9071 560.45
491 3888 227.28
517 3240 741.24
467 9877 135.58
494 180 937.59
492 9269 143.09
518 8592 183.42
468 577 495.17
495 701 24.42
493 4594 46.97
519 4515 560.61
469 6997 112.07
496 843 436.71
494 6921 460.45
520 5751 822.28
470 2948 148.62
497 5201 472.20
495 1416 506.54
521 292 474.24
471 5571 219.74
498 4277 774.83
496 5526 288.96
522 2390 509.97
472 1534 465.13
499 9005 661.77
497 2850 69.17
523 5713 28.11
473 8518 761.37
500 3012 392.47
498 4067 177.02
524 4196 361.24
474 6400 960.95
499 1671 268.14
525 2627 80.47
475 7171 288.15
502 2265 857.05
526 5965 347.44
476 1757 842.44
503 9208 815.58
501 3260 928.01
527 214 430.64
477 7664 181.65
504 9156 622.36
502 53 362.44
528 2755 764.51
478 7554 885.77
505 7519 590.44
503 794 514.83
529 4038 656.87
479 3370 403.57
506 3288 581.80
504 3536 213.94
530 4754 35.96
480 7608 779.76
507 4385 261.74
505 8428 372.27
531 2466 560.76
481 9936 884.65
508 3986 15.82
506 4899 519.70
532 2943 993.55
482 6590 200.66
509 6109 557.48
507 3718 435.35
533 8326 597.52
483 5011 123.57
510 5533 106.79
508 8070 738.17
534 535 918.04
484 376 553.70
511 7065 873.87
509 3007 569.56
535 9217 735.17
485 1958 472.52
512 4828 976.36
510 5683 110.89
536 2545 904.81
486 4517 211.95
513 2916 465.97
511 2998 48.06
537 7099 739.68
487 3839 653.11
514 5563 832.71
512 871 851.03
538 8918 380.50
488 5601 614.43
515 2082 321.81
513 2548 687.92
539 7630 131.74
489 2277 585.01
516 513 602.73
514 4941 340.42
540 747 997.39
490 2375 792.76
517 4924 688.50
515 3222 232.63
541 9522 989.19
491 1298 461.85
518 4881 191.98
516 92 265.34
542 3811 857.88
492 1030 741.30
519 7515 209.11
517 3436 879.99
543 7266 475.34
493 7972 821.11
520 9028 483.58
518 8351 748.97
544 2290 984.51
494 6084 327.96
521 7070 442.87
519 7343 968.74
545 6476 937.33
495 2241 544.47
522 4890 188.55
520 9450 981.09
546 168 607.40
496 5890 669.34
523 8738 55.73
521 689 535.69
547 9704 11.57
497 722 873.22
524 806 352.79
522 8511 115.79
548 6944 167.86
498 6576 413.63
525 5474 211.67
523 8176 236.58
549 3054 687.69
499 7826 531.58
524 459 17.76
550 1277 263.45
500 2892 915.26
527 7008 205.46
551 679 419.27
501 2249 951.46
528 8221 751.59
526 2202 898.97
552 6001 804.48
502 6681 736.54
529 2621 245.57
527 989 801.22
553 726 466.76
503 9022 521.03
530 3442 732.88
528 4278 775.01
554 1202 759.81
504 2580 941.02
531 8994 807.60
529 5220 170.44
555 5626 810.71
505 964 218.98
532 8884 637.56
530 9040 953.22
556 4767 98.38
506 4067 359.11
533 1062 282.61
531 2664 628.09
557 6215 235.94
507 5109 31.55
534 5920 632.40
532 5453 362.94
558 3973 527.10
508 8675 986.72
535 4808 164.61
533 5215 114.05
559 2071 922.69
509 4900 92.86
536 269 393.41
534 7053 741.87
560 9835 441.07
510 5860 649.40
537 6470 847.86
535 3720 664.85
561 82 973.08
511 8048 738.76
538 6160 905.67
536 7427 445.93
562 955 747.91
512 5806 353.94
539 443 657.22
537 5621 596.82
563 4988 938.92
513 4190 561.35
540 2782 274.31
538 6300 784.64
564 5478 701.91
514 4333 141.49
541 2500 941.86
539 64 41.68
565 6716 82.00
515 5356 641.18
542 2411 38.06
540 8912 27.14
566 8439 383.29
516 9111 596.50
543 2047 210.64
541 5943 370.28
567 4148 274.19
517 3229 791.81
544 3437 192.36
542 6467 497.18
568 8835 647.11
518 8457 955.20
545 6825 472.16
543 7447 225.15
569 3983 803.53
519 4921 83.07
546 3674 372.87
544 1900 764.92
570 9751 376.80
520 7382 833.24
547 9995 92.22
545 5619 95.36
571 4069 371.96
521 9910 312.64
548 1252 198.50
546 7469 458.04
572 7220 546.16
522 1261 635.45
549 7251 193.82
547 4510 233.96
573 4146 776.50
523 3101 215.42
550 3159 790.21
548 3518 148.86
574 9081 212.21
524 4363 68.86
549 6441 716.27
575 3234 907.90
525 6977 332.37
552 4494 331.12
576 6053 194.46
526 2523 362.87
553 216 978.44
551 7214 414.02
577 6684 922.01
527 9104 670.79
554 5783 65.91
552 2116 274.18
578 9956 507.12
528 1233 138.98
555 3674 943.73
553 4550 793.36
579 3185 830.13
529 5120 661.14
556 585 271.32
554 9294 989.48
580 4891 271.33
530 7335 226.82
557 7690 509.21
555 61 528.07
581 6847 338.03
531 9724 432.53
558 859 617.59
556 6137 591.17
582 8879 939.76
532 3072 784.50
559 8456 282.12
557 7853 626.67
583 5379 889.70
533 3566 12.34
560 6549 242.53
558 7285 654.52
584 747 951.14
534 8426 605.48
561 4633 667.08
559 786 561.21
585 7223 712.07
535 2848 706.78
562 7488 512.68
560 9846 620.09
586 871 606.76
536 337 391.74
563 9724 276.43
561 7318 256.23
587 3260 847.36
537 2433 450.45
564 165 377.96
562 1234 652.65
588 919 83.71
538 4912 50.66
565 3952 44.64
563 4821 773.03
589 9915 407.40
539 3966 858.77
566 2999 809.70
564 7852 288.88
590 9390 109.25
540 2388 790.05
567 5325 821.19
565 1759 441.95
591 9901 856.91
541 2326 394.86
568 6246 557.07
566 4478 936.65
592 9009 531.55
542 38 764.12
569 3425 730.33
567 3752 506.93
593 5146 416.23
543 2280 949.70
570 1882 681.80
568 2199 440.36
594 8759 457.57
544 5654 264.18
571 2663 892.70
569 7889 961.19
595 472 117.37
545 3203 281.91
572 1789 872.29
570 7497 269.46
596 8651 322.01
546 628 52.00
573 6084 271.38
571 3726 209.67
597 5985 600.20
547 6098 175.43
574 2694 297.65
572 2139 494.78
598 9432 429.79
548 6121 311.26
575 9842 244.66
573 8212 945.86
599 9026 42.46
549 3927 238.69
574 3329 349.00
600 6074 218.96
550 4465 529.13
577 650 950.85
601 4496 112.23
551 6496 768.90
578 8433 809.38
576 4210 167.17
602 3465 683.57
552 2003 903.07
579 5826 298.98
577 9613 818.89
603 4277 833.36
553 9719 15.11
580 4505 785.58
578 7945 291.63
604 6472 440.83
554 2837 107.97
581 9892 697.51
579 6117 404.06
605 3279 956.17
555 4063 615.41
582 5537 623.58
580 6209 327.77
606 6664 583.96
556 9436 302.15
583 8122 474.06
581 9077 634.63
607 1392 824.12
557 6029 946.70
584 7924 989.20
582 7188 71.45
608 9957 166.14
558 4820 321.65
585 2482 284.39
583 8281 918.27
609 1920 203.10
559 6338 110.09
586 9058 388.65
584 2042 164.81
610 1561 907.87
560 3447 647.83
587 9986 51.33
585 6512 227.70
611 29 923.64
561 3733 938.10
588 463 997.67
586 9278 720.76
612 5494 769.63
562 5383 855.42
589 3047 640.53
587 4262 171.89
613 8182 975.31
563 8441 993.45
590 2053 78.20
588 1966 83.14
614 3632 852.66
564 3380 13.46
591 9876 292.08
589 8273 430.13
615 6316 487.94
565 6851 417.69
592 3444 811.38
590 531 575.49
616 22 857.82
566 7105 61.57
593 1444 742.12
591 6995 676.21
617 853 917.44
567 7271 906.33
594 1717 33.22
592 1508 896.31
618 4425 683.49
568 1710 778.89
595 28 133.77
593 3863 775.09
619 8379 744.76
569 5818 902.24
596 780 743.56
594 9937 312.34
620 2896 657.99
570 5979 327.80
597 6074 395.90
595 348 194.78
621 5687 49.28
571 5387 272.39
598 3764 611.35
596 3631 161.47
622 7165 37.35
572 8270 106.75
599 7574 819.79
597 2661 271.75
623 9057 962.24
573 3374 837.86
600 8943 392.68
598 1189 833.02
624 2278 156.20
574 5425 190.99
599 767 663.82
625 3384 124.31
575 9128 719.80
602 8283 574.43
576 5345 158.83
603 63 431.84
601 6310 761.31
577 4029 68.23
604 7130 32.35
602 2284 282.28
578 6448 862.48
605 3167 656.35
603 1996 188.21
579 4204 490.68
606 8439 750.43
604 4902 697.64
580 2910 768.45
607 5653 189.00
605 5621 843.93
581 1725 958.89
608 4770 209.39
606 3367 655.24
582 474 359.59
609 9489 726.93
607 8058 115.84
583 9129 232.99
610 4574 687.95
608 1252 944.56
584 2541 896.58
611 6560 797.01
609 9033 223.51
585 677 712.60
612 5653 513.18
610 3356 999.39
586 8635 744.72
613 5258 792.81
611 3779 276.06
587 3618 785.18
614 9269 102.07
612 4758 742.50
588 6046 61.14
615 6573 991.36
613 9168 171.72
589 8544 277.53
616 3044 725.95
614 2591 1.42
590 6545 672.24
617 5459 97.68
615 4011 850.51
591 8138 333.50
618 7634 798.38
616 4792 77.64
592 1480 712.84
619 1354 788.16
617 3338 567.09
593 3875 286.71
620 6165 283.23
618 3855 130.20
594 1165 49.19
621 1164 965.00
619 8061 550.72
595 8811 134.24
622 1937 294.52
620 4473 427.00
596 892 833.74
623 1612 884.81
621 9985 960.12
597 1465 592.63
624 216 82.30
622 6716 349.15
598 1373 611.18
625 9676 203.45
623 5804 259.43
599 5522 983.78
624 588 385.59
600 1821 378.10
1
625
1 1 9.67 0.00 49.31 
124 362 7.41 7579.57 7708.67 122 1.34 9053.65 9124.94 605 3.39 9932.02 10046.06 126 8.06 2977.88 3093.70 293 2.54 8579.05 8666.81 115 2.17 5942.77 6031.17 121 6.52 8899.96 8992.89 622 7.47 12754.84 12830.23 358 5.06 6420.04 6516.54 525 4.37 12166.12 12268.79 118 8.61 8073.96 8148.31 285 9.82 6128.48 6226.50 452 2.14 6792.78 6866.19 117 8.14 7420.18 7550.60 451 7.01 7604.29 7679.18 591 2.65 10660.61 10765.22 584 9.15 10276.85 10406.42 581 5.99 9135.50 9254.20 247 2.11 9885.40 9970.60 102 5.67 1636.43 1756.56 329 6.90 5940.20 6025.58 335 1.29 6183.22 6261.10 502 6.98 7526.26 7598.06 621 6.24 12495.21 12563.03 74 8.96 9751.07 9833.81 408 4.12 6788.73 6882.62 79 2.15 1716.30 1800.96 349 3.87 11390.05 11478.15 113 5.27 5101.22 5203.99 350 6.58 11491.48 11616.95 375 9.16 11441.80 11571.59 612 5.51 11330.73 11453.71 338 1.09 7202.50 7283.34 171 7.20 8872.11 8946.58 65 2.49 6126.49 6259.00 399 5.18 12038.66 12105.95 608 3.36 10100.72 10227.69 274 6.57 10355.12 10437.85 69 6.47 8300.22 8417.53 236 6.56 6279.19 6371.78 610 5.03 11135.37 11231.04 106 6.82 3076.98 3146.41 343 4.83 9258.43 9385.45 538 1.02 9393.08 9505.82 377 4.17 6101.65 6194.83 61 5.64 4113.33 4243.86 281 1.63 4612.94 4719.50 44 4.98 7988.68 8113.11 137 2.49 4951.22 5029.06 156 6.79 3910.02 3992.92 402 2.57 6392.26 6516.83 235 4.06 6028.42 6161.09 385 7.16 7310.61 7427.34 151 8.38 2967.50 3094.93 54 2.80 1380.39 1501.41 528 6.12 7922.24 8006.21 546 8.39 11746.86 11824.89 212 5.97 6453.54 6564.20 461 2.13 8128.82 8247.18 540 4.59 10163.20 10295.96 303 7.81 5740.85 5836.99 446 8.16 11420.94 11521.39 478 4.71 6844.67 6966.00 427 6.58 6830.87 6930.55 530 3.71 7885.16 8016.51 363 5.76 8150.61 8248.90 196 2.47 9115.81 9236.22 159 7.51 4901.20 4990.71 233 9.90 5420.32 5537.63 75 1.44 10353.29 10436.84 199 7.67 9692.64 9811.65 491 1.79 9866.04 9982.26 200 9.19 9766.55 9852.91 367 8.01 9373.00 9444.83 534 7.12 9154.02 9273.33 376 7.67 6710.74 6803.95 213 9.09 6670.31 6791.37 523 6.63 11615.24 11690.76 486 3.38 8420.38 8544.72 12 9.65 3991.77 4067.79 245 9.38 9007.52 9127.71 87 7.54 5033.60 5152.51 139 2.00 5844.76 5920.79 473 7.82 11583.33 11674.01 561 3.34 10166.08 10294.61 394 3.17 10014.47 10134.88 177 8.99 3219.97 3292.38 432 2.11 7247.22 7363.48 462 8.42 8768.36 8871.27 416 2.73 9486.03 9572.36 574 4.36 12147.76 12278.96 258 7.16 5358.99 5469.34 21 7.35 9163.07 9245.02 568 2.04 11347.64 11443.56 161 8.77 4965.52 5081.70 431 8.30 7028.00 7137.47 312 2.85 6644.67 6712.85 479 8.75 6911.35 7006.44 224 7.78 9649.11 9730.77 558 2.94 9045.79 9170.96 571 8.90 12105.03 12210.64 536 3.27 9453.84 9577.38 573 9.41 12387.58 12465.16 20 3.08 8624.55 8716.47 563 6.61 10317.95 10416.04 216 7.73 7108.60 7191.77 49 2.11 10051.13 10171.46 550 9.29 12435.25 12526.56 307 2.58 4816.44 4923.58 11 9.34 3798.29 3879.84 327 5.53 6484.41 6554.94 475 5.06 11546.93 11660.27 141 1.60 7105.15 7201.87 308 5.80 5247.17 5376.66 554 5.17 8446.91 8546.88 387 4.50 7712.90 7796.90 63 8.49 4752.85 4850.24 225 2.14 10136.55 10255.10 559 3.00 9337.22 9443.77 322 3.54 10563.44 10655.28 263 7.71 7649.31 7727.19 439 6.12 8742.50 8868.03 105 9.32 2522.33 2589.53 524 1.88 11958.39 12053.18 
124 482 1.74 7758.57 7841.10 485 7.64 8214.73 8324.77 495 4.03 10793.33 10879.21 498 7.64 11631.84 11721.56 496 8.69 11211.03 11334.93 230 4.12 4172.76 4270.84 504 6.97 7740.24 7828.55 511 4.14 8607.40 8701.44 223 5.65 9552.69 9640.89 221 5.48 9463.94 9556.40 192 8.39 7022.10 7106.48 197 3.91 9134.86 9233.54 474 3.00 11784.26 11855.69 419 3.84 10581.05 10714.19 163 3.08 5870.15 5938.74 506 3.71 8181.85 8256.39 172 8.73 9461.44 9569.54 174 9.75 10139.07 10230.51 442 10.00 9752.70 9872.48 222 1.72 9283.10 9394.42 389 7.77 7818.70 7918.93 153 2.32 2759.84 2848.05 152 1.04 2500.34 2612.37 405 5.99 6451.20 6528.76 401 1.31 6764.79 6862.75 187 4.73 6117.86 6215.04 521 2.52 11367.58 11453.12 284 2.92 5293.65 5423.29 40 6.20 5776.85 5903.76 514 4.20 9769.45 9884.36 444 7.40 10903.77 11012.08 277 7.31 4789.15 4918.22 313 9.45 7102.71 7235.90 179 4.30 3832.77 3932.42 513 2.07 9037.10 9107.56 425 5.58 11927.56 12003.21 592 5.90 11488.49 11565.40 38 6.18 4794.96 4895.61 178 8.43 2835.56 2960.29 512 9.46 8556.71 8656.01 33 9.18 4229.81 4345.17 527 6.94 7939.87 8055.15 305 2.87 4823.49 4902.37 542 6.98 11176.57 11243.54 51 2.86 2853.93 2931.42 130 9.10 3226.48 3311.36 520 4.47 10923.77 11011.19 378 5.45 5953.28 6078.80 396 1.60 10627.97 10694.96 62 7.67 4379.22 4446.50 613 5.48 11025.55 11145.03 351 8.70 6599.09 6725.34 588 8.06 10394.54 10513.63 619 9.01 12534.56 12648.33 382 3.40 6499.72 6618.40 283 8.76 4897.81 5020.43 617 9.07 11620.74 11721.39 301 7.12 5903.43 5980.26 143 4.99 8010.07 8136.99 321 2.29 9902.47 9973.79 422 4.22 11633.41 11707.32 88 6.09 4761.05 4880.07 72 4.95 9495.75 9609.24 257 3.59 4914.59 5017.45 90 3.61 6138.92 6270.58 597 9.88 12716.05 12797.59 583 6.84 9960.92 10041.09 598 9.20 12799.86 12915.72 409 5.61 7036.28 7169.24 457 3.42 7378.06 7506.62 624 2.00 12358.95 12468.35 124 1.95 9267.66 9377.48 291 7.35 7927.82 8050.16 31 8.08 3175.86 3255.97 365 8.96 8454.33 8586.31 383 5.12 6784.34 6897.77 587 5.55 10570.13 10681.83 420 7.52 10936.17 11026.60 104 9.39 2172.09 2249.06 251 4.28 5041.09 5169.97 585 5.09 10245.75 10313.16 578 6.71 8886.96 8998.68 244 9.53 8605.91 8734.57 142 1.18 7174.47 7276.01 203 7.14 3633.85 3732.22 537 4.35 9294.59 9397.50 59 1.22 3795.65 3877.16 393 2.57 9340.26 9442.31 294 9.54 9284.40 9370.75 57 7.00 3120.17 3192.22 391 8.04 9315.51 9388.05 316 6.01 8550.03 8647.32 287 1.83 7015.31 7117.20 603 3.38 9732.57 9819.80 436 3.50 7393.48 7497.13 278 3.74 4761.23 4868.30 599 3.00 12222.40 12292.50 265 6.03 8120.52 8201.00 28 2.99 2020.12 2092.52 8 5.55 4220.01 4305.05 336 3.90 6993.03 7060.41 2 1.76 2995.57 3112.65 503 1.83 7144.21 7264.66 248 6.34 9899.08 10029.26 582 3.14 9764.02 9880.25 29 7.82 2128.82 2239.44 516 5.94 10552.22 10681.85 182 3.90 4832.20 4919.47 577 9.63 9594.15 9669.64 340 7.58 8436.98 8549.42 261 5.81 6304.34 6431.70 426 4.17 7004.83 7116.58 259 1.92 5801.52 5932.88 575 4.15 12398.73 12520.59 241 1.34 7844.50 7965.32 548 5.47 11770.90 11847.03 52 1.17 2246.13 2357.99 289 6.07 7954.43 8026.83 23 6.27 10257.64 10356.41 404 4.39 6251.45 6338.56 70 6.14 8598.97 8696.71 544 3.85 10892.75 10992.22 16 7.64 6697.00 6795.61 569 5.63 11692.49 11799.55 
124 243 1.19 7988.54 8065.66 480 5.45 7416.79 7522.21 487 9.09 8525.10 8599.37 484 6.32 7675.53 7782.65 249 8.93 9794.67 9897.32 490 7.83 9875.75 9956.45 253 9.17 4273.81 4392.64 255 2.62 4234.09 4326.81 229 3.34 3935.64 4005.47 238 6.63 7083.83 7166.98 508 1.66 7936.52 8044.41 209 7.01 5736.72 5806.14 208 4.72 5409.01 5484.12 214 6.89 7480.01 7607.52 454 8.99 6747.60 6822.10 456 2.61 7339.34 7445.81 218 2.46 7713.57 7780.58 460 6.83 8274.35 8348.02 463 1.57 9369.16 9445.14 193 9.81 7645.96 7738.82 466 9.66 9774.92 9892.83 198 7.47 9206.47 9302.52 254 2.66 4555.28 4657.78 421 4.45 11097.63 11205.92 160 6.84 5042.24 5165.38 173 7.66 9360.49 9434.68 169 9.65 7908.28 8004.20 440 2.51 9140.65 9245.26 467 4.59 9981.40 10078.53 300 8.46 10874.47 10966.17 379 4.35 5932.25 5999.67 522 1.90 11560.45 11642.38 306 4.57 5130.82 5202.72 32 3.13 3659.65 3772.38 36 7.60 4750.01 4821.34 185 3.64 5687.46 5774.23 352 8.40 6202.06 6329.76 183 2.62 4930.09 5031.59 517 9.57 10771.04 10900.91 264 5.24 7989.96 8071.39 27 8.03 2747.49 2867.67 246 3.42 9698.66 9770.94 580 2.67 8982.12 9097.05 191 2.38 6958.29 7048.06 24 8.62 10416.70 10497.91 304 3.15 5560.22 5663.47 98 5.09 9498.25 9565.79 92 7.50 7163.28 7272.67 85 3.62 4829.97 4918.47 315 5.08 8230.47 8333.11 576 7.70 9259.19 9381.20 155 2.01 3267.67 3384.76 392 9.96 9359.26 9430.80 138 8.68 5972.83 6093.65 324 7.23 11425.39 11551.22 64 1.99 5557.67 5684.69 398 4.54 11230.61 11332.77 84 6.00 4235.90 4348.07 602 6.10 9968.54 10045.16 37 1.50 4723.89 4831.48 271 8.96 9502.96 9600.37 604 1.94 9627.15 9741.76 13 6.48 5621.31 5736.23 347 8.80 10694.88 10780.03 144 5.88 8600.50 8714.90 125 9.32 9999.36 10129.16 292 1.09 8425.69 8503.10 134 5.47 4376.34 4456.14 19 6.85 7914.06 8007.10 353 5.79 6365.03 6436.13 186 2.62 6329.51 6402.88 167 6.43 7280.00 7358.12 501 1.52 8457.67 8535.76 334 5.97 5794.24 5864.67 279 3.13 4731.90 4847.30 112 6.24 5613.11 5745.98 356 9.75 5516.44 5583.89 22 2.53 10095.87 10167.40 368 4.49 9295.25 9409.65 615 3.16 10852.09 10978.87 448 5.04 11279.97 11401.76 290 8.57 8068.20 8177.89 95 4.32 8714.80 8810.72 596 9.52 12436.71 12533.94 207 3.14 5222.66 5341.98 374 4.96 11455.96 11528.33 158 4.17 4427.47 4500.08 553 2.93 8398.75 8476.31 386 2.85 7827.97 7946.27 219 4.44 8220.53 8344.45 497 5.06 11711.42 11783.52 330 9.20 5020.57 5119.84 567 8.07 11454.97 11521.64 14 6.55 5649.51 5751.88 81 7.24 3270.52 3383.35 397 8.44 10626.64 10719.19 564 9.22 10547.99 10666.37 555 9.64 8717.09 8819.42 388 8.35 7772.39 7880.39 272 6.34 9915.96 9984.80 136 8.14 5317.59 5435.88 373 7.11 11247.20 11332.37 531 6.48 8708.27 8822.03 417 7.34 9577.96 9666.83 83 4.30 4007.71 4104.87 557 6.88 9135.73 9238.00 282 8.73 4780.85 4913.39 276 1.13 5537.32 5616.55 109 9.38 4235.49 4309.93 346 2.41 10376.18 10504.16 434 2.21 7228.16 7306.49 267 6.56 7999.10 8090.69 96 3.07 8778.94 8904.02 333 7.79 6205.21 6325.23 17 3.39 7227.63 7313.11 77 3.89 2789.94 2869.73 217 6.79 7728.24 7801.36 551 6.64 9071.07 9180.40 549 5.50 11951.50 12059.10 275 4.39 10726.03 10834.01 73 4.34 9713.10 9809.05 477 2.77 7081.58 7177.65 310 2.13 5826.65 5945.11 547 2.61 11577.12 11648.85 
124 483 3.36 7871.40 7964.26 242 2.56 7808.09 7912.68 250 2.23 10293.93 10380.92 494 8.99 10754.75 10883.36 492 9.31 10032.52 10161.22 493 7.13 10041.99 10155.14 226 8.13 5796.03 5888.49 227 1.40 4845.01 4961.38 231 2.20 4262.68 4346.92 232 6.20 4952.69 5023.82 458 9.66 7851.17 7938.95 459 9.61 7423.61 7514.15 465 7.74 9439.81 9559.61 470 2.33 10395.24 10487.91 472 9.38 11556.05 11632.37 205 1.40 4514.44 4593.31 418 8.34 9684.24 9780.35 430 4.25 6547.49 6627.36 438 5.38 8685.20 8772.24 499 9.23 11959.82 12052.05 165 1.91 6965.87 7054.91 500 3.62 12336.12 12460.69 166 8.79 7483.03 7583.03 162 9.94 5605.61 5732.66 150 1.16 10210.30 10326.89 146 3.03 9146.23 9252.30 488 8.31 8917.92 9006.35 154 6.57 3785.83 3904.33 135 7.66 5052.95 5166.30 407 1.56 6629.44 6762.15 390 9.01 8775.07 8895.05 56 8.75 3390.64 3466.88 609 9.02 10499.02 10607.20 543 2.87 10705.01 10809.64 58 7.24 4682.05 4785.74 53 1.51 3011.45 3095.05 606 8.68 9743.79 9832.47 195 8.52 9068.35 9182.43 529 1.79 8083.22 8177.99 535 1.77 9068.30 9193.92 447 3.00 11334.06 11412.26 614 4.05 10858.09 10980.11 140 1.47 6858.45 6979.86 45 9.42 9355.66 9482.10 519 2.10 10436.97 10545.23 361 9.57 7300.79 7396.83 345 8.09 10099.66 10192.66 68 7.05 7932.52 8008.65 579 4.27 9207.11 9285.70 41 9.16 6817.61 6942.27 111 9.50 5335.51 5421.70 515 7.60 9974.48 10068.54 348 8.61 11093.92 11200.87 103 1.77 3457.88 3533.29 101 4.36 3418.02 3485.36 266 6.26 7865.52 7992.14 99 8.71 10101.74 10194.80 97 4.57 8852.97 8984.83 411 1.34 7728.87 7848.24 616 5.06 11528.83 11630.47 449 8.83 11416.65 11484.99 403 4.63 6161.85 6253.41 570 5.40 11753.78 11843.50 30 4.61 3734.57 3865.41 400 5.10 11483.86 11552.63 91 9.07 7673.40 7779.80 128 9.21 3895.42 4012.96 607 8.37 9938.91 10015.35 273 8.71 10334.74 10412.55 589 2.57 10801.74 10918.01 344 6.50 9651.33 9731.63 10 2.54 5250.63 5346.10 380 9.74 5794.14 5889.73 601 4.25 9398.34 9472.07 100 2.63 10461.67 10585.82 116 5.97 7532.42 7636.33 450 1.89 11545.17 11674.07 342 2.55 9267.47 9380.88 509 8.24 8495.13 8604.08 114 6.56 6587.19 6662.63 541 4.99 11143.45 11213.07 110 5.20 4900.15 5010.83 595 5.72 11864.64 11967.39 341 8.25 8804.07 8892.38 620 1.56 12519.55 12628.47 119 9.15 8941.72 9048.91 339 7.13 7785.35 7867.43 260 1.62 6048.38 6119.43 297 2.47 10489.71 10568.72 410 2.79 7440.25 7552.38 15 8.20 5832.18 5929.10 331 6.85 5240.62 5351.29 164 1.71 6830.86 6932.85 320 8.70 9340.30 9450.39 4 8.38 3912.49 4016.62 6 6.93 4429.04 4532.48 507 1.74 7935.01 8019.50 35 2.62 5158.61 5230.12 369 2.57 10009.48 10109.80 202 4.68 5438.25 5542.68 123 7.40 9227.27 9344.25 518 8.48 10216.51 10347.47 423 9.56 11245.72 11369.78 256 4.18 4561.64 4644.24 71 3.03 9404.26 9481.93 211 6.16 6311.53 6413.35 545 7.90 11377.58 11466.11 176 2.29 4506.12 4612.45 510 9.02 8343.54 8448.34 9 9.69 5338.52 5409.24 562 4.11 10064.02 10134.95 228 3.31 4371.68 4478.87 296 1.76 9939.58 10053.07 309 3.90 5328.31 5450.88 476 9.36 7852.97 7944.21 50 5.48 10272.84 10379.09 39 2.79 5908.86 6038.58 314 2.51 7256.89 7376.76 481 5.35 7915.08 8033.32 82 7.02 3303.14 3417.38 55 7.04 3607.87 3695.04 556 3.30 8799.54 8932.75 3 8.61 3495.08 3585.74 319 8.93 9096.34 9185.00 
124 240 7.44 8354.66 8429.86 489 8.00 9228.36 9334.04 505 8.87 7887.04 7969.87 237 6.76 6648.35 6750.45 210 8.61 6302.25 6413.30 220 6.20 9378.24 9493.95 194 3.51 8718.19 8821.33 464 1.21 9605.54 9736.80 469 4.73 10232.31 10343.14 468 2.54 9986.94 10119.98 471 9.84 11156.20 11274.65 206 9.74 4467.14 4548.42 181 2.51 5380.86 5492.49 180 7.11 4640.34 4764.20 189 8.50 7295.49 7405.59 184 3.35 6325.09 6418.10 424 9.86 11780.91 11901.90 445 7.63 10930.94 11029.92 175 3.19 10691.48 10784.98 443 9.47 10012.45 10107.22 168 1.41 8315.60 8386.39 149 4.61 9785.83 9900.34 148 9.17 9442.23 9527.98 147 6.59 9185.23 9277.92 384 2.22 7292.50 7369.49 145 2.02 9686.50 9809.52 157 9.35 4927.68 5022.03 239 4.63 7564.63 7688.60 406 4.50 6601.02 6729.76 170 8.25 9430.99 9517.53 337 7.34 7194.83 7322.81 611 8.23 11559.03 11637.59 295 3.61 9771.02 9873.98 532 7.06 8911.47 8999.09 60 4.67 5082.70 5195.24 66 4.06 7299.01 7431.12 455 4.94 7197.39 7320.47 288 8.85 7293.26 7375.16 318 6.75 8961.44 9082.97 298 6.35 10825.34 10896.93 131 8.34 4326.99 4448.20 311 6.53 6270.35 6384.60 201 5.32 5504.05 5584.39 34 8.59 5425.50 5517.38 552 9.96 8656.55 8781.71 618 7.64 12421.68 12533.69 623 1.42 12623.89 12740.88 326 1.39 6930.08 7025.40 325 9.18 11766.41 11885.34 332 9.28 5712.03 5838.00 370 8.50 10276.84 10377.76 133 2.26 4858.27 4926.26 108 8.87 4434.02 4510.38 46 6.52 9683.98 9797.36 89 9.03 6652.98 6775.30 590 3.25 10391.27 10472.18 204 3.52 5338.00 5452.86 371 4.30 10388.50 10520.92 593 1.60 11770.36 11876.71 441 3.53 9328.19 9428.32 107 4.40 3970.32 4042.03 129 9.69 4392.43 4476.59 26 4.62 4415.11 4516.68 360 8.54 6492.25 6609.53 415 4.24 8948.60 9018.73 269 7.33 8470.08 8592.89 78 7.13 3559.91 3634.77 412 8.21 7893.03 7994.55 366 8.11 9035.53 9131.43 533 1.74 8547.70 8636.97 355 6.42 5567.71 5676.64 188 5.47 7157.96 7268.50 120 8.79 9185.90 9291.84 190 4.53 7484.34 7558.82 357 5.45 5635.20 5731.43 94 1.86 8963.69 9069.47 428 3.00 6481.99 6578.32 252 9.99 5243.48 5320.41 586 7.68 10638.31 10711.03 354 9.68 6276.21 6358.89 76 6.21 4008.96 4134.59 67 6.96 7266.66 7394.04 234 5.93 6040.96 6166.79 539 6.58 9899.65 10032.66 372 2.80 11188.39 11258.47 594 3.94 11807.71 11905.80 93 5.99 8211.23 8278.36 435 4.81 7395.32 7494.40 268 7.66 8372.48 8474.10 270 8.80 9121.39 9208.25 437 6.68 8300.59 8428.83 42 4.46 7254.62 7331.47 566 6.27 10720.55 10850.20 364 6.34 8000.37 8131.43 127 5.42 4000.70 4086.77 48 4.05 10469.46 10581.55 215 4.60 7777.30 7865.91 572 1.54 12120.46 12211.40 414 8.09 8574.75 8647.88 80 7.36 4196.57 4311.05 317 9.88 9377.86 9456.84 5 8.11 4084.44 4196.22 413 9.65 8489.10 8566.58 18 8.96 7976.15 8063.80 328 8.94 6289.60 6412.57 565 5.56 10285.36 10359.59 433 7.59 7722.38 7846.36 600 4.93 12619.46 12699.41 381 3.62 6183.45 6310.94 47 7.56 10128.11 10259.32 299 2.02 11155.65 11286.68 132 3.85 4309.41 4379.16 323 8.56 10883.66 11007.61 86 8.42 5652.06 5772.84 560 7.97 9517.01 9630.88 7 5.56 5216.93 5334.61 286 6.71 6398.37 6509.12 453 3.59 6509.66 6603.49 262 9.28 6770.90 6903.59 429 8.69 6483.08 6615.69 280 5.55 4465.27 4588.81 25 4.90 10777.62 10862.65 359 1.33 6532.40 6620.55 526 2.17 8789.69 8913.45 
1 625 3.46 12593.18 12669.28 
