500 0 0 1 7
8
7
6
3
6
4
6
2
4
8
8
2
4
8
2
9
5
7
6
7
7
2
3
6
5
2
6
5
3
6
7
2
6
3
3
9
2
9
7
6
4
4
6
2
4
5
4
7
4
4
6
7
6
7
6
4
3
5
7
3
2
6
3
5
7
5
4
5
7
7
5
2
7
2
3
6
7
2
5
9
4
5
3
4
6
7
7
3
6
7
2
2
2
4
9
4
4
2
8
2
9
5
3
6
5
6
5
5
2
4
2
4
2
2
5
5
5
2
4
5
4
7
2
5
4
2
6
2
5
8
5
9
3
9
5
2
9
4
6
9
8
3
8
6
5
7
9
6
7
3
5
2
5
6
6
3
8
8
3
9
6
4
4
6
4
6
6
4
4
2
7
5
3
7
3
2
7
4
5
2
9
2
8
8
5
5
2
3
4
2
4
2
5
2
9
7
3
2
4
8
4
7
3
5
4
6
7
5
5
7
7
3
6
6
5
5
8
2
6
2
6
6
4
3
8
5
8
4
4
6
9
9
6
6
2
4
4
5
4
9
2
5
2
4
7
3
7
2
8
5
5
5
5
8
2
5
2
2
3
4
4
4
4
8
8
6
6
5
5
6
5
2
7
5
9
7
2
5
2
5
2
3
5
2
3
7
8
6
7
4
5
9
2
2
9
8
6
9
3
6
5
6
4
2
4
7
7
3
4
4
9
4
8
2
9
6
4
2
4
3
8
7
5
7
3
7
4
5
5
4
3
4
8
5
4
4
6
7
7
3
7
2
7
6
6
6
2
5
4
3
6
6
7
3
7
4
5
5
2
4
7
6
3
5
2
3
7
4
5
7
6
2
5
3
4
4
8
8
4
2
4
7
3
4
9
3
5
6
4
7
4
4
9
5
8
7
3
4
2
5
7
6
4
5
2
7
8
4
4
5
5
4
7
6
6
3
4
4
9
2
7
2
8
3
5
5
4
9
5
3
5
2
6
6
3
3
6
6
4
8
6
3
7
6
5
5
5
6
4
3
3
4
8
3
3
7
9
4
5
4
6
6
3
7
7
3
4
5
5
2
8
6
3
7
7
4
6
6
3
3
2
2
9
5
7
4
5
5
4
2
8
8
5
7
5
3
7
2
4
0
123 1805 40.53
290 9566 597.90
148 2138 542.74
9 8933 58.10
140 867 631.90
444 1488 424.15
326 7338 842.42
111 3343 906.40
496 3812 423.73
81 2403 655.87
164 1328 930.50
484 6101 345.04
144 6048 255.36
294 1160 445.23
341 1858 790.40
462 8707 695.72
174 3357 558.12
408 8237 288.14
95 8000 146.67
266 5054 579.68
134 2184 564.99
222 929 147.27
287 3744 151.02
168 8997 20.91
169 7045 554.85
95 1873 687.64
153 2226 388.76
224 4940 928.86
105 4394 180.61
280 6033 190.72
276 9515 476.69
474 7399 257.83
70 5421 980.43
40 9980 985.49
317 8409 160.38
286 1742 670.40
480 4474 768.00
103 1834 838.34
185 3264 173.38
92 3267 130.90
205 1940 317.41
393 6984 882.98
420 5889 400.40
255 5849 418.46
170 8100 516.42
106 9067 495.55
177 2586 116.32
327 9700 758.12
315 1554 144.75
167 89 214.86
41 1344 196.01
94 8381 596.32
122 4273 843.12
367 5491 864.03
295 4035 529.98
135 5696 540.74
434 1130 533.53
483 7132 116.90
44 6692 950.32
421 8699 797.76
34 3223 279.07
268 7097 553.55
294 904 302.15
174 460 3.74
379 7995 70.79
462 515 199.00
342 900 48.25
65 8844 414.12
194 3816 892.44
124 2324 408.91
452 7207 773.26
178 2802 693.48
139 5998 76.04
337 2525 6.63
101 8890 275.28
69 2674 673.87
329 1151 903.50
176 1925 331.09
407 3150 227.40
417 1509 803.58
426 4002 601.35
46 1356 748.27
239 882 665.60
189 5157 155.37
420 9079 605.38
75 2300 486.16
108 942 49.98
227 9097 685.00
4 4749 712.70
422 544 737.90
123 6649 564.70
53 7507 335.73
437 9626 997.02
139 9313 839.92
91 9266 851.37
130 2937 662.46
403 4308 785.64
197 2857 805.18
278 4656 405.65
387 4141 801.60
52 57 626.36
164 2752 97.53
411 6443 831.40
303 9724 570.51
171 7074 600.14
459 768 454.23
296 3278 741.20
391 2448 375.08
86 2392 102.53
345 1323 590.64
303 7514 969.89
251 273 104.00
218 5942 276.73
467 6601 645.77
78 4422 445.15
366 3661 575.36
4 2473 687.19
254 756 717.76
278 4703 960.39
53 2844 775.49
84 2506 507.34
237 8919 952.16
473 5056 104.18
50 5162 827.30
464 8079 487.68
187 1828 275.32
442 7547 624.27
327 5881 341.89
367 1462 786.24
362 9568 71.16
405 2076 500.36
335 1236 57.53
39 32 404.90
21 426 669.01
468 7783 596.73
278 7738 487.75
344 6839 306.76
150 4217 687.33
306 6685 37.30
432 9964 560.91
336 2430 860.60
77 2531 105.98
172 6574 378.98
456 8858 420.18
423 4673 966.67
443 6529 451.19
116 3050 394.21
343 9398 454.64
3 338 624.21
72 2002 830.79
382 5789 255.72
7 8671 4.75
298 3970 453.04
214 9379 596.44
59 3217 980.23
358 5746 126.43
143 5005 331.79
243 9354 108.12
392 139 491.99
471 8491 329.65
168 5373 185.01
213 5223 648.94
158 2575 331.71
355 3390 702.09
74 4670 198.90
291 3950 983.37
41 4371 95.28
129 7160 334.59
126 7955 949.97
100 7416 126.82
48 3794 488.70
193 3177 751.81
214 4698 574.07
19 5354 444.82
328 8635 10.24
186 8473 650.62
343 1981 731.66
303 4074 992.92
128 8064 589.06
474 3741 943.20
330 3035 542.58
294 4896 331.79
172 9238 910.99
53 9490 280.84
205 2650 647.59
14 7264 740.43
364 857 181.55
310 3721 680.58
154 8636 814.00
188 626 148.53
298 4780 619.95
112 8574 222.70
466 6701 78.05
373 9283 696.69
159 7874 686.73
28 3251 503.04
366 8470 776.26
275 8309 552.82
230 8790 461.85
271 1640 822.85
144 2257 206.36
143 9025 444.57
44 5637 575.66
36 6328 609.22
234 8671 454.36
282 2664 908.13
401 3606 405.28
372 6282 738.37
45 1285 938.67
354 2657 269.85
295 9079 228.63
141 8420 261.00
487 4200 842.64
263 1230 811.07
87 8796 908.54
366 7754 955.69
315 8487 685.84
268 257 357.16
118 530 665.53
272 862 924.23
280 7083 10.53
175 2343 35.25
40 3430 924.92
231 2013 703.76
158 5171 596.37
221 497 466.51
290 5046 557.41
247 8445 897.81
244 7727 997.07
423 2073 453.59
28 161 782.35
351 9707 926.83
43 2859 791.42
331 7179 918.07
273 4419 660.43
223 8095 554.25
493 1328 143.03
38 2839 749.77
491 4034 789.60
481 3919 476.86
30 1994 321.41
256 5443 477.47
306 4069 282.50
269 129 902.23
325 844 602.06
327 4395 340.83
127 8877 400.41
111 2712 785.30
450 335 912.40
428 8666 456.94
246 8715 504.24
246 7051 867.55
163 512 391.94
166 9226 294.55
137 8481 203.63
209 7799 480.13
466 9881 469.96
81 1522 506.97
132 5426 42.79
353 6643 996.67
485 838 637.36
485 9164 697.27
315 8059 602.62
222 8577 664.67
44 9914 468.10
204 6349 318.85
74 4263 666.25
430 8914 112.92
27 9187 826.40
282 8883 122.65
244 176 703.94
378 3057 591.44
313 404 53.02
440 6671 317.08
298 5847 123.23
225 1669 317.91
445 6496 364.21
460 9037 297.06
344 4680 608.84
77 9129 996.03
217 3012 898.69
70 8590 747.93
233 1111 449.79
51 9032 901.95
418 2647 513.74
12 3128 209.80
264 8211 885.65
163 811 850.92
105 623 26.08
425 6418 738.24
407 793 500.19
112 6084 94.58
332 9603 900.85
62 8922 844.83
286 9209 638.89
288 384 956.45
218 3656 244.31
155 196 432.66
32 4620 695.62
79 2568 673.31
166 2679 582.23
237 9384 372.59
424 9447 290.60
442 2302 50.86
88 9954 626.67
77 5062 572.99
224 9886 320.57
326 8146 828.26
328 6138 768.12
219 8110 609.08
261 2837 957.50
346 750 979.41
64 6019 237.36
423 9344 185.31
80 5194 818.27
464 3636 546.72
209 9011 549.35
340 9781 680.52
333 8297 340.53
461 2083 744.23
67 9728 834.83
102 9629 970.05
284 3909 494.48
166 8466 947.90
243 4010 966.70
162 4129 985.93
244 507 415.51
338 5927 181.96
410 8981 715.33
403 5562 777.56
301 6329 448.63
135 5050 510.22
130 1566 771.42
58 7166 501.13
422 769 610.27
287 2783 604.01
274 5920 771.79
290 5849 427.64
284 7813 788.06
347 8365 489.17
495 2295 1.58
293 4772 77.73
358 478 652.02
107 5550 167.66
163 327 78.72
188 9983 388.27
451 9858 242.83
82 3920 800.88
260 6651 74.35
488 4611 257.97
86 6938 259.05
320 8624 732.65
267 5536 616.19
201 9158 495.94
65 4874 964.95
345 5333 854.28
341 6468 613.17
89 6570 718.10
130 8159 543.63
175 9036 402.36
47 7587 994.55
156 3074 153.81
253 7588 510.20
15 7266 568.76
21 9192 413.39
273 8238 835.10
430 7751 132.71
37 6715 716.93
266 7042 885.15
99 9853 615.72
475 2781 598.76
43 8169 494.73
468 8342 598.95
217 1008 281.98
31 6568 431.55
458 7146 285.02
36 3717 825.01
44 1942 979.77
269 5952 347.50
136 4261 42.87
64 45 505.60
132 1831 397.61
155 4829 681.46
460 5444 29.39
326 2445 710.84
260 8701 845.91
345 3101 468.05
419 6994 140.47
366 6640 371.83
140 8063 78.01
63 5872 466.02
169 602 979.04
241 7198 338.11
477 714 220.30
442 5210 89.71
15 3935 551.75
86 8327 420.07
182 7993 956.20
124 8568 673.41
174 1079 145.50
382 2526 143.53
253 8629 244.16
259 6034 423.12
27 1646 981.81
44 8625 811.87
426 172 125.09
207 9728 364.97
23 4310 755.84
202 7293 7.51
392 8088 557.21
160 5635 423.65
28 685 447.07
19 5786 931.92
122 4720 233.31
272 7334 992.19
204 5273 724.45
500 6782 866.06
54 3350 629.76
457 4682 131.07
9 2615 171.08
349 6262 26.88
143 7304 475.55
387 5423 828.39
273 7717 425.60
195 9966 339.14
476 7502 259.01
424 3821 670.04
355 9606 382.57
325 3743 710.51
334 6344 681.16
85 3647 625.74
158 2726 135.10
126 8628 137.35
214 5983 99.71
276 6231 533.83
52 8548 300.39
336 5911 632.98
417 4874 238.65
500 1279 234.41
183 1287 797.75
134 1649 793.64
494 2089 783.69
496 65 253.63
466 2783 664.49
408 4209 979.46
84 7043 458.30
74 4022 142.87
75 191 180.60
453 2240 95.67
22 594 190.27
258 7878 39.29
450 5900 854.01
95 1796 582.27
324 7617 680.38
143 6221 192.65
274 3826 821.19
181 8527 191.95
136 9434 389.27
188 1850 739.74
176 3959 448.41
314 2130 421.96
4 1979 846.55
82 8785 142.55
6 5842 195.01
49 9358 918.21
174 6530 410.59
216 7545 372.79
172 8432 649.78
24 3221 398.28
322 874 741.60
436 656 255.23
466 7044 394.56
291 7649 739.83
273 8997 80.33
459 3335 512.45
255 9362 914.28
283 9016 829.41
61 6703 26.86
370 21 399.46
152 8033 646.65
93 2914 604.81
229 5416 820.63
32 2798 48.19
381 2656 226.99
158 7125 453.82
13 5274 195.64
153 6617 783.69
429 7701 413.72
139 4221 573.99
26 4073 893.55
469 2164 839.14
235 2773 709.06
159 1343 789.63
83 3380 140.09
357 9602 298.87
250 1648 358.82
9 3726 687.92
480 5479 320.68
226 3881 970.22
440 2509 325.89
181 6577 563.44
311 5475 233.83
95 2492 470.42
91 6659 112.69
450 6871 53.91
313 536 221.90
354 4301 87.38
197 276 852.88
432 3905 644.22
481 6895 834.52
397 5080 230.35
239 7280 248.90
382 659 444.61
323 7148 437.95
352 7301 317.93
496 6490 750.13
43 7125 432.63
338 216 790.75
313 2952 885.45
131 3004 368.38
281 5121 838.11
455 709 377.47
401 3392 91.23
424 8460 682.27
198 5223 70.13
324 4393 276.15
456 6910 12.73
126 221 730.44
400 7427 848.29
245 323 207.51
276 34 92.64
288 4145 295.25
463 4715 582.99
17 1421 830.96
284 2496 181.91
345 2285 420.16
480 8626 578.10
32 5402 318.54
213 6866 926.56
290 3896 428.87
283 2507 788.83
269 9352 148.63
294 7371 359.27
263 7299 63.64
197 5591 29.28
390 2038 545.72
4 1822 415.88
85 4305 947.77
413 5070 499.82
471 8445 352.08
34 7333 860.14
478 8556 121.95
276 3773 357.98
205 3696 122.53
51 3772 976.50
355 2679 151.84
386 7454 794.24
124 3756 91.94
488 9581 854.16
299 869 182.13
330 5645 269.33
176 6812 789.29
17 2162 650.94
276 8899 663.05
404 868 267.61
205 1860 4.58
265 776 247.59
16 5908 480.53
100 6083 705.50
382 6765 118.34
90 8963 462.52
17 8566 459.93
224 7023 93.98
2 7485 932.71
399 7056 286.91
264 7743 456.19
185 4308 787.10
283 5190 890.52
389 3719 636.51
58 8940 516.85
147 6412 563.71
205 2191 985.91
361 4724 199.79
54 6462 543.67
391 4789 696.00
312 9633 698.99
307 4941 301.26
285 9823 800.50
210 6572 857.51
25 8563 842.94
291 66 547.22
333 3880 41.14
384 613 517.07
178 9581 788.72
463 3765 92.82
456 538 562.77
32 2159 695.94
391 323 100.10
21 9467 961.06
301 8960 638.42
127 6537 627.03
45 2239 963.35
360 6913 857.12
457 2494 164.66
208 9791 902.09
303 2556 548.19
429 2220 681.47
144 6466 227.84
192 2228 943.47
10 9034 994.09
77 762 531.25
372 2801 290.67
275 6789 856.19
158 4563 581.66
190 9366 324.20
441 2149 32.99
382 9343 466.98
81 7996 671.02
437 9049 522.64
29 9454 434.53
379 1240 509.72
157 1765 662.82
488 6006 759.13
369 228 382.14
193 1217 59.32
228 3370 419.64
419 5037 429.50
358 7319 905.04
237 2989 229.41
281 8798 618.85
460 8502 207.68
371 8560 814.15
114 2096 546.23
479 4485 700.74
253 826 915.58
178 9684 384.82
236 5649 448.36
386 2252 851.93
238 9688 40.31
464 6846 651.20
276 4468 704.17
482 5619 536.28
266 5751 604.55
25 3404 831.40
430 9398 266.67
154 1183 764.96
479 1267 944.89
115 6205 310.04
252 4743 490.09
56 1648 619.61
155 217 788.39
19 3478 925.43
363 5469 739.26
116 2617 244.86
322 446 502.39
276 9842 507.88
455 6398 170.32
100 1908 413.05
440 7914 752.07
401 4803 914.80
36 7078 667.82
166 5468 126.64
340 6641 982.64
277 3933 870.17
213 8402 752.32
126 5746 724.84
376 8738 973.82
252 3401 696.36
150 8356 984.67
321 6735 403.53
469 5231 785.11
351 4472 461.80
73 6553 908.51
5 3923 550.15
271 1513 935.75
303 5197 820.84
444 5483 734.40
37 226 932.75
44 7651 683.93
13 7152 105.99
4 5137 260.61
276 1191 16.94
12 4834 977.72
287 1545 857.70
380 6216 443.60
481 82 405.42
442 3544 758.24
189 569 356.43
343 5960 830.22
374 6539 489.76
273 7401 770.25
181 9313 281.29
290 6578 187.74
4 1341 710.48
228 7167 64.50
289 4901 797.77
486 5229 750.20
133 5214 429.51
37 3812 587.24
117 8421 463.08
456 1158 394.35
384 4758 30.04
131 4717 61.02
383 2245 597.22
187 8102 798.05
98 4573 857.55
485 1349 529.38
494 419 554.03
420 4625 418.11
399 7972 820.43
99 6577 979.37
56 2483 646.19
112 1028 291.40
120 249 323.55
219 6375 976.53
272 8861 319.49
242 8638 558.25
350 6480 737.52
11 6377 807.39
101 6162 799.56
318 6541 73.69
254 1384 583.60
235 8422 161.59
149 7600 661.04
371 1400 619.71
423 2773 259.89
223 8432 923.09
52 278 576.15
284 458 482.54
83 1151 193.27
465 3745 54.68
69 8432 112.19
329 9590 943.89
283 5625 649.30
362 5719 107.56
80 7145 396.89
410 5573 349.46
143 1529 635.54
358 2436 529.92
467 3471 726.42
348 717 6.59
23 7093 452.88
297 8766 951.57
125 9635 477.34
283 2302 69.11
388 8125 587.67
391 3866 154.55
301 4122 492.08
105 4761 500.43
265 1435 607.48
356 7680 490.47
434 7213 143.09
311 9559 57.59
6 859 793.85
164 9903 519.38
235 5044 806.83
47 502 2.35
51 8212 488.28
94 4359 621.15
252 2981 993.66
267 3540 816.74
345 6705 932.54
207 18 226.45
276 575 242.43
182 3616 336.94
304 1216 266.02
216 1688 291.02
90 8442 782.15
12 931 42.42
461 5157 118.52
103 9268 568.14
344 4407 8.10
442 7220 754.06
76 4219 221.46
325 1874 779.76
367 8066 840.16
410 8588 920.35
60 4785 531.55
285 9083 780.07
296 3532 215.18
296 3207 69.59
232 360 999.76
421 1320 164.25
40 2283 53.07
410 8288 923.91
284 5253 353.50
322 1187 949.01
163 4279 127.87
228 1193 438.31
80 2310 418.54
380 6727 860.85
347 1358 423.06
377 8427 665.92
414 6609 981.05
276 6691 384.65
237 9359 290.58
50 3841 358.31
105 2914 774.16
350 8397 522.15
438 4737 103.41
222 368 431.50
252 7188 451.43
333 8234 221.97
140 9409 68.28
157 7616 371.48
249 2337 928.45
469 9544 621.23
388 5273 643.11
377 55 972.93
345 313 469.04
128 9624 154.79
262 9805 320.12
244 6446 378.11
257 1908 483.76
426 1823 623.02
157 6065 718.96
32 111 735.87
382 59 94.78
102 6722 600.04
405 1164 66.20
431 978 752.73
55 3577 188.69
98 9119 441.22
366 1616 51.23
373 9385 93.21
345 8113 503.55
229 6025 667.86
447 1579 322.63
375 4909 280.03
466 8549 870.47
436 9071 558.77
189 9602 885.98
333 3723 396.14
498 3733 863.18
197 9055 787.75
357 5857 395.99
253 338 236.74
455 117 882.85
179 6147 342.41
464 6830 868.25
278 7115 429.92
353 8525 178.02
188 4140 258.04
479 6094 171.41
154 9549 590.84
98 3235 394.42
219 2274 94.75
153 6736 169.99
395 7353 460.97
248 4700 405.16
137 3202 505.89
194 4110 728.31
280 9192 153.27
402 7460 528.06
172 8489 539.71
340 6067 180.21
334 9805 590.90
214 2438 348.90
309 4187 1.65
180 439 586.57
19 9561 200.61
158 5093 939.07
264 2515 377.35
94 382 678.27
411 8955 244.06
35 4677 477.92
486 451 606.73
85 5842 739.35
214 8905 252.28
44 275 451.38
310 3946 635.98
269 1115 751.74
248 8278 78.63
472 9267 264.97
442 6664 57.62
320 884 327.70
443 3742 683.45
339 8024 87.30
195 2707 482.71
413 3660 200.78
97 1022 500.76
2 1468 680.61
105 4189 883.86
320 8933 897.39
386 115 972.13
194 8990 183.00
78 4479 385.79
391 5782 610.13
101 3291 4.38
462 4247 212.87
219 4466 76.21
228 4243 974.84
58 1754 230.73
363 88 724.27
96 338 514.17
359 367 249.51
146 6040 360.41
388 7278 146.31
476 870 38.48
332 1530 27.63
133 5897 432.79
281 154 629.78
265 7248 154.54
353 6338 525.80
379 135 494.42
445 1090 748.60
137 4739 846.00
213 767 320.43
68 5236 765.64
258 3515 41.21
9 634 972.24
483 8522 993.54
385 2858 305.55
236 4548 76.35
203 8558 786.90
464 3317 565.91
462 7493 783.73
336 9489 380.09
66 5790 8.96
181 941 826.64
144 1230 826.39
92 1856 212.06
273 4524 186.89
498 5607 92.35
19 7201 849.92
170 6707 197.70
328 1606 811.02
456 8838 725.02
276 355 902.04
338 8257 248.04
398 3042 477.81
90 7604 313.59
188 4999 870.45
76 7208 335.66
287 4941 477.97
8 941 374.12
383 3943 408.10
317 5103 167.40
300 3938 49.14
454 1216 153.38
428 2311 34.57
97 8273 701.71
417 1583 315.90
278 7214 584.86
464 6523 376.52
325 9072 340.21
70 9300 401.86
431 455 949.58
78 1732 485.00
437 8786 216.40
363 2387 553.28
297 8923 495.33
180 1266 494.77
35 2046 449.02
476 4316 674.89
447 1927 457.95
452 8010 509.33
78 4954 642.87
449 4119 648.81
221 1635 689.73
38 8218 272.95
393 8497 79.59
71 1499 468.72
193 6935 984.18
45 6600 482.58
95 6712 785.31
308 2801 746.54
77 4893 20.78
322 5585 722.99
369 9266 445.46
309 3180 319.87
125 6143 774.98
462 1573 75.12
231 9243 341.25
39 7506 366.73
33 5815 840.25
266 5472 72.60
123 948 902.17
162 1543 453.82
159 8071 622.84
105 5090 558.91
59 2581 152.15
301 1398 447.36
434 173 599.80
137 275 56.25
461 8101 157.07
422 8431 213.05
249 5290 773.87
237 4131 377.14
20 3706 228.84
315 9164 789.74
248 7102 889.23
77 962 102.91
466 689 829.23
189 9684 459.78
381 5537 632.77
460 9929 906.23
236 2026 736.89
326 7330 864.50
361 6673 657.21
358 5372 239.26
351 3711 938.21
335 1490 919.62
244 3310 854.68
342 6269 771.45
267 4154 573.71
402 6897 704.51
391 6899 510.80
390 8986 749.24
194 7778 783.14
438 6749 73.54
212 3204 640.40
378 6263 855.54
21 7582 285.56
451 3630 972.45
161 981 400.94
261 4358 75.12
330 2258 648.56
84 7479 373.46
99 5289 263.96
362 7526 419.50
299 2485 359.45
42 5870 108.19
372 762 476.95
78 2335 219.15
9 9553 360.26
292 6008 633.34
301 2292 440.89
215 2772 813.62
343 9132 874.21
58 7279 391.78
413 7032 643.79
252 1374 657.68
154 3380 162.42
96 8382 398.72
294 8574 267.13
338 4752 442.28
210 5660 183.13
217 2040 805.24
422 7369 628.09
408 9588 958.46
173 1680 385.53
395 848 548.76
134 3676 673.76
256 1181 478.78
74 6708 916.45
489 2145 570.07
452 797 624.57
350 6569 517.32
314 5538 646.05
152 3252 137.34
228 3044 962.06
171 2722 725.26
495 3688 426.76
127 7123 728.62
280 911 969.57
315 3253 890.24
147 7457 722.21
106 2405 814.98
127 9445 615.69
317 6110 6.81
48 4150 384.89
86 3066 979.82
305 2095 837.61
198 2985 434.12
118 5429 868.38
52 7052 912.54
83 6845 830.51
48 8315 620.67
28 9489 434.03
182 2600 508.39
344 4145 856.19
366 8695 174.19
337 8836 906.59
271 8417 493.84
143 260 900.44
499 6008 117.08
25 8100 925.01
474 7604 29.60
157 1793 311.17
351 9178 399.35
487 8200 407.12
153 134 354.43
241 6519 976.86
126 5057 885.10
496 9473 412.08
394 2335 921.95
65 9362 730.17
452 7646 265.31
346 1677 275.87
258 8712 544.27
143 1994 782.36
61 4947 804.71
287 2151 203.24
433 7332 98.96
121 4254 975.38
240 8375 731.45
191 3623 212.84
454 887 380.99
405 5965 22.10
326 3680 668.01
369 8020 473.72
207 6838 613.07
326 9662 528.89
410 3672 127.34
77 8734 839.91
429 6982 212.08
124 826 34.97
72 1366 855.63
457 2394 704.90
179 1503 478.75
419 565 42.79
104 1615 786.64
337 917 687.75
33 1637 609.69
122 5164 357.25
291 2965 833.11
434 9685 274.55
356 6839 948.01
403 7473 149.73
155 5142 762.20
190 7950 176.96
300 90 379.77
463 8990 354.87
421 3440 804.45
92 8010 5.78
182 5931 704.98
316 6809 583.19
274 9120 761.72
146 4420 455.71
315 4305 900.96
182 4742 304.00
481 1833 532.90
39 3072 559.45
392 5544 626.59
362 5206 739.22
358 8612 464.02
96 9509 149.37
186 9519 203.40
290 3483 279.72
316 6346 713.96
137 7244 159.96
419 1837 84.50
297 8726 8.49
8 7050 3.73
217 2389 939.87
339 9239 571.71
290 211 905.90
151 7645 741.25
15 2588 600.99
235 7758 913.14
425 1138 75.48
162 9357 714.91
494 4510 172.67
214 4858 731.15
276 9348 273.17
252 8341 902.97
329 6010 223.40
390 4435 579.26
326 8882 714.63
64 9004 492.86
481 7150 7.24
190 8296 221.56
130 558 966.67
373 4309 437.17
124 1238 74.47
230 301 499.98
238 2390 747.88
69 5747 206.24
498 4967 633.01
15 9550 475.29
161 894 661.42
152 4034 142.54
127 6155 458.05
376 4569 829.23
163 389 479.35
36 9073 891.50
43 3775 412.09
111 8928 68.36
263 8944 711.29
100 6206 946.60
31 6163 118.22
137 3326 498.90
414 9363 7.18
103 2474 442.48
77 4785 829.19
371 435 435.08
397 8683 483.69
375 4260 744.89
26 3620 735.58
15 1128 364.51
346 9116 68.06
500 3065 950.09
370 860 174.75
121 5824 488.91
95 9037 257.50
104 1514 566.84
139 4823 385.86
253 2005 140.31
116 834 494.68
248 1153 75.24
35 1952 153.32
406 3565 967.09
496 138 905.16
360 617 992.24
156 6345 914.02
309 7712 331.43
379 6192 161.87
389 6740 216.49
184 4760 160.26
393 5603 968.28
60 4866 541.93
65 6239 234.59
327 1962 177.78
347 6268 809.55
281 5241 27.68
170 1831 992.89
257 9763 203.33
24 371 121.02
247 649 445.34
238 3395 853.03
148 2158 67.18
358 9998 254.68
443 4338 332.57
54 1078 550.81
221 6147 754.71
379 2848 557.75
267 6076 937.87
321 2183 750.81
292 7913 514.29
154 6234 673.23
239 7468 776.48
85 9060 499.75
103 6177 569.74
67 5018 858.46
453 8165 730.12
298 3706 123.81
458 6595 331.02
359 1784 972.80
90 6836 175.22
271 6744 503.82
499 9180 112.27
220 7986 187.75
106 5152 674.11
275 1744 402.53
7 1057 344.20
260 8242 792.95
45 1895 578.18
121 3413 879.23
462 6205 765.59
225 5940 497.34
493 5493 402.07
47 8835 421.01
362 2034 439.00
181 3333 177.75
222 6464 832.78
447 1973 664.68
46 4522 518.11
338 5490 971.03
146 5129 149.94
364 4727 976.23
340 286 190.02
450 2248 686.70
334 3694 690.23
373 4500 223.13
340 2491 919.39
393 5561 380.50
203 6579 651.19
192 5115 772.82
204 374 239.81
229 450 256.82
389 2735 419.04
289 9864 902.38
158 7973 705.97
461 8706 306.51
29 8021 484.38
288 3027 880.73
339 9902 545.80
212 4184 463.89
467 6024 970.91
250 3053 399.41
207 3613 812.90
146 8746 740.51
428 8338 125.55
186 8566 803.27
492 7434 783.46
242 7894 315.51
149 3479 392.64
255 465 930.75
135 2678 330.68
134 851 422.75
23 273 80.60
43 5907 194.11
338 697 97.97
56 1520 398.52
12 7180 134.68
139 8294 574.64
158 452 798.35
229 844 956.84
208 5200 22.92
321 3526 750.12
371 8595 240.47
361 1949 859.66
131 8284 685.43
178 7401 610.69
441 2264 511.98
217 5511 27.12
313 3836 165.33
158 758 475.95
120 1295 67.27
448 6693 231.04
400 2275 843.99
283 8536 14.72
458 8994 607.33
477 3624 101.70
138 7806 218.73
393 7787 477.76
239 9233 761.28
111 8687 27.18
7 9945 652.55
212 9345 844.59
488 7249 98.96
225 2891 970.39
49 4051 776.27
371 3198 676.75
207 3013 17.81
497 7943 178.58
300 2818 107.80
176 6036 831.55
480 7436 248.11
321 5857 756.53
341 5941 614.00
92 3136 401.14
295 9945 839.26
33 2867 470.74
297 3737 2.54
418 4148 299.79
141 1609 492.88
337 192 151.19
189 5576 957.46
346 5884 120.12
358 5685 576.65
459 7200 53.76
2 3913 909.43
398 3133 295.05
4 7117 468.88
256 5565 268.13
220 7940 390.99
276 8267 746.22
12 9897 867.81
250 457 241.92
425 6181 398.84
175 1445 254.27
330 6353 260.48
388 4890 125.49
434 7038 340.92
247 7632 478.14
139 8534 954.82
213 4902 496.76
388 1042 95.39
35 4101 509.77
369 3456 257.94
12 3268 814.23
86 3008 875.12
303 4103 388.61
108 4739 133.99
126 8837 123.69
284 9930 832.80
50 6730 687.57
479 4028 965.19
8 610 801.14
492 7866 337.14
285 1535 886.24
259 5248 317.51
23 8302 705.30
452 6291 801.12
73 82 434.78
213 382 645.65
427 2967 569.17
286 612 938.70
324 1110 754.52
140 3620 136.96
465 3787 801.82
433 9763 762.99
264 7456 831.30
23 723 421.06
191 7817 709.35
365 8690 358.02
167 2440 641.62
428 5189 653.20
260 4725 826.55
33 3684 555.65
392 459 110.78
314 3596 930.91
252 9771 997.16
276 1098 303.28
56 6261 11.37
207 3132 346.33
435 3589 532.87
167 8029 757.39
263 8876 22.13
308 6502 456.23
135 8794 774.54
122 6635 991.02
83 300 850.37
208 2396 120.04
96 6055 604.61
455 7996 217.18
345 3025 390.79
386 136 984.26
262 5594 443.76
447 7879 247.12
362 7473 346.72
345 521 77.44
78 777 702.70
445 8276 825.01
469 4710 40.17
368 9147 522.58
452 8364 404.90
157 937 573.56
451 3339 22.86
374 3155 691.87
243 8991 127.41
16 6545 366.34
178 3385 15.13
8 8076 361.08
437 4438 841.41
443 4617 172.50
392 3579 224.28
51 3692 46.61
345 6645 951.61
343 4823 508.59
56 3996 8.99
128 3018 698.76
454 5077 456.90
164 1721 828.42
3 3564 479.77
39 6032 551.40
369 1811 18.83
296 6721 249.63
497 3471 910.51
174 8646 160.40
204 4371 279.75
126 9448 2.31
107 6879 482.83
320 4802 911.61
92 1561 52.26
149 1591 693.62
72 9482 648.64
187 7098 609.10
433 5275 754.04
301 1569 110.95
411 9908 767.41
453 5777 137.88
143 1678 187.94
246 1244 888.59
330 3162 630.20
180 897 51.12
126 4037 421.83
77 4154 339.24
89 8916 811.93
439 2814 126.64
57 2565 651.69
100 6287 12.35
497 3049 548.57
226 3385 948.06
23 2725 940.73
431 372 410.38
286 4354 730.59
480 6080 928.87
432 5232 221.38
482 418 281.12
222 5862 954.09
110 8553 900.13
245 4935 322.24
278 7568 696.54
265 3407 597.39
93 3625 592.94
352 9845 915.68
161 5163 559.51
167 2481 976.69
157 1891 402.60
91 257 510.62
396 2443 854.11
103 7142 432.59
137 7660 438.30
160 7591 735.65
40 7799 928.61
223 9401 64.78
320 1263 603.53
171 5260 973.89
197 6268 660.06
217 4617 47.50
187 1516 927.01
53 760 694.94
494 9394 729.44
11 7994 959.04
134 8376 24.08
209 6884 730.91
14 4545 185.50
143 8251 523.93
28 4595 970.67
362 5998 739.62
482 233 979.61
477 5252 38.17
476 8074 30.93
194 7183 179.05
215 4315 231.38
158 2634 243.52
83 9445 178.18
197 8780 834.80
338 1387 583.64
363 9188 774.65
156 8235 713.18
37 7369 694.67
209 10 292.72
339 1257 349.49
436 6793 650.12
193 5941 818.50
304 1138 256.58
415 4139 671.05
326 1882 41.38
490 7323 656.48
62 7740 800.67
241 4840 9.85
123 1918 950.95
211 2205 488.70
334 7988 115.46
348 8005 608.77
461 5976 208.55
365 4004 999.05
219 9279 927.37
282 6955 794.22
108 1818 696.57
268 6635 21.52
155 5288 256.63
35 2466 90.66
489 1770 202.74
49 1190 80.96
69 3460 159.09
363 5193 998.98
261 4019 902.83
450 3981 674.42
354 8327 190.32
483 303 725.81
133 9078 864.15
210 9286 712.35
348 609 834.53
18 8776 968.08
19 7250 523.92
327 276 91.02
234 9489 256.24
129 9900 317.89
443 8089 143.07
320 9541 919.40
176 8812 196.27
363 5488 536.05
474 298 458.63
42 563 162.02
455 3676 720.64
311 7946 93.80
423 6817 288.94
231 1965 40.15
177 6958 235.43
76 6832 647.07
416 20 734.70
194 5842 149.20
111 8474 130.55
105 727 778.56
432 5756 918.78
79 6227 262.96
468 5705 263.35
226 6043 937.81
57 1401 1.26
491 9954 388.35
398 2783 291.42
459 5575 161.98
15 6059 388.57
173 144 623.64
59 457 599.23
497 1729 828.68
317 9115 755.17
356 1901 153.90
170 7261 439.62
274 7759 12.04
70 7049 100.77
53 5014 915.87
158 8008 202.63
7 2273 564.94
470 5347 796.53
308 8653 850.11
260 6591 754.90
350 8531 205.26
306 4474 13.47
434 9876 372.35
367 2236 573.88
428 9707 764.63
97 2135 548.85
344 740 829.20
259 7016 123.76
479 5888 215.80
352 3208 895.54
410 7408 86.49
60 9870 293.57
126 2695 825.01
169 6421 538.42
461 1679 107.78
360 3169 790.23
403 616 797.45
106 3872 694.92
18 9055 922.53
423 9222 331.38
112 3596 323.15
72 4801 854.43
206 4864 569.04
308 7026 103.37
211 4973 586.80
416 4470 68.39
399 1266 444.93
127 7825 920.40
479 1912 808.04
460 7759 384.35
270 9085 672.37
52 4460 249.73
438 6042 956.91
134 9252 141.35
489 8202 958.76
301 1376 182.89
299 3881 653.23
353 6718 391.88
344 1437 524.09
196 4011 516.91
498 177 37.66
23 4313 202.56
42 3008 637.51
232 4975 979.01
148 5900 216.20
28 3632 547.74
446 902 839.09
450 4365 325.46
160 2362 216.35
190 5104 298.96
113 7497 636.27
64 954 599.89
287 9254 254.91
378 794 174.32
232 4884 687.44
305 6780 650.32
397 9253 19.23
4 5635 364.52
30 5321 26.42
205 8330 797.76
34 7279 601.98
421 1487 101.05
95 4204 667.71
126 6743 70.75
280 5269 504.63
200 718 56.43
99 484 667.26
348 7081 775.75
423 9100 222.61
206 4923 43.30
247 8333 303.13
368 4914 135.67
469 9841 797.89
38 3135 831.31
463 7054 990.16
354 1719 584.10
93 4894 687.70
107 5534 379.24
8 880 112.25
139 119 638.23
370 9046 173.36
362 464 952.64
86 7860 199.35
332 933 268.03
379 112 7.21
190 7431 884.58
73 6558 870.50
321 6339 360.89
420 7153 912.64
129 8775 200.66
370 4752 746.82
447 1525 338.45
356 291 864.65
453 5323 533.54
430 984 937.12
303 9342 582.70
393 5783 85.38
274 9651 826.07
231 973 734.70
103 4271 550.77
142 2881 896.99
262 2257 348.98
200 2439 852.69
373 6095 349.07
148 3167 178.79
186 1259 567.75
28 1331 304.63
401 9155 107.97
172 3086 445.92
198 8144 498.74
98 7100 462.13
236 7218 251.84
173 6551 362.80
119 3457 485.28
209 8243 212.30
247 6725 681.24
91 6902 909.67
233 2028 347.73
372 9526 224.76
45 2332 470.17
23 8134 311.53
17 3309 691.14
124 199 884.25
223 3041 144.58
371 7149 501.90
5 3504 393.29
160 4030 568.86
129 1614 432.08
212 6010 365.91
77 6349 667.47
52 1569 363.69
12 265 105.78
199 8647 859.57
30 4419 782.78
401 5551 221.05
340 4499 570.32
493 8200 105.41
124 9902 27.75
262 8606 291.40
137 7220 289.69
302 5717 158.80
79 5600 991.47
472 4095 375.30
395 4880 964.12
435 8779 919.11
165 1011 2.12
390 7479 361.91
245 2164 407.74
81 7200 247.53
431 3976 156.98
419 5802 598.54
372 2575 812.25
248 704 361.91
488 9063 993.44
357 4163 235.52
166 2363 286.87
217 4354 362.72
118 209 721.03
175 845 761.00
258 8020 566.30
292 4779 180.76
403 7996 456.64
254 4400 815.96
329 1569 886.78
330 9921 217.44
479 5793 250.22
461 7078 50.80
103 6471 815.08
270 2883 579.01
225 5098 280.80
309 8286 872.45
402 1491 5.63
280 3990 357.49
225 7237 887.90
148 3687 351.08
418 6443 137.59
220 2210 479.60
294 6556 778.90
136 6654 897.17
369 2576 763.96
334 7577 262.41
259 5228 161.50
179 2251 114.03
22 8583 347.60
213 595 571.55
322 4509 738.49
406 3810 631.81
284 9989 823.19
399 7214 975.32
411 712 777.73
2 3078 995.93
215 9987 153.46
108 6137 108.58
156 6638 359.06
101 9423 618.31
166 6170 827.37
91 9109 682.57
142 7528 773.11
184 8821 391.15
126 9258 204.55
293 4674 701.87
333 9930 377.33
105 4418 383.51
71 2206 792.62
26 24 418.51
110 6731 319.64
385 3900 643.32
146 6235 860.41
220 7627 624.12
245 3833 113.40
63 8452 16.99
401 5131 208.30
181 4945 64.77
256 502 104.37
77 4308 234.26
103 3415 340.90
317 3250 49.49
189 6045 425.65
410 7023 158.23
186 4110 821.23
352 7734 977.26
481 4220 773.50
361 1427 771.52
96 2243 172.55
306 5999 705.11
457 6565 536.52
114 5462 420.03
71 9709 393.33
58 8015 523.50
268 328 376.23
159 3496 317.80
392 3847 338.09
63 6028 587.73
402 1036 562.01
318 4138 364.48
379 606 149.03
345 2298 46.03
102 2549 344.94
268 928 869.55
412 5814 421.70
99 8813 179.82
470 8076 745.39
405 2609 658.49
196 7612 817.33
7 5939 283.73
317 5642 832.84
193 1180 952.36
220 7998 291.45
449 7322 159.55
250 9084 946.54
258 1922 573.11
452 8949 283.52
340 451 608.23
401 8536 217.57
292 8894 294.38
61 1643 371.05
276 5326 720.30
479 4340 191.35
376 4291 819.82
228 7024 678.65
454 132 651.89
84 7070 935.33
482 1845 452.09
475 741 224.42
278 5107 814.81
338 5483 152.93
148 1510 248.57
36 4363 912.57
472 5947 114.35
319 9135 175.11
494 7620 173.77
182 396 73.79
463 3112 381.48
108 541 555.76
106 1913 563.65
414 9 218.39
61 9929 543.25
483 224 426.93
77 7420 877.67
93 7337 330.44
100 5485 216.92
116 3104 384.87
24 3330 121.40
21 5797 439.69
69 3325 72.97
393 5860 808.89
500 7587 937.29
156 1686 240.97
290 7718 397.70
480 8106 870.92
302 154 47.46
383 6262 782.45
408 7115 317.09
185 2845 787.44
215 4342 457.59
479 1581 447.23
183 9394 814.00
155 9188 165.71
214 4281 553.22
393 9668 590.02
85 2461 14.76
146 341 967.34
347 3637 103.29
474 554 792.88
40 8569 288.78
247 5122 40.05
409 6067 739.70
29 2459 234.65
16 9824 560.45
276 8824 227.28
388 4560 741.24
374 4433 135.58
63 4088 937.59
366 9794 143.09
172 2832 183.42
468 2736 495.17
58 422 24.42
223 9022 46.97
74 273 560.61
319 3034 112.07
239 3006 436.71
207 6728 460.45
499 6998 822.28
189 7758 148.62
131 7166 472.20
212 710 506.54
465 1676 474.24
16 2621 219.74
6 4687 774.83
315 4813 288.96
263 7147 509.97
357 9414 465.13
219 3802 661.77
392 2358 69.17
245 4829 28.11
400 7864 761.37
436 2473 392.47
410 8706 177.02
4 8517 361.24
385 1327 960.95
472 2229 268.14
328 6231 80.47
475 8769 288.15
206 7713 857.05
285 8850 347.44
166 6104 842.44
414 2169 815.58
75 3549 928.01
31 9182 430.64
335 3108 181.65
151 1683 622.36
446 5988 362.44
341 7553 764.51
424 796 885.77
261 1871 590.44
143 7605 514.83
285 8044 656.87
240 4853 403.57
63 4935 581.80
407 245 213.94
183 158 35.96
477 7188 779.76
465 4176 261.74
84 1710 372.27
368 809 560.76
321 4109 884.65
283 3877 15.82
155 6736 519.70
264 4040 993.55
370 6845 200.66
246 9195 557.48
303 1351 435.35
136 713 597.52
80 2990 123.57
388 481 106.79
496 5973 738.17
54 3534 918.04
182 6559 553.70
198 367 873.87
331 576 569.56
3 6661 735.17
260 3775 472.52
336 2594 976.36
478 894 110.89
497 3114 904.81
90 5465 211.95
23 1708 465.97
88 2546 48.06
166 9830 739.68
191 2045 653.11
187 8833 832.71
464 8074 851.03
462 5559 380.50
144 5830 614.43
279 4025 321.81
184 6814 687.92
460 3057 131.74
113 3470 585.01
361 5065 602.73
313 8384 340.42
140 4781 997.39
467 3099 792.76
423 5640 688.50
341 5383 232.63
454 4437 989.19
61 8997 461.85
364 1893 191.98
33 9240 265.34
345 6042 857.88
384 3321 741.30
284 8603 209.11
487 1707 879.99
366 8413 475.34
258 2155 821.11
410 7105 483.58
121 4560 748.97
465 7596 984.51
135 9873 327.96
458 1987 442.87
150 852 968.74
130 3114 937.33
21 3271 544.47
253 1780 188.55
44 1549 981.09
145 1841 607.40
496 7688 669.34
318 9102 55.73
345 5349 535.69
13 37 11.57
84 1449 873.22
155 5599 352.79
292 1382 115.79
440 3897 167.86
71 2016 413.63
113 1994 211.67
80 5092 236.58
133 4203 687.69
242 3739 531.58
285 9890 17.76
330 2690 263.45
146 8353 915.26
72 5818 205.46
65 1672 419.27
91 1055 951.46
260 2347 751.59
157 7804 898.97
444 4316 804.48
100 225 736.54
414 3952 245.57
113 9772 801.22
475 4964 466.76
461 1001 521.03
14 5441 732.88
88 9287 775.01
133 2965 759.81
173 37 941.02
279 9715 807.60
3 7783 170.44
208 5261 810.71
274 9424 218.98
136 9310 637.56
319 1757 953.22
186 7341 98.38
322 533 359.11
135 221 282.61
254 7078 628.09
285 1476 235.94
473 626 31.55
287 2499 632.40
11 7797 362.94
485 2961 527.10
61 6993 986.72
445 7247 164.61
102 9822 114.05
408 1501 922.69
362 1140 92.86
131 5380 393.41
474 6905 741.87
213 7171 441.07
372 2571 649.40
77 1766 847.86
419 3607 664.85
352 9360 973.08
446 7159 738.76
241 1137 905.67
210 6859 445.93
481 4691 747.91
80 6482 353.94
317 7253 657.22
224 2463 596.82
428 2726 938.92
84 2583 561.35
493 4464 274.31
159 4335 784.64
385 6193 701.91
104 2312 141.49
450 2046 941.86
412 955 41.68
106 5853 82.00
7 2782 641.18
173 3551 38.06
498 9742 27.14
439 6832 383.29
437 3938 596.50
383 8074 210.64
443 1470 370.28
317 8141 274.19
39 1524 791.81
448 3894 192.36
289 3686 497.18
26 120 647.11
161 6013 955.20
62 9806 472.16
238 6608 225.15
250 4793 803.53
18 960 83.07
372 2196 372.87
323 3641 764.92
183 3283 376.80
321 6127 833.24
231 2748 92.22
204 6329 95.36
46 2040 371.96
293 7431 312.64
395 6362 198.50
478 9069 458.04
475 8233 546.16
191 3649 635.45
264 4940 193.82
169 225 233.96
285 5003 776.50
238 4495 215.42
163 4042 790.21
307 2683 148.86
242 244 212.21
71 7242 68.86
440 9164 716.27
148 171 907.90
20 7106 332.37
252 540 331.12
327 8446 194.46
258 862 362.87
470 8589 978.44
120 6458 414.02
184 4361 922.01
310 1986 670.79
309 8595 65.91
52 4529 274.18
481 9964 507.12
303 7926 138.98
154 3678 943.73
361 9688 793.36
225 5120 830.13
492 8116 661.14
278 8656 271.32
169 5757 989.48
350 277 271.33
255 1166 226.82
78 6685 509.21
189 4814 528.07
247 7871 338.03
55 5397 432.53
249 1626 617.59
344 4264 591.17
402 1368 939.76
298 3084 784.50
283 9391 282.12
217 1979 626.67
455 9371 889.70
88 8839 12.34
310 5838 242.53
155 1340 654.52
400 8473 951.14
139 8257 605.48
27 5236 667.08
423 3847 561.21
456 5042 712.07
160 4969 706.78
13 3051 512.68
398 266 620.09
217 3130 606.76
76 9589 391.74
235 4532 276.43
320 1798 256.23
19 6767 847.36
151 2607 450.45
360 14 377.96
178 6202 652.65
170 4407 83.71
305 1010 50.66
494 8180 44.64
425 1624 773.03
273 5726 407.40
367 3990 858.77
123 6850 809.70
29 2225 288.88
312 2791 109.25
171 9008 790.05
385 454 821.19
191 2973 441.95
258 6121 856.91
483 5533 394.86
121 8755 557.07
133 8589 936.65
60 844 531.55
484 466 764.12
469 5444 730.33
284 4822 506.93
171 130 416.23
471 3584 949.70
148 9452 681.80
64 7231 440.36
243 1388 457.57
467 5913 264.18
154 9341 892.70
277 4082 961.19
329 6811 117.37
83 6732 281.91
310 2973 872.29
331 1770 269.46
403 409 322.01
140 4112 52.00
302 2803 271.38
184 9257 209.67
45 9899 600.20
342 10 175.43
479 2042 297.65
205 8500 494.78
408 6090 429.79
39 5166 311.26
212 9947 244.66
272 4517 945.86
220 313 42.46
352 717 238.69
210 9101 349.00
87 4103 218.96
417 9645 529.13
71 3592 950.85
252 3519 112.23
51 6240 768.90
151 708 809.38
487 3014 167.17
224 7055 683.57
345 2510 903.07
218 5312 298.98
191 9158 818.89
326 3760 833.36
282 6035 15.11
189 2854 785.58
223 4281 291.63
198 5929 440.83
362 4824 107.97
461 3769 697.51
478 719 404.06
469 7834 956.17
331 8254 615.41
165 9808 623.58
53 3951 327.77
154 848 583.96
245 934 302.15
425 1614 474.06
358 9748 634.63
297 7396 824.12
203 4924 946.70
477 5844 989.20
15 6833 71.45
341 6714 166.14
272 9661 321.65
328 4553 284.39
500 9696 918.27
132 9302 203.10
454 6097 110.09
484 5184 388.65
292 4325 164.81
26 6191 907.87
477 3643 647.83
370 5588 51.33
381 7017 227.70
62 7631 923.64
2 2812 938.10
245 3608 997.67
279 8242 720.76
321 8119 769.63
489 9968 855.42
411 4947 640.53
259 2317 171.89
213 6636 975.31
488 6356 993.45
85 2207 78.20
469 2494 83.14
349 922 852.66
396 697 13.46
194 9194 292.08
485 6780 430.13
319 4047 487.94
322 3619 417.69
198 1695 811.38
437 9176 575.49
301 7387 857.82
214 3825 61.57
327 4740 742.12
464 8417 676.21
40 7226 917.44
398 2859 906.33
289 346 33.22
11 9112 896.31
23 7576 683.49
418 6322 778.89
200 4310 133.77
93 8311 775.09
201 7648 744.76
375 1828 902.24
266 2481 743.56
380 5161 312.34
281 6619 657.99
107 2870 327.80
58 6633 395.90
79 6108 194.78
197 7776 49.28
418 4751 272.39
448 351 611.35
23 7942 161.47
444 7782 37.35
416 5911 106.75
259 1283 819.79
196 1201 271.75
471 2838 962.24
386 521 837.86
292 7658 392.68
229 6507 833.02
449 5755 156.20
49 2371 190.99
21 3587 663.82
94 6922 124.31
90 8284 719.80
244 9316 574.43
282 9789 158.83
429 3263 431.84
68 6608 761.31
150 4647 68.23
291 8727 32.35
20 6151 282.28
180 1182 862.48
148 1841 656.35
125 2809 188.21
481 2936 490.68
70 3902 750.43
476 5815 697.64
470 2822 768.45
251 5320 189.00
280 9452 843.93
273 4846 958.89
389 7176 209.39
53 6630 655.24
448 6639 359.59
142 3492 726.93
127 1339 115.84
115 7930 232.99
190 7681 687.95
384 7794 944.56
57 8068 896.58
283 5245 797.01
418 1965 223.51
490 6513 712.60
29 1848 513.18
211 5912 999.39
247 3846 744.72
72 2002 792.81
259 5245 276.06
153 1258 785.18
381 9213 102.07
189 8879 742.50
136 3714 61.14
459 104 991.36
253 4715 171.72
171 4064 277.53
311 1449 725.95
5 6314 1.42
168 920 672.24
115 1768 97.68
189 8426 850.51
435 4892 333.50
32 8311 798.38
36 6535 77.64
398 7450 712.84
232 9821 788.16
126 2056 567.09
256 2491 286.71
94 2293 283.23
90 6590 130.20
438 661 49.19
384 2179 965.00
45 7812 550.72
421 6072 134.24
193 329 294.52
454 9334 427.00
184 1181 833.74
493 3931 884.81
70 1198 960.12
171 2531 592.63
284 1470 82.30
435 6238 349.15
249 6625 611.18
422 1024 203.45
364 7637 259.43
142 6999 983.78
369 4072 385.59
317 4126 378.10
255 4053 963.40
82 9728 712.79
474 3006 38.52
291 2048 266.31
11 210 785.18
198 8048 172.43
265 8027 130.34
210 2522 613.44
357 8661 719.59
497 9394 451.44
173 456 375.59
369 7905 845.56
469 9459 980.41
482 3910 127.22
31 7830 793.89
219 3354 667.67
27 1787 184.43
373 6141 906.06
287 7668 555.04
109 9642 123.81
381 6562 519.81
34 1465 655.84
335 124 33.57
292 5090 665.30
107 4277 582.54
305 8543 884.12
158 4288 347.38
26 5482 129.09
113 6371 319.33
421 9692 474.48
125 5470 620.52
253 1555 906.89
257 2187 501.97
236 2832 10.58
132 3848 689.66
175 9937 166.91
472 9156 464.90
385 4010 262.84
478 5893 619.15
83 7859 607.87
34 6722 618.48
150 223 448.19
447 4563 647.17
241 8663 426.67
387 648 2.84
135 8307 353.12
178 4585 516.13
283 6259 71.25
15 9483 443.10
468 9227 166.53
284 4797 643.61
313 4755 175.58
258 8491 340.22
18 1742 684.24
496 9953 820.36
457 5239 200.32
433 2098 569.32
134 7070 821.74
412 4627 552.33
127 8845 126.16
99 2710 399.41
198 9873 756.69
103 9359 795.75
214 1832 413.23
478 66 620.85
100 2650 301.28
120 302 529.00
269 2035 163.77
406 6288 723.32
110 2706 988.52
445 8170 49.76
44 7642 740.96
275 6582 88.85
86 8623 909.55
70 4248 778.94
350 1243 679.93
351 9668 741.24
37 2674 899.29
9 9407 626.14
473 7799 265.21
450 5532 961.70
324 469 930.89
70 2821 727.38
411 9651 111.51
373 1786 758.17
290 6323 260.45
400 2753 241.36
233 8268 887.69
387 6329 124.47
376 9634 824.41
252 9466 192.80
305 4881 373.55
470 8979 685.27
50 7073 705.66
446 2372 116.36
383 241 863.29
138 9905 811.28
23 8148 206.79
384 9211 861.49
348 1312 753.15
1
500
1 1 2.94 0.00 17.96 
198 331 8.90 1195.94 1255.59 82 3.27 609.16 655.77 419 9.41 897.64 958.17 249 3.08 1802.14 1839.90 269 6.61 872.34 934.51 385 7.73 466.07 504.08 218 2.11 1215.80 1275.89 31 9.29 981.54 1040.99 305 2.58 1314.58 1352.59 68 9.34 1143.94 1189.28 405 5.53 1257.87 1322.13 18 5.06 1000.28 1060.49 351 1.60 1198.47 1234.67 103 5.80 669.28 727.41 7 5.17 1332.36 1383.82 344 4.50 1060.45 1103.62 101 8.49 1297.64 1363.24 353 2.14 1467.55 1522.72 162 3.00 1453.65 1494.62 499 3.54 1236.64 1284.60 496 7.71 1298.02 1356.11 159 6.12 1433.78 1488.52 4 9.32 1417.55 1451.64 60 1.88 1428.10 1475.64 123 1.74 23.06 63.88 460 7.64 1006.45 1069.04 281 4.03 1120.66 1173.46 382 7.64 1419.65 1481.42 66 8.69 873.43 912.22 403 4.12 1255.33 1301.28 126 6.97 578.62 627.67 22 4.14 1744.62 1786.21 62 5.65 903.52 963.69 25 5.48 1685.89 1731.55 100 8.39 1099.62 1153.19 267 3.91 1430.67 1471.45 63 3.00 1511.10 1546.36 271 3.84 1532.86 1589.53 56 3.08 717.93 766.29 393 3.71 1208.09 1272.84 226 8.73 2071.63 2121.62 59 9.75 1352.26 1394.27 242 10.00 1366.86 1415.55 85 1.72 829.48 888.76 163 7.77 1218.70 1271.97 497 2.32 1248.55 1294.47 260 1.04 1541.83 1580.77 93 5.99 1563.23 1625.99 161 1.31 1399.85 1433.45 328 4.73 1282.45 1329.85 75 2.52 1170.34 1211.61 412 2.92 1190.25 1245.27 78 6.20 1274.75 1317.69 96 4.20 1152.24 1197.10 97 7.40 1197.18 1259.13 42 7.31 668.62 717.66 376 9.45 1594.51 1638.66 39 4.30 714.83 761.85 206 2.07 1018.22 1062.31 33 5.58 1497.92 1544.15 370 5.90 891.58 933.78 203 6.18 941.75 991.09 36 8.43 1002.54 1038.25 112 9.46 1089.11 1155.67 449 9.18 884.49 918.78 282 6.94 545.50 582.77 115 2.87 1013.41 1067.46 291 6.98 414.80 460.51 124 2.86 1079.84 1139.73 120 9.10 1126.71 1182.37 287 4.47 1325.02 1375.14 199 5.45 1919.56 1963.66 384 1.60 1354.84 1410.85 217 7.67 895.60 934.38 168 5.48 1171.79 1220.77 335 8.70 1259.27 1307.87 178 8.06 1304.67 1347.44 345 9.01 928.45 993.27 236 3.40 224.14 287.60 306 8.76 1244.16 1301.61 367 9.07 1634.37 1688.52 30 7.12 1321.07 1385.60 425 4.99 1145.70 1212.29 459 2.29 911.10 960.92 473 4.22 1085.13 1120.36 136 6.09 1032.31 1070.14 303 4.95 1428.36 1466.82 29 3.59 1169.65 1219.97 196 3.61 1199.17 1261.53 284 9.88 980.80 1030.46 117 6.84 1995.14 2052.82 173 9.20 812.61 870.25 158 5.61 905.50 944.94 84 3.42 499.10 532.58 421 2.00 927.94 966.68 363 1.95 1045.95 1088.39 26 7.35 1164.52 1208.23 105 8.08 736.81 799.57 377 8.96 1574.39 1607.89 371 5.12 1334.70 1368.34 37 5.55 1610.37 1670.12 411 7.52 1178.46 1241.58 74 9.39 908.54 968.09 177 4.28 1270.36 1327.25 493 5.09 1157.78 1217.12 98 6.71 1456.78 1518.08 388 9.53 895.74 946.07 221 1.18 1248.69 1287.11 151 7.14 1682.33 1745.79 318 4.35 1316.21 1351.87 418 1.22 784.90 821.85 81 2.57 1241.32 1300.82 298 9.54 1158.85 1215.60 354 7.00 1392.10 1443.53 275 8.04 1312.80 1378.64 108 6.01 734.41 775.18 445 1.83 1072.74 1112.83 278 3.38 1407.07 1465.00 340 3.50 1361.79 1428.27 3 3.74 1416.87 1481.14 319 3.00 1060.22 1114.92 357 6.03 760.34 815.25 360 2.99 1917.94 1979.12 23 5.55 978.54 1018.59 444 3.90 394.09 460.08 49 1.76 908.07 964.78 286 1.83 1560.01 1615.86 358 6.34 745.25 790.47 24 3.14 1081.51 1120.00 441 7.82 1474.80 1539.24 46 5.94 1292.84 1326.55 55 3.90 1406.10 1461.96 389 9.63 1353.05 1417.38 294 7.58 1088.68 1139.45 296 5.81 1194.27 1243.45 474 4.17 917.03 968.48 137 1.92 734.39 775.15 471 4.15 1182.28 1233.30 395 1.34 1295.82 1339.00 58 5.47 1063.88 1099.90 381 1.17 1070.92 1107.19 302 6.07 921.25 969.89 469 6.27 838.58 889.53 2 4.39 1791.04 1834.66 339 6.14 999.39 1051.21 69 3.85 1460.18 1513.72 406 7.64 1855.98 1891.03 486 5.63 1428.04 1468.28 149 1.19 1113.18 1149.38 483 5.45 1151.80 1194.32 70 9.09 1648.51 1682.19 308 6.32 991.10 1049.64 408 8.93 1073.86 1134.09 71 7.83 1215.31 1280.40 426 9.17 1277.11 1335.23 259 2.62 925.15 980.47 91 3.34 1410.73 1475.54 428 6.63 1286.79 1330.42 261 1.66 1096.52 1134.26 423 7.01 1090.80 1147.02 476 4.72 781.23 844.91 140 6.89 606.90 662.78 477 8.99 890.49 956.17 468 2.61 1515.31 1576.24 195 2.46 1168.05 1228.46 194 6.83 994.44 1032.51 364 1.57 1173.98 1229.91 27 9.81 1217.48 1253.68 220 9.66 444.85 494.23 390 7.47 1363.67 1407.23 53 2.66 1204.97 1253.84 125 4.45 1531.76 1581.49 462 6.84 938.60 987.90 118 7.66 1236.99 1290.52 455 9.65 767.96 806.52 246 2.51 1414.31 1467.02 79 4.59 1147.25 1184.38 243 8.46 1092.61 1146.17 76 4.35 982.70 1034.02 157 1.90 1205.98 1246.33 494 4.57 1227.16 1286.58 255 3.13 456.32 502.68 450 7.60 1366.89 1401.80 208 3.64 669.32 710.89 417 8.40 1149.11 1203.06 80 2.62 1326.41 1361.12 73 9.57 1761.72 1799.28 467 5.24 1240.23 1303.98 133 8.03 1383.50 1420.76 456 3.42 754.30 807.53 289 2.67 952.48 985.98 312 2.38 1044.96 1081.79 313 8.62 1263.43 1301.42 492 3.15 1659.65 1706.08 155 5.09 1044.46 1103.41 424 7.50 1426.45 1474.48 12 3.62 869.32 920.57 349 5.08 515.65 569.79 
99 240 7.70 1759.99 1821.55 245 2.01 496.38 533.47 244 9.96 957.50 1005.46 250 8.68 1632.03 1684.33 252 7.23 1182.47 1231.04 495 1.99 1079.49 1125.34 498 4.54 814.88 848.59 227 6.00 2357.64 2398.60 229 6.10 1562.22 1598.17 231 1.50 1077.71 1134.08 210 8.96 762.16 797.82 215 1.94 1045.86 1089.25 219 6.48 1116.66 1180.51 457 8.80 1120.05 1170.80 223 5.88 963.47 1028.41 212 9.32 655.30 696.01 379 1.09 1042.63 1102.72 372 5.47 896.13 932.27 321 6.85 1131.31 1188.78 400 5.79 1501.10 1545.99 479 2.62 953.28 993.88 129 6.43 736.21 787.84 138 1.52 1327.47 1361.24 397 5.97 1246.96 1301.66 160 3.13 1303.02 1347.27 387 6.24 1201.77 1253.08 147 9.75 1694.72 1755.72 481 2.53 1017.87 1076.42 165 4.49 1009.51 1045.29 323 3.16 1107.84 1168.24 440 5.04 1516.78 1579.69 150 8.57 443.52 507.03 484 4.32 1226.21 1277.29 10 9.52 1949.02 2005.11 356 3.14 910.52 948.83 465 4.96 380.15 433.95 176 4.17 704.78 753.49 392 2.93 527.33 584.63 40 2.85 1252.39 1309.85 207 4.44 1091.20 1133.77 144 5.06 809.36 866.56 311 9.20 500.41 565.31 200 8.07 1052.17 1090.88 442 6.55 938.10 977.99 183 7.24 158.01 204.53 86 8.44 774.09 809.64 420 9.22 1293.60 1330.28 366 9.64 1222.21 1261.27 32 8.35 721.64 760.68 461 6.34 955.17 990.39 130 8.14 1583.80 1641.50 167 7.11 1872.98 1939.41 180 6.48 759.47 793.20 347 7.34 1158.08 1193.84 197 4.30 993.47 1050.66 179 6.88 1443.00 1506.39 191 8.73 1451.47 1512.37 148 1.13 554.69 609.53 482 9.38 1278.04 1326.01 166 2.41 851.26 899.87 324 2.21 1017.59 1077.25 19 6.56 1548.04 1584.22 186 3.07 1326.76 1363.07 41 7.79 1598.68 1637.45 263 3.39 967.21 1026.36 432 3.89 1657.20 1719.16 274 6.79 1447.49 1483.54 272 6.64 1132.63 1182.26 264 5.50 1301.71 1335.05 301 4.39 810.58 861.77 192 4.34 1525.38 1581.79 113 2.77 1479.72 1525.99 34 2.13 1688.01 1747.19 330 2.61 1285.92 1337.09 141 3.36 1517.92 1571.92 299 2.56 1207.10 1241.52 378 2.23 1452.64 1511.79 44 8.99 1296.61 1339.20 266 9.31 1066.23 1123.11 204 7.13 1336.44 1380.88 283 8.13 547.52 596.10 320 1.40 1202.56 1253.69 487 2.20 1082.13 1148.40 415 6.20 1771.53 1811.14 336 9.66 542.75 579.97 169 9.61 1326.52 1390.52 257 7.74 1165.22 1204.39 90 2.33 1102.93 1148.73 72 9.38 1056.77 1119.30 309 1.40 1356.14 1416.15 142 8.34 1545.55 1588.29 109 4.25 1355.61 1395.51 57 5.38 1749.22 1785.78 94 9.23 844.15 898.82 87 1.91 1286.59 1340.39 254 3.62 1815.01 1869.01 401 8.79 838.52 886.49 6 9.94 662.65 710.68 322 1.16 1533.51 1592.74 
99 241 3.03 1159.78 1195.64 485 8.31 1556.74 1603.17 490 6.57 1900.94 1953.24 248 7.66 929.99 973.48 251 1.56 766.14 830.44 253 9.01 1081.26 1145.61 224 8.75 1607.91 1664.49 230 9.02 1759.57 1805.81 233 2.87 1625.71 1683.89 238 7.24 1159.62 1201.74 239 1.51 1279.26 1314.82 211 8.68 1818.95 1862.84 209 8.52 1222.36 1267.63 214 1.79 866.59 926.49 454 1.77 1225.12 1271.46 458 3.00 1214.34 1252.50 463 4.05 945.58 985.02 198 1.47 1201.23 1249.29 326 9.42 1144.64 1184.57 67 2.10 1950.51 1994.03 383 9.57 1124.48 1170.59 152 8.09 1775.08 1819.60 99 7.05 1279.79 1342.07 107 4.27 1267.86 1317.86 265 9.16 1098.81 1162.34 43 9.50 1177.00 1235.29 315 7.60 756.50 809.54 394 8.61 2151.45 2195.66 327 1.77 1419.72 1478.97 92 4.36 468.28 524.95 447 6.26 873.88 940.23 201 8.71 1759.21 1819.20 368 4.57 1100.62 1138.74 121 1.34 1593.22 1647.31 51 5.06 1560.57 1612.88 431 8.83 1163.59 1215.43 430 4.63 1189.23 1231.03 114 5.40 1471.73 1516.07 316 4.61 2271.74 2328.78 409 5.10 2004.06 2051.44 20 9.07 662.88 725.70 187 9.21 1033.91 1073.01 116 8.37 1405.34 1466.34 153 8.71 1276.62 1337.32 374 2.57 1240.06 1303.28 164 6.50 1641.55 1695.68 362 2.54 1002.94 1050.96 436 9.74 1567.41 1613.91 399 4.25 1567.09 1605.16 237 2.63 1202.85 1242.15 404 5.97 1672.29 1734.61 35 1.89 1400.86 1443.95 369 2.55 973.54 1020.57 202 8.24 1260.83 1314.30 295 6.56 1493.75 1531.46 128 4.99 1599.32 1632.99 106 5.20 1213.21 1276.52 402 5.72 1007.63 1054.16 310 8.25 1506.38 1572.30 143 1.56 1188.94 1248.62 38 9.15 1719.52 1770.34 355 7.13 1611.55 1645.72 276 1.62 1145.43 1191.21 54 2.47 1045.32 1090.18 472 2.79 1001.31 1066.72 314 8.20 1895.28 1929.67 77 6.85 1067.45 1120.65 5 1.71 1112.33 1171.10 338 8.70 1492.04 1530.26 189 8.38 849.72 888.63 268 6.93 1027.93 1086.06 184 1.74 870.49 910.64 342 2.62 832.45 880.19 410 2.57 1229.49 1277.28 15 4.68 1153.16 1190.03 348 7.40 558.79 620.86 386 8.48 1777.19 1829.14 307 9.56 1299.51 1363.97 48 4.18 1653.01 1709.71 285 3.03 1249.33 1303.81 452 6.16 1261.71 1299.43 256 7.90 1250.32 1285.14 89 2.29 2035.30 2090.65 293 9.02 1225.36 1276.74 475 9.69 1498.46 1542.61 396 4.11 1136.06 1190.52 317 3.31 1184.29 1237.88 45 1.76 1260.57 1301.61 104 3.90 1308.79 1344.32 262 9.36 1237.19 1276.69 341 5.48 1279.04 1335.10 50 2.79 1839.19 1887.65 346 2.51 1004.86 1060.19 134 5.35 1165.48 1216.47 292 7.02 1119.58 1174.62 228 7.04 1344.20 1396.27 61 3.30 1555.54 1607.26 416 8.61 1057.87 1100.11 337 8.93 1190.31 1226.07 
99 491 7.44 1153.89 1204.05 489 8.00 1517.93 1570.15 225 8.87 1358.89 1417.38 234 6.76 1689.49 1754.97 235 8.61 1796.91 1858.93 448 6.20 1218.02 1259.32 451 3.51 1723.81 1762.64 216 1.21 1717.21 1768.12 222 4.73 1610.50 1654.77 193 2.54 1511.65 1564.82 470 9.84 1984.72 2037.12 205 9.74 1329.96 1365.32 478 2.51 1519.50 1554.97 375 7.11 1290.39 1343.98 373 8.50 1315.60 1372.34 329 3.35 1584.39 1645.68 13 9.86 1639.39 1685.00 171 7.63 1731.73 1784.85 213 3.19 1265.60 1330.46 380 9.47 1525.81 1585.74 300 1.41 1443.57 1502.69 438 4.61 1412.96 1470.08 122 9.17 855.05 898.64 359 6.59 1698.48 1765.08 280 2.22 1203.51 1248.84 11 2.02 1575.91 1620.24 437 9.35 1624.00 1661.61 270 4.63 1911.88 1964.72 304 4.50 1696.95 1738.37 427 8.25 1713.58 1764.64 190 7.34 1537.33 1592.86 111 8.23 1130.39 1188.24 127 3.61 1449.55 1501.12 443 7.06 1383.78 1449.40 146 4.67 1646.13 1701.54 480 4.06 1663.02 1729.54 365 4.94 1790.82 1850.05 439 8.85 1366.39 1407.03 182 6.75 1389.85 1445.67 433 6.35 1464.02 1525.95 391 8.34 1050.91 1105.96 361 6.53 1665.46 1711.97 17 5.32 1672.20 1732.69 434 8.59 1526.75 1576.24 398 9.96 1058.66 1105.41 64 7.64 1890.61 1938.00 175 1.42 1233.20 1268.59 8 1.39 1001.60 1058.86 156 9.18 1282.14 1325.01 188 9.28 1850.93 1897.27 21 8.50 1561.85 1600.34 258 2.26 1428.22 1489.73 170 8.87 1066.42 1113.59 407 6.52 1579.89 1641.88 135 9.03 1512.95 1577.31 154 3.25 1430.01 1473.28 488 3.52 1199.11 1263.10 172 4.30 1666.85 1706.12 247 1.60 1282.62 1334.10 414 3.53 1176.02 1219.83 174 4.40 1118.08 1174.35 95 9.69 1523.02 1589.07 429 4.62 1741.24 1802.79 16 8.54 1619.21 1660.16 350 4.24 1389.27 1450.03 110 7.33 1831.08 1866.87 277 7.13 2344.63 2405.24 435 8.21 1258.76 1315.89 14 8.11 1638.54 1678.71 181 1.74 954.63 1000.57 102 6.42 1786.38 1848.96 273 5.47 1051.19 1107.19 352 8.79 1563.01 1621.51 185 4.53 1795.76 1843.42 279 5.45 1459.47 1518.94 446 1.86 1069.51 1132.50 288 3.00 1520.08 1570.54 119 9.99 2076.11 2110.11 453 7.68 1272.91 1311.09 28 9.68 1614.48 1671.17 65 6.21 1883.33 1944.49 232 6.96 1981.62 2022.08 83 5.93 1414.54 1471.98 47 6.58 1707.02 1773.23 422 2.80 1272.83 1326.00 88 3.94 1449.36 1499.43 343 5.99 1991.20 2027.05 9 4.81 1593.30 1635.38 325 7.66 1879.91 1930.69 290 8.80 1603.15 1661.79 132 6.68 1477.57 1512.64 466 4.46 1796.64 1858.05 131 6.27 1262.64 1300.07 52 6.34 1080.90 1131.66 139 5.42 1532.23 1580.18 297 4.05 1044.15 1088.78 464 4.60 1226.85 1281.31 413 1.54 1680.50 1735.77 334 8.09 1684.02 1736.99 
99 243 7.36 1679.85 1717.09 246 9.88 1929.85 1977.97 455 8.11 1628.86 1681.75 221 9.65 2023.16 2071.33 462 8.96 1306.47 1344.93 220 8.94 1387.33 1423.69 194 5.56 1490.52 1531.86 195 7.59 1664.50 1727.32 468 4.93 1593.50 1657.18 477 3.62 1204.12 1267.04 476 7.56 1520.84 1587.34 423 2.02 1212.07 1247.10 417 3.85 1843.08 1892.12 428 8.56 1889.83 1923.39 426 8.42 1835.53 1885.07 71 7.97 1513.37 1564.18 308 5.56 1886.08 1929.51 70 6.71 1942.24 2006.36 483 3.59 1697.77 1736.20 149 9.28 1810.69 1875.52 69 8.69 1745.11 1810.63 163 5.55 1579.47 1622.50 335 4.90 1693.88 1749.92 96 1.33 1503.23 1547.53 358 2.17 1688.34 1733.81 42 3.46 1618.07 1654.63 376 5.31 2142.22 2199.46 328 9.43 1296.41 1335.90 161 1.62 1722.03 1777.92 3 7.40 2339.85 2378.59 486 7.64 2220.97 2264.79 319 3.85 1693.76 1755.24 124 3.93 1653.77 1690.89 367 4.54 2267.38 2329.37 26 2.18 1919.00 1958.97 360 5.03 2167.05 2230.80 384 5.86 1370.28 1435.88 390 2.04 1939.31 2004.82 364 5.23 1721.87 1756.75 30 1.91 1613.27 1675.24 267 9.61 2363.87 2424.26 412 2.11 1710.27 1767.20 78 6.12 1764.46 1823.30 157 9.49 1445.43 1500.80 411 8.02 1895.65 1942.57 406 3.50 2337.99 2404.34 118 8.22 2138.49 2204.79 93 3.53 1583.96 1645.73 260 2.51 1830.96 1873.48 84 1.69 1401.69 1445.76 418 1.16 1567.15 1629.03 339 3.17 1320.59 1358.64 112 4.67 1951.96 2010.35 74 3.43 1594.85 1643.16 408 3.89 1829.57 1877.30 97 5.87 2139.41 2203.32 151 8.94 1717.68 1774.28 318 9.52 1554.17 1617.77 81 8.60 1837.70 1877.67 2 2.91 2315.99 2379.77 393 2.05 1590.45 1632.83 59 9.89 2288.13 2340.83 296 1.08 1505.01 1550.86 158 9.14 1799.08 1838.86 395 3.17 1400.52 1455.64 340 7.84 1919.19 1973.07 173 4.50 1607.58 1664.72 159 4.92 1929.15 1988.48 363 1.37 1981.51 2039.26 196 9.15 1220.38 1280.78 354 7.22 1483.46 1539.03 275 4.58 1586.47 1643.71 85 9.62 1339.79 1373.77 75 6.38 2090.61 2125.50 271 8.80 2211.62 2263.80 63 2.51 2085.77 2120.34 25 3.19 1697.21 1760.69 62 8.82 2303.50 2363.34 22 9.91 1830.23 1887.45 203 7.76 1881.67 1937.60 36 9.20 1525.76 1589.76 140 8.34 1242.37 1278.10 298 3.34 1408.01 1459.54 23 2.53 1470.38 1503.98 357 6.94 1585.16 1641.05 278 7.98 2099.10 2153.08 287 9.92 1552.82 1589.31 444 4.98 1339.99 1386.11 49 5.56 1424.74 1474.60 286 8.38 2297.12 2341.69 441 5.46 1910.02 1965.48 46 9.73 1582.93 1620.15 55 5.27 1634.45 1681.70 294 8.26 1542.11 1582.33 137 4.08 1484.64 1532.99 58 7.84 1816.81 1882.99 381 3.28 1492.09 1543.22 302 8.07 1675.28 1714.78 303 7.69 2016.33 2074.86 
1 500 3.66 2199.90 2237.80 
