1000 0 0 1 12
7
5
2
9
3
8
8
7
3
4
5
4
7
4
4
6
7
6
7
6
4
3
5
7
3
2
6
3
5
7
5
4
5
7
7
5
2
7
2
3
6
7
2
5
9
4
5
3
4
6
7
7
3
6
7
2
2
2
4
9
4
4
2
8
2
9
5
3
6
5
6
5
5
2
4
2
4
2
2
5
5
5
2
4
5
4
7
2
5
4
2
6
2
5
8
5
9
3
9
5
2
9
4
6
9
8
3
8
6
5
7
9
6
7
3
5
2
5
6
6
3
8
8
3
9
6
4
4
6
4
6
6
4
4
2
7
5
3
7
3
2
7
4
5
2
9
2
8
8
5
5
2
3
4
2
4
2
5
2
9
7
3
2
4
8
4
7
3
5
4
6
7
5
5
7
7
3
6
6
5
5
8
2
6
2
6
6
4
3
8
5
8
4
4
6
9
9
6
6
2
4
4
5
4
9
2
5
2
4
7
3
7
2
8
5
5
5
5
8
2
5
2
2
3
4
4
4
4
8
8
6
6
5
5
6
5
2
7
5
9
7
2
5
2
5
2
3
5
2
3
7
8
6
7
4
5
9
2
2
9
8
6
9
3
6
5
6
4
2
4
7
7
3
4
4
9
4
8
2
9
6
4
2
4
3
8
7
5
7
3
7
4
5
5
4
3
4
8
5
4
4
6
7
7
3
7
2
7
6
6
6
2
5
4
3
6
6
7
3
7
4
5
5
2
4
7
6
3
5
2
3
7
4
5
7
6
2
5
3
4
4
8
8
4
2
4
7
3
4
9
3
5
6
4
7
4
4
9
5
8
7
3
4
2
5
7
6
4
5
2
7
8
4
4
5
5
4
7
6
6
3
4
4
9
2
7
2
8
3
5
5
4
9
5
3
5
2
6
6
3
3
6
6
4
8
6
3
7
6
5
5
5
6
4
3
3
4
8
3
3
7
9
4
5
4
6
6
3
7
7
3
4
5
5
2
8
6
3
7
7
4
6
6
3
3
2
2
9
5
7
4
5
5
4
2
8
8
5
7
5
7
2
5
2
2
7
7
5
5
3
6
7
7
4
4
3
7
4
4
5
5
4
2
4
6
5
3
5
2
4
2
2
8
2
4
7
3
5
8
2
3
2
6
2
9
6
6
5
6
8
8
6
9
3
2
6
9
2
4
5
7
5
9
8
4
7
7
7
4
4
5
5
6
5
4
4
5
6
7
6
7
4
2
3
3
5
6
6
2
8
5
5
2
6
8
5
5
3
5
3
4
5
7
3
5
5
2
4
7
7
4
4
4
7
6
2
8
4
7
9
2
4
6
5
5
9
3
7
3
6
4
4
5
7
4
3
4
5
7
6
6
6
3
6
4
6
3
6
5
5
7
6
3
5
5
2
6
6
5
4
3
4
5
2
3
3
6
9
6
9
2
5
2
5
7
6
8
7
6
7
2
7
2
6
3
5
5
4
9
3
2
9
6
6
7
2
7
4
6
6
7
3
7
4
5
5
5
7
6
6
6
7
7
3
3
4
2
7
2
5
7
7
2
4
6
6
2
6
4
4
2
5
3
5
4
6
6
2
9
3
6
4
4
5
4
8
3
6
3
5
3
8
6
4
4
8
4
5
7
4
3
7
7
4
5
3
5
3
4
4
6
7
7
6
3
3
8
5
5
2
9
3
2
5
9
5
5
4
2
6
7
7
3
6
7
6
5
7
3
7
4
5
6
4
5
4
4
6
2
5
5
7
7
6
3
2
4
2
3
5
6
7
8
2
4
2
2
3
4
8
2
2
8
8
5
4
3
5
6
2
4
8
3
2
6
4
3
3
5
8
7
8
7
3
5
9
4
5
8
7
2
4
3
2
3
4
5
9
4
5
2
4
2
9
6
7
3
2
7
9
6
5
9
5
2
6
5
9
6
9
4
6
5
8
3
2
7
4
6
4
5
7
6
3
4
4
3
4
8
4
4
2
6
5
4
7
4
3
6
9
8
3
3
8
2
4
3
4
3
9
8
8
9
3
5
7
7
2
6
5
2
7
2
2
4
2
2
8
7
5
4
8
3
5
4
6
3
7
4
9
8
2
8
4
2
2
7
5
8
2
2
3
7
5
8
4
8
9
3
5
9
2
6
4
5
2
7
6
6
5
7
6
7
3
5
6
7
7
6
2
3
5
6
4
6
7
4
4
2
5
7
5
3
2
6
2
5
8
6
5
5
4
6
4
3
9
5
5
4
7
5
7
7
3
4
4
3
5
3
0
613 8473 40.53
486 1981 597.90
999 4074 542.74
509 8081 58.10
472 3741 631.90
933 3035 424.15
822 4896 842.42
994 1422 906.40
805 9490 423.73
634 2650 655.87
544 7264 930.50
653 857 345.04
607 3721 255.36
758 8636 445.23
664 626 790.40
549 4780 695.72
670 8574 558.12
659 6701 288.14
152 9283 146.67
924 7874 579.68
262 3251 564.99
788 8470 147.27
453 8309 151.02
725 8790 20.91
453 1640 554.85
730 2257 687.64
761 8597 388.76
81 5637 928.86
950 6328 180.61
284 8671 190.72
680 7194 476.69
961 3606 257.83
373 6282 980.43
763 1285 985.49
683 9824 160.38
72 9079 670.40
725 6784 768.00
339 4200 838.34
717 1230 173.38
617 8796 130.90
453 1630 317.41
753 8487 882.98
660 6273 400.40
229 530 418.46
214 6485 516.42
413 7083 495.55
877 2343 116.32
209 3430 758.12
893 2013 144.75
599 9365 214.86
266 8563 196.01
633 5046 596.32
781 8445 843.12
593 7727 864.03
113 2073 529.98
706 161 540.74
773 9707 533.53
943 2859 116.90
554 7179 950.32
6 4419 797.76
992 8095 279.07
787 1328 553.55
839 2839 302.15
406 4034 3.74
431 3919 70.79
525 1994 199.00
344 5443 48.25
320 4069 414.12
945 129 892.44
720 844 408.91
848 4395 773.26
126 8877 693.48
570 2712 76.04
868 335 6.63
539 8666 275.28
857 8715 673.87
534 7051 903.50
367 512 331.09
309 9226 227.40
940 8481 803.58
64 7799 601.35
18 9881 748.27
975 1522 665.60
868 5426 155.37
998 6643 605.38
651 838 486.16
387 9164 49.98
208 8059 685.00
30 8577 712.70
643 9914 737.90
865 6349 564.70
189 4263 335.73
734 8914 997.02
354 9187 839.92
836 8883 851.37
10 176 662.46
632 3057 785.64
301 404 805.18
489 6671 405.65
851 5847 801.60
772 1669 626.36
796 6496 97.53
322 9037 831.40
837 4680 570.51
976 9129 600.14
128 3012 454.23
600 8590 741.20
542 1111 375.08
569 9032 102.53
683 2647 590.64
781 3128 969.89
240 8211 104.00
314 811 276.73
701 623 645.77
155 6418 445.15
30 793 575.36
60 6084 687.19
868 9603 717.76
607 8922 960.39
764 9209 775.49
895 384 507.34
222 3656 952.16
571 196 104.18
697 4620 827.30
42 2568 487.68
860 2679 275.32
556 9384 624.27
979 9447 341.89
509 2302 786.24
137 9954 71.16
16 5062 500.36
661 9886 57.53
741 8146 404.90
330 6138 669.01
622 8110 596.73
624 2837 487.75
721 750 306.76
962 6019 687.33
581 9344 37.30
710 5194 560.91
811 3636 860.60
141 9011 105.98
318 9781 378.98
184 8297 420.18
661 2083 966.67
239 9728 451.19
708 9629 394.21
567 3909 454.64
335 8466 624.21
938 4010 830.79
243 4129 255.72
505 507 4.75
994 5927 453.04
729 8981 596.44
212 5562 980.23
231 6329 126.43
434 5050 331.79
930 1566 108.12
190 7166 491.99
160 769 329.65
50 2783 185.01
113 5920 648.94
999 5849 331.71
256 7813 702.09
754 8365 198.90
217 2295 983.37
514 4772 95.28
621 478 334.59
307 5550 949.97
875 327 126.82
904 9983 488.70
905 9858 751.81
472 3920 574.07
917 6651 444.82
345 4611 10.24
356 6938 650.62
518 8624 731.66
784 5536 992.92
350 9158 589.06
895 4874 943.20
195 5333 542.58
456 6468 331.79
182 6570 910.99
542 8159 280.84
573 9036 647.59
898 7587 740.43
964 3074 181.55
243 7588 680.58
91 7266 814.00
449 9192 148.53
439 8238 619.95
447 7751 222.70
334 6715 78.05
547 7042 696.69
218 9853 686.73
117 2781 503.04
723 8169 776.26
916 8342 552.82
932 1008 461.85
166 6568 822.85
43 7146 206.36
510 3717 444.57
128 1942 575.66
989 5952 609.22
309 4261 454.36
98 45 908.13
43 1831 405.28
355 4829 738.37
422 5444 938.67
686 2445 269.85
173 8701 228.63
396 3101 261.00
153 6994 842.64
447 6640 811.07
124 8063 908.54
184 5872 955.69
741 602 685.84
18 7198 357.16
60 714 665.53
404 5210 924.23
791 3935 10.53
666 8327 35.25
983 7993 924.92
929 8568 703.76
131 1079 596.37
42 2526 466.51
882 8629 557.41
419 6034 897.81
605 1646 997.07
65 8625 453.59
637 172 782.35
386 9728 926.83
116 4310 791.42
12 7293 918.07
635 8088 660.43
329 5635 554.25
847 685 143.03
313 5786 749.77
770 4720 789.60
707 7334 476.86
945 5273 321.41
607 6782 477.47
245 3350 282.50
261 4682 902.23
968 2615 602.06
965 6262 340.83
705 7304 400.41
237 5423 785.30
433 7717 912.40
492 9966 456.94
596 7502 504.24
155 3821 867.55
647 9606 391.94
774 3743 294.55
918 6344 203.63
543 3647 480.13
674 2726 469.96
357 8628 506.97
201 5983 42.79
196 6231 996.67
629 8548 637.36
980 5911 697.27
802 4874 602.62
902 1279 664.67
651 1287 468.10
23 1649 318.85
638 2089 666.25
426 65 112.92
60 2783 826.40
943 4209 122.65
834 7043 703.94
579 4022 591.44
498 191 53.02
352 2240 317.08
805 594 123.23
50 7878 317.91
530 5900 364.21
602 1796 297.06
217 7617 608.84
851 6221 996.03
634 3826 898.69
105 8527 747.93
410 9434 449.79
658 1850 901.95
167 3959 513.74
442 2130 209.80
351 1979 885.65
389 8785 850.92
326 5842 26.08
934 9358 738.24
189 6530 500.19
617 7545 94.58
76 8432 900.85
991 3221 844.83
460 874 638.89
11 656 956.45
908 7044 244.31
76 7649 432.66
125 8997 695.62
529 3335 673.31
675 9362 582.23
738 9016 372.59
57 6703 290.60
953 21 50.86
503 8033 626.67
347 2914 572.99
67 5416 320.57
516 2798 828.26
951 2656 768.12
648 7125 609.08
747 5274 957.50
457 6617 979.41
80 7701 237.36
328 4221 185.31
426 4073 818.27
159 2164 546.72
90 2773 549.35
355 1343 680.52
937 3380 340.53
352 9602 744.23
292 1648 834.83
163 3726 970.05
848 5479 494.48
162 3881 947.90
760 2509 966.70
267 6577 985.93
479 5475 415.51
196 2492 181.96
844 6659 715.33
866 6871 777.56
383 536 448.63
3 4301 510.22
749 276 771.42
257 3905 501.13
607 6895 610.27
32 5080 604.01
346 7280 771.79
263 659 427.64
992 7148 788.06
951 7301 489.17
142 6490 1.58
146 7125 77.73
307 216 652.02
714 2952 167.66
432 3004 78.72
516 5121 388.27
811 709 242.83
265 3392 800.88
136 8460 74.35
324 5223 257.97
986 4393 259.05
3 6910 732.65
321 221 616.19
783 7427 495.94
725 323 964.95
680 34 854.28
520 4145 613.17
24 4715 718.10
820 1421 543.63
329 2496 402.36
131 2285 994.55
66 8626 153.81
733 5402 510.20
448 6866 568.76
249 3896 413.39
816 2507 835.10
193 9352 132.71
132 7371 716.93
936 7299 885.15
98 5591 615.72
856 2038 598.76
848 1822 494.73
947 4305 598.95
415 5070 281.98
447 8445 431.55
181 7333 285.02
228 8556 825.01
909 3773 979.77
490 3696 347.50
704 3772 42.87
375 2679 505.60
329 7454 397.61
955 3756 681.46
244 9581 29.39
91 869 710.84
828 5645 845.91
253 6812 468.05
560 2162 140.47
787 8899 371.83
312 868 78.01
328 1860 466.02
482 776 979.04
550 5908 338.11
884 6083 220.30
420 6765 89.71
905 8963 551.75
170 8566 420.07
383 7023 956.20
252 7485 673.41
16 7056 145.50
236 7743 143.53
371 4308 244.16
62 5190 423.12
993 3719 981.81
671 8940 811.87
201 6412 125.09
507 2191 364.97
99 4724 755.84
853 6462 7.51
327 4789 557.21
36 9633 423.65
799 4941 447.07
398 9823 931.92
126 6572 233.31
634 8563 992.19
439 66 724.45
54 3880 866.06
66 613 629.76
538 9581 131.07
945 3765 171.08
189 538 26.88
732 2159 475.55
401 323 828.39
521 9467 425.60
615 8960 339.14
374 6537 259.01
155 2239 670.04
353 6913 382.57
481 2494 710.51
910 9791 681.16
41 2556 625.74
594 2220 135.10
532 6466 137.35
439 2228 99.71
963 9034 533.83
396 762 300.39
647 2801 632.98
223 6789 238.65
492 4563 234.41
157 9366 797.75
185 2149 793.64
764 9343 783.69
766 7996 253.63
115 9049 664.49
215 9454 979.46
229 1240 458.30
857 1765 142.87
226 6006 180.60
946 228 95.67
238 1217 190.27
950 3370 39.29
310 5037 854.01
962 7319 582.27
654 2989 680.38
190 8798 192.65
153 8502 821.19
357 8560 191.95
401 2096 389.27
879 4485 739.74
637 826 448.41
19 9684 421.96
538 5649 846.55
133 2252 142.55
984 9688 195.01
857 6846 918.21
606 4468 410.59
913 5619 372.79
408 5751 649.78
449 3404 398.28
485 9398 741.60
191 1183 255.23
462 1267 394.56
160 6205 739.83
514 4743 80.33
8 1648 512.45
165 217 914.28
34 3478 829.41
616 5469 26.86
358 2617 399.46
757 446 646.65
375 9842 604.81
26 6398 820.63
370 1908 48.19
989 7914 226.99
14 4803 453.82
17 7078 195.64
564 5468 783.69
53 6641 413.72
537 3933 573.99
444 8402 893.55
585 5746 839.14
153 8738 709.06
884 3401 789.63
285 8356 140.09
918 6735 298.87
493 5231 358.82
357 4472 687.92
29 6553 320.68
390 3923 970.22
823 1513 325.89
321 5197 563.44
441 5483 233.83
248 226 470.42
39 7651 112.69
110 7152 53.91
825 5137 221.90
181 1191 87.38
244 4834 852.88
481 1545 644.22
455 6216 834.52
32 82 230.35
631 3544 248.90
79 569 444.61
950 5960 437.95
14 6539 317.93
587 7401 750.13
758 9313 432.63
846 6578 790.75
637 1341 885.45
833 7167 368.38
608 4901 838.11
773 5229 377.47
181 5214 91.23
173 3812 682.27
292 8421 70.13
725 1158 276.15
664 4758 12.73
331 4717 730.44
299 2245 848.29
194 8102 207.51
932 4573 92.64
546 1349 295.25
171 419 582.99
761 4625 830.96
508 7972 181.91
139 6577 420.16
394 2483 578.10
513 1028 318.54
696 249 926.56
284 6375 428.87
734 8861 788.83
904 8638 148.63
450 6480 359.27
312 6377 63.64
261 6162 29.28
534 6541 545.72
127 1384 415.88
403 8422 947.77
322 7600 499.82
606 1400 352.08
282 2773 860.14
835 8432 121.95
226 278 357.98
52 458 122.53
206 1151 976.50
785 3745 151.84
397 8432 794.24
798 9590 91.94
841 5625 854.16
24 5719 182.13
806 7145 269.33
617 5573 789.29
193 1529 650.94
999 2436 663.05
914 3471 267.61
203 717 4.58
39 7093 247.59
972 8766 480.53
780 9635 705.50
68 2302 118.34
271 8125 462.52
871 3866 459.93
4 4122 93.98
303 4761 932.71
727 1435 286.91
616 7680 456.19
995 7213 787.10
247 9559 890.52
284 859 636.51
996 9903 516.85
330 5044 563.71
659 502 985.91
319 8212 199.79
619 4359 543.67
246 2981 696.00
671 3540 698.99
207 6705 301.26
556 18 800.50
636 575 857.51
672 3616 842.94
401 1216 547.22
192 1688 41.14
837 8442 517.07
550 931 788.72
650 5157 92.82
469 9268 562.77
499 4407 695.94
689 7220 100.10
887 4219 961.06
78 1874 638.42
165 8066 627.03
991 8588 963.35
778 4785 857.12
7 9083 164.66
763 3532 902.09
364 3207 548.19
63 360 681.47
705 1320 227.84
111 2283 943.47
721 8288 994.09
501 5253 531.25
952 1187 290.67
886 4279 856.19
744 1193 581.66
785 2310 324.20
940 6727 32.99
375 1358 466.98
248 8427 671.02
598 6609 522.64
416 6691 434.53
1000 9359 509.72
326 3841 662.82
889 2914 759.13
272 8397 382.14
92 4737 59.32
129 368 419.64
853 7188 429.50
378 8234 905.04
734 9409 229.41
940 7616 618.85
176 2337 207.68
810 9544 814.15
939 5273 546.23
550 55 700.74
69 313 915.58
875 9624 384.82
578 9805 448.36
838 6446 851.93
319 1908 40.31
610 1823 651.20
349 6065 704.17
100 111 536.28
858 59 604.55
587 6722 831.40
161 1164 266.67
278 978 764.96
393 3577 944.89
920 9119 310.04
884 1616 490.09
579 9385 619.61
927 8113 788.39
892 6025 925.43
790 1579 739.26
580 4909 244.86
40 8549 502.39
581 9071 507.88
385 9602 170.32
79 3723 413.05
859 3733 752.07
806 9055 914.80
451 5857 667.82
650 338 126.64
579 117 982.64
654 6147 870.17
738 6830 752.32
64 7115 724.84
889 8525 973.82
342 4140 696.36
270 6094 984.67
267 9549 403.53
912 3235 785.11
778 2274 461.80
464 6736 908.51
167 7353 550.15
951 4700 935.75
101 3202 820.84
380 4110 734.40
469 9192 932.75
337 7460 683.93
500 8489 105.99
630 6067 260.61
663 9805 16.94
363 2438 977.72
669 4187 857.70
373 439 443.60
665 9561 405.42
289 5093 758.24
733 2515 356.43
171 382 830.22
570 8955 489.76
643 4677 770.25
210 451 281.29
655 5842 187.74
226 8905 710.48
870 275 64.50
929 3946 797.77
877 1115 750.20
652 8278 429.51
542 9267 587.24
49 6664 463.08
679 884 394.35
530 3742 30.04
984 8024 61.02
940 2707 597.22
392 3660 798.05
436 1022 857.55
937 1468 529.38
230 4189 554.03
623 8933 418.11
885 115 820.43
91 8990 979.37
434 4479 646.19
395 5782 291.40
864 3291 323.55
733 4247 976.53
626 4466 319.49
647 4243 558.25
797 1754 737.52
727 88 807.39
272 338 799.56
965 367 73.69
964 6040 583.60
304 7278 161.59
27 870 661.04
461 1530 619.71
475 5897 259.89
614 154 923.09
892 7248 576.15
786 6338 482.54
996 135 193.27
86 1090 54.68
716 4739 112.19
928 767 943.89
145 5236 649.30
748 3515 107.56
688 634 396.89
778 8522 349.46
745 2858 635.54
620 4548 529.92
248 8558 726.42
796 3317 6.59
287 7493 452.88
715 9489 951.57
135 5790 477.34
907 941 69.11
677 1230 587.67
198 1856 154.55
800 4524 492.08
729 5607 500.43
165 7201 607.48
229 6707 490.47
877 1606 143.09
505 8838 57.59
476 355 793.85
949 8257 519.38
136 3042 806.83
76 7604 2.35
586 4999 488.28
542 7208 621.15
540 4941 993.66
943 941 816.74
360 3943 932.54
334 5103 226.45
835 3938 242.43
993 1216 336.94
591 2311 266.02
899 8273 291.02
909 1583 782.15
821 7214 42.42
166 6523 118.52
308 9072 568.14
223 9300 8.10
854 455 754.06
848 1732 221.46
607 8786 779.76
990 2387 840.16
906 8923 920.35
167 1266 531.55
413 2046 780.07
436 4316 215.18
752 1927 69.59
34 8010 999.76
432 4954 164.25
249 4119 53.07
711 1635 923.91
124 8218 353.50
278 8497 949.01
993 1499 127.87
294 6935 438.31
368 6600 418.54
667 6712 860.85
643 2801 423.06
674 4893 665.92
519 5585 981.05
840 9266 384.65
63 3180 290.58
872 6143 358.31
957 1573 774.16
307 9243 522.15
813 7506 103.41
167 5815 431.50
722 5472 451.43
826 948 221.97
282 1543 68.28
896 8071 371.48
816 5090 928.45
944 2581 621.23
408 1398 643.11
433 173 972.93
784 275 469.04
960 8101 154.79
539 8431 320.12
546 5290 378.11
659 4131 483.76
973 3706 623.02
380 9164 718.96
950 7102 735.87
813 962 94.78
100 689 600.04
438 9684 66.20
67 5537 752.73
896 9929 188.69
465 2026 441.22
970 7330 51.23
227 6673 93.21
277 5372 503.55
48 3711 667.86
35 1490 322.63
716 3310 280.03
346 6269 870.47
159 4154 558.77
281 6897 885.98
926 6899 396.14
167 8986 863.18
368 7778 787.75
346 6749 395.99
344 3204 236.74
430 6263 882.85
406 7582 342.41
28 3630 868.25
357 981 429.92
969 4358 178.02
986 2258 258.04
8 7479 171.41
997 5289 590.84
723 7526 394.42
14 2485 94.75
828 5870 169.99
339 762 460.97
17 2335 405.16
883 9553 505.89
809 6008 728.31
729 2292 153.27
718 2772 528.06
738 9132 539.71
833 7279 180.21
183 7032 590.90
969 1374 348.90
877 3380 1.65
325 8382 586.57
806 8574 200.61
393 4752 939.07
269 5660 377.35
997 2040 678.27
826 7369 244.06
796 9588 477.92
682 1680 606.73
705 848 739.35
839 3676 252.28
565 1181 451.38
499 6708 635.98
712 2145 751.74
278 797 78.63
671 6569 264.97
73 5538 57.62
399 3252 327.70
762 3044 683.45
622 2722 87.30
347 3688 482.71
137 7123 200.78
381 911 500.76
459 3253 680.61
158 7457 883.86
256 2405 897.39
329 9445 972.13
927 6110 183.00
656 4150 385.79
733 3066 610.13
131 2095 4.38
744 2985 212.87
911 5429 76.21
514 7052 974.84
652 6845 230.73
444 8315 724.27
332 9489 514.17
511 2600 249.51
764 4145 360.41
776 8695 146.31
883 8836 38.48
793 8417 27.63
906 260 432.79
256 6008 629.78
167 8100 154.54
301 7604 525.80
223 1793 494.42
57 9178 748.60
462 8200 846.00
423 134 320.43
926 6519 765.64
772 5057 41.21
996 9473 972.24
161 2335 993.54
833 9362 305.55
388 7646 76.35
875 1677 786.90
519 8712 565.91
611 1994 783.73
495 4947 380.09
576 2151 8.96
188 7332 826.64
719 4254 826.39
200 8375 212.06
283 3623 186.89
314 887 92.35
411 5965 849.92
896 3680 197.70
231 8020 811.02
349 6838 725.02
401 9662 902.04
742 3672 248.04
585 8734 477.81
90 6982 313.59
5 826 870.45
187 1366 335.66
730 2394 477.97
476 1503 374.12
56 565 408.10
251 1615 167.40
718 917 49.14
615 1637 153.38
735 5164 34.57
665 2965 701.71
119 9685 315.90
570 6839 584.86
938 7473 376.52
418 5142 340.21
576 7950 401.86
287 90 949.58
590 8990 485.00
371 3440 216.40
64 8010 553.28
112 5931 495.33
139 6809 494.77
626 9120 449.02
467 4420 674.89
32 4305 457.95
915 4742 509.33
742 1833 642.87
905 3072 648.81
67 5544 689.73
556 5206 272.95
832 8612 79.59
370 9509 468.72
539 9519 984.18
278 3483 482.58
402 6346 785.31
879 7244 746.54
907 1837 20.78
994 8726 722.99
750 7050 445.46
84 2389 319.87
650 9239 774.98
826 211 75.12
949 7645 341.25
617 2588 366.73
686 7758 840.25
808 1138 72.60
90 9357 902.17
176 4510 453.82
398 4858 622.84
717 9348 558.91
552 8341 152.15
730 6010 447.36
286 4435 599.80
918 8882 56.25
842 9004 157.07
563 7150 213.05
520 8296 773.87
502 558 377.14
166 4309 228.84
934 1238 789.74
83 301 889.23
133 2390 102.91
97 5747 829.23
664 4967 459.78
706 9550 632.77
361 894 906.23
455 4034 736.89
359 6155 864.50
782 4569 657.21
517 389 239.26
674 9073 938.21
177 3775 919.62
477 8928 854.68
967 8944 771.45
37 6206 573.71
14 6163 704.51
745 3326 510.80
22 9363 749.24
814 2474 783.14
158 4785 73.54
815 435 640.40
210 8683 855.54
331 4260 285.56
689 3620 972.45
606 1128 400.94
323 9116 75.12
567 3065 648.56
132 860 373.46
759 5824 263.96
942 9037 419.50
836 1514 359.45
774 4823 108.19
625 2005 476.95
496 834 219.15
165 1153 360.26
614 1952 633.34
555 3565 440.89
567 138 813.62
70 617 874.21
417 6345 391.78
168 7712 643.79
570 6192 657.68
916 6740 162.42
211 4760 398.72
839 5603 267.13
584 4866 442.28
24 6239 183.13
858 1962 805.24
936 6268 628.09
501 5241 958.46
846 1831 385.53
332 9763 548.76
745 371 673.76
499 649 478.78
182 3395 916.45
61 2158 570.07
57 9998 624.57
627 4338 517.32
923 1078 646.05
578 6147 137.34
823 2848 962.06
454 6076 725.26
433 2183 426.76
341 7913 728.62
793 6234 969.57
463 7468 890.24
986 9060 722.21
263 6177 814.98
925 5018 615.69
253 8165 6.81
326 3706 384.89
544 6595 979.82
462 1784 837.61
274 6836 434.12
486 6744 868.38
644 9180 912.54
971 7986 830.51
814 5152 620.67
432 1744 434.03
491 1057 508.39
425 8242 856.19
329 1895 174.19
103 3413 906.59
478 6205 493.84
378 5940 900.44
341 5493 117.08
85 8835 925.01
941 2034 29.60
310 3333 311.17
607 6464 399.35
229 1973 407.12
517 4522 354.43
82 5490 976.86
762 5129 885.10
122 4727 412.08
17 286 921.95
91 2248 730.17
752 3694 265.31
288 4500 275.87
753 2491 544.27
104 5561 782.36
152 6579 804.71
516 5115 203.24
451 374 98.96
276 450 975.38
478 2735 731.45
131 9864 212.84
484 7973 380.99
26 8706 22.10
200 8021 668.01
390 3027 473.72
139 9902 613.07
303 4184 528.89
495 6024 127.34
876 3053 839.91
560 3613 212.08
486 8746 34.97
457 8338 855.63
188 8566 704.90
372 7434 478.75
71 7894 42.79
522 3479 786.64
520 465 687.75
388 2678 609.69
931 851 357.25
344 273 833.11
492 5907 274.55
476 697 948.01
977 1520 149.73
892 7180 762.20
338 8294 176.96
352 452 379.77
720 844 354.87
141 5200 804.45
440 3526 5.78
92 8595 704.98
593 1949 583.19
720 8284 761.72
872 7401 455.71
709 2264 900.96
343 5511 304.00
547 3836 532.90
993 758 559.45
110 1295 626.59
176 6693 739.22
846 2275 464.02
784 8536 149.37
109 8994 203.40
236 3624 279.72
616 7806 713.96
245 7787 159.96
647 9233 84.50
648 8687 8.49
33 9945 3.73
744 9345 939.87
825 7249 571.71
639 2891 905.90
851 4051 741.25
56 3198 600.99
920 3013 913.14
841 7943 75.48
727 2818 714.91
335 6036 172.67
346 7436 731.15
207 5857 273.17
325 5941 902.97
12 3136 223.40
993 9945 579.26
121 2867 714.63
801 3737 492.86
810 4148 7.24
186 1609 221.56
794 192 966.67
94 5576 437.17
800 5884 74.47
689 5685 499.98
372 7200 747.88
201 3913 206.24
405 3133 633.01
40 7117 475.29
478 5565 661.42
371 7940 142.54
923 8267 458.05
210 9897 829.23
884 457 479.35
133 6181 891.50
485 1445 412.09
795 6353 68.36
304 4890 711.29
506 7038 946.60
405 7632 118.22
775 8534 498.90
640 4902 7.18
414 1042 442.48
627 4101 829.19
242 3456 435.08
84 3268 483.69
157 3008 744.89
653 4103 735.58
904 4739 364.51
811 8837 68.06
252 9930 950.09
514 6730 174.75
227 4028 488.91
785 610 257.50
315 7866 566.84
466 1535 385.86
758 5248 140.31
953 8302 494.68
458 6291 75.24
893 82 153.32
615 382 967.09
229 2967 905.16
357 612 992.24
34 1110 914.02
248 3620 331.43
306 3787 161.87
417 9763 216.49
156 7456 160.26
324 723 968.28
558 7817 541.93
484 8690 234.59
503 2440 177.78
840 5189 809.55
888 4725 27.68
520 3684 992.89
976 459 203.33
628 3596 121.02
689 9771 445.34
236 1098 853.03
318 6261 67.18
384 3132 254.68
841 3589 332.57
385 8029 550.81
657 8876 754.71
982 6502 557.75
546 8794 937.87
58 6635 750.81
22 300 514.29
327 2396 673.23
438 6055 776.48
505 7996 499.75
184 3025 569.74
170 136 858.46
973 5594 730.12
950 7879 123.81
215 7473 331.02
450 521 972.80
272 777 175.22
987 8276 503.82
652 4710 112.27
66 9147 187.75
559 8364 674.11
616 937 402.53
952 3339 344.20
63 3155 792.95
215 8991 578.18
197 6545 879.23
476 3385 765.59
416 8076 497.34
984 4438 402.07
453 4617 421.01
370 3579 439.00
468 3692 177.75
186 6645 832.78
888 4823 664.68
939 3996 518.11
835 3018 971.03
935 5077 149.94
805 1721 976.23
460 3564 190.02
110 6032 686.70
528 1811 690.23
485 6721 223.13
30 3471 919.39
253 8646 380.50
431 4371 651.19
628 9448 772.82
268 6879 239.81
66 4802 256.82
633 1561 419.04
918 1591 902.38
12 9482 705.97
286 7098 306.51
282 5275 484.38
269 1569 880.73
93 9908 545.80
917 5777 463.89
8 1678 970.91
627 1244 399.41
420 3162 812.90
757 897 740.51
613 4037 125.55
562 4154 803.27
230 8916 783.46
352 2814 315.51
378 2565 392.64
631 6287 930.75
361 3049 330.68
75 3385 422.75
562 2725 80.60
179 372 194.11
504 4354 97.97
861 6080 398.52
829 5232 134.68
422 418 574.64
638 5862 798.35
176 8553 956.84
179 4935 22.92
136 7568 750.12
226 3407 240.47
152 3625 859.66
102 9845 685.43
434 5163 610.69
298 2481 511.98
252 1891 27.12
837 257 165.33
908 2443 475.95
971 7142 67.27
555 7660 231.04
932 7591 843.99
901 7799 14.72
332 9401 607.33
439 1263 101.70
533 5260 218.73
520 6268 477.76
344 4617 761.28
408 1516 27.18
508 760 652.55
286 9394 844.59
707 7994 98.96
522 8376 970.39
420 6884 776.27
974 4545 676.75
530 8251 17.81
51 4595 178.58
596 5998 107.80
469 233 831.55
94 5252 248.11
98 8074 756.53
352 7183 614.00
107 4315 401.14
972 2634 839.26
869 9445 470.74
218 8780 2.54
325 1387 299.79
318 9188 492.88
950 8235 151.19
815 7369 957.46
68 10 120.12
464 1257 576.65
597 6793 53.76
608 5941 909.43
458 1138 295.05
867 4139 468.88
745 1882 268.13
804 7323 390.99
849 7740 746.22
789 4840 867.81
117 1918 241.92
432 2205 398.84
723 7988 254.27
217 8005 260.48
545 5976 125.49
734 4004 340.92
930 9279 478.14
676 6955 954.82
914 1818 496.76
6 6635 95.39
292 5288 509.77
211 2466 257.94
682 1770 814.23
569 1190 875.12
475 3460 388.61
211 5193 133.99
780 4019 123.69
693 3981 832.80
148 8327 687.57
727 303 965.19
475 9078 801.14
728 9286 337.14
836 609 886.24
755 8776 317.51
371 7250 705.30
214 276 801.12
806 9489 434.78
5 9900 645.65
582 8089 569.17
941 9541 938.70
405 8812 754.52
195 5488 136.96
942 298 801.82
533 563 762.99
360 3676 831.30
736 7946 421.06
26 6817 709.35
830 1965 358.02
344 6958 641.62
809 6832 653.20
757 20 826.55
775 5842 555.65
100 8474 110.78
891 727 930.91
781 5756 997.16
969 6227 303.28
917 5705 11.37
365 6043 346.33
286 1401 532.87
962 9954 757.39
208 2783 22.13
355 5575 456.23
513 6059 774.54
942 144 991.02
657 457 850.37
993 1729 120.04
163 9115 604.61
566 1901 217.18
945 7261 390.79
710 7759 984.26
880 7049 443.76
429 5014 247.12
875 8008 346.72
15 2273 77.44
520 5347 702.70
572 8653 825.01
703 6591 40.17
217 8531 522.58
114 4474 404.90
684 9876 573.56
473 2236 22.86
120 9707 691.87
568 2135 127.41
459 740 366.34
513 7016 15.13
431 5888 361.08
721 3208 841.41
477 7408 172.50
916 9870 224.28
887 2695 46.61
971 6421 951.61
333 1679 508.59
526 3169 8.99
899 616 698.76
660 3872 456.90
632 9055 828.42
82 9222 479.77
990 3596 551.40
463 4801 18.83
401 4864 249.63
421 7026 910.51
969 4973 160.40
546 4470 279.75
175 1266 2.31
878 7825 482.83
638 1912 911.61
885 7759 52.26
13 9085 693.62
847 4460 648.64
513 6042 609.10
59 9252 754.04
55 8202 110.95
490 1376 767.41
452 3881 137.88
117 6718 187.94
492 1437 888.59
281 4011 630.20
985 177 51.12
683 4313 421.83
534 3008 339.24
511 4975 811.93
317 5900 126.64
612 3632 651.69
999 902 12.35
89 4365 548.57
831 2362 948.06
956 5104 940.73
490 7497 410.38
549 954 730.59
450 9254 928.87
191 794 221.38
785 4884 281.12
594 6780 954.09
163 9253 900.13
739 5635 322.24
908 5321 696.54
876 8330 597.39
235 7279 592.94
908 1487 915.68
745 4204 559.51
638 6743 976.69
263 5269 402.60
618 718 510.62
757 484 854.11
422 7081 432.59
278 9100 438.30
35 4923 735.65
685 8333 928.61
623 4914 64.78
768 9841 603.53
585 3135 973.89
25 7054 660.06
83 1719 47.50
134 4894 927.01
363 5534 694.94
967 880 729.44
457 119 959.04
184 9046 24.08
536 464 730.91
223 7860 185.50
785 933 523.93
317 112 970.67
316 7431 739.62
168 6558 979.61
526 6339 38.17
865 7153 30.93
368 8775 179.05
318 4752 231.38
144 1525 243.52
468 291 178.18
345 5323 834.80
427 984 583.64
730 9342 774.65
106 5783 713.18
833 9651 694.67
983 973 292.72
196 4271 349.49
746 2881 650.12
999 2257 818.50
846 2439 256.58
672 6095 671.05
357 3167 41.38
276 1259 656.48
714 1331 800.67
902 9155 9.85
978 3086 950.95
512 8144 488.70
724 7100 115.46
565 7218 608.77
403 6551 208.55
979 3457 999.05
477 8243 927.37
193 6725 794.22
8 6902 696.57
504 2028 21.52
427 9526 256.63
924 2332 90.66
595 8134 202.74
170 3309 80.96
282 199 159.09
483 3041 998.98
332 7149 902.83
21 3504 674.42
236 4030 190.32
651 1614 725.81
457 6010 864.15
516 6349 712.35
47 1569 834.53
7 265 968.08
23 8647 523.92
522 4419 91.02
239 5551 256.24
3 4499 317.89
504 8200 143.07
387 9902 919.40
454 8606 196.27
427 7220 536.05
787 5717 458.63
84 5600 162.02
828 4095 720.64
457 4880 93.80
137 8779 288.94
457 1011 40.15
108 7479 235.43
357 2164 647.07
201 7200 734.70
931 3976 149.20
344 5802 130.55
192 2575 778.56
206 704 918.78
445 9063 262.96
678 4163 263.35
116 2363 937.81
448 4354 1.26
583 209 388.35
989 845 291.42
778 8020 161.98
4 4779 388.57
87 7996 623.64
189 4400 599.23
351 1569 828.68
274 9921 755.17
258 5793 153.90
538 7078 439.62
657 6471 12.04
243 2883 100.77
595 5098 915.87
27 8286 202.63
556 1491 564.94
847 3990 796.53
713 7237 850.11
804 3687 754.90
887 6443 205.26
517 2210 13.47
575 6556 372.35
554 6654 573.88
55 2576 764.63
814 7577 548.85
611 5228 829.20
603 2251 123.76
980 8583 215.80
254 595 895.54
658 4509 86.49
981 3810 293.57
225 9989 825.01
988 7214 538.42
147 712 107.78
142 3078 790.23
2 9987 797.45
928 6137 694.92
487 6638 922.53
345 9423 331.38
567 6170 323.15
181 9109 854.43
205 7528 569.04
199 8821 103.37
565 9258 586.80
939 4674 68.39
315 9930 444.93
508 4418 920.40
224 2206 808.04
913 24 384.35
37 6731 672.37
41 3900 249.73
880 6235 956.91
416 7627 141.35
878 3833 958.76
694 8452 182.89
555 5131 653.23
401 4945 391.88
531 502 524.09
28 4308 516.91
35 3415 37.66
718 3250 202.56
697 6045 637.51
134 7023 979.01
211 4110 216.20
85 7734 547.74
41 4220 839.09
627 1427 325.46
153 2243 216.35
926 5999 298.96
308 6565 636.27
793 5462 599.89
247 9709 254.91
500 8015 174.32
241 328 687.44
432 3496 650.32
294 3847 19.23
502 6028 364.52
764 1036 26.42
637 4138 797.76
807 606 601.98
209 2298 101.05
918 2549 667.71
232 928 70.75
813 5814 504.63
750 8813 56.43
592 8076 667.26
429 2609 775.75
958 7612 222.61
698 5939 43.30
791 5642 303.13
710 1180 135.67
780 7998 797.89
443 7322 831.31
751 9084 990.16
2 1922 584.10
791 8949 687.70
605 451 379.24
269 8536 112.25
516 8894 638.23
410 1643 173.36
11 5326 952.64
871 4340 199.35
621 4291 268.03
910 7024 7.21
4 132 884.58
463 7070 870.50
165 1845 360.89
348 741 912.64
207 5107 200.66
476 5483 746.82
805 1510 338.45
868 4363 864.65
545 5947 533.54
771 9135 937.12
50 7620 582.70
352 396 85.38
49 3112 826.07
23 541 734.70
443 1913 550.77
329 9 896.99
945 9929 348.98
662 224 852.69
328 7420 349.07
60 7337 178.79
761 5485 567.75
426 3104 304.63
475 3330 107.97
477 5797 445.92
392 3325 498.74
678 5860 462.13
327 7587 251.84
458 1686 362.80
960 7718 485.28
419 8106 212.30
244 154 681.24
540 6262 909.67
978 7115 347.73
549 2845 224.76
71 4342 470.17
218 1581 311.53
237 9394 691.14
594 9188 884.25
492 4281 144.58
292 9668 501.90
600 2461 393.29
78 341 568.86
376 3637 432.08
633 554 365.91
939 8569 667.47
271 5122 363.69
903 6067 105.78
956 2459 859.57
271 9824 782.78
487 8824 221.05
696 4560 570.32
916 4433 105.41
995 4088 27.75
587 9794 291.40
829 2832 289.69
219 2736 158.80
938 422 991.47
836 9022 375.30
950 273 964.12
959 3034 919.11
141 3006 2.12
139 6728 361.91
482 6998 407.74
187 7758 247.53
998 7166 156.98
352 710 598.54
518 1676 812.25
966 2621 361.91
884 4687 993.44
775 4813 235.52
990 7147 286.87
540 9414 362.72
149 3802 721.03
946 2358 761.00
273 4829 566.30
829 7864 180.76
519 2473 456.64
497 8706 815.96
225 8517 886.78
33 1327 217.44
552 2229 250.22
365 6231 50.80
256 8769 815.08
116 7713 579.01
655 8850 280.80
22 6104 872.45
959 2169 5.63
520 3549 357.49
643 9182 887.90
648 3108 351.08
627 1683 137.59
532 5988 479.60
314 7553 778.90
964 796 897.17
840 1871 763.96
516 7605 262.41
58 8044 161.50
330 4853 114.03
177 4935 347.60
879 245 571.55
755 158 738.49
349 7188 631.81
287 4176 823.19
477 1710 975.32
450 809 777.73
925 4109 995.93
127 3877 153.46
633 6736 108.58
315 4040 359.06
820 6845 618.31
680 9195 827.37
363 1351 682.57
250 713 773.11
173 2990 391.15
170 481 204.55
498 5973 701.87
893 3534 377.33
49 6559 383.51
450 367 792.62
306 576 418.51
289 6661 319.64
804 3775 643.32
110 2594 860.41
749 894 624.12
544 3114 113.40
512 5465 16.99
57 1708 208.30
647 2546 64.77
906 9830 104.37
246 2045 234.26
907 8833 340.90
976 8074 49.49
645 5559 425.65
420 5830 158.23
641 4025 821.23
793 6814 977.26
613 3057 773.50
6 3470 771.52
571 5065 172.55
739 8384 705.11
665 4781 536.52
969 3099 420.03
426 5640 393.33
45 5383 523.50
338 4437 376.23
849 8997 317.80
62 1893 338.09
912 9240 587.73
36 6042 562.01
970 3321 364.48
237 8603 149.03
740 1707 46.03
626 8413 344.94
676 2155 869.55
2 7105 421.70
108 4560 179.82
719 7596 745.39
809 9873 658.49
774 1987 817.33
264 852 283.73
520 3114 832.84
342 3271 952.36
176 1780 291.45
35 1549 159.55
810 1841 946.54
666 7688 573.11
976 9102 283.52
243 5349 608.23
614 37 217.57
708 1449 294.38
341 5599 371.05
456 1382 720.30
550 3897 191.35
194 2016 819.82
547 1994 678.65
751 5092 651.89
456 4203 935.33
907 3739 452.09
252 9890 224.42
72 2690 814.81
24 8353 152.93
617 5818 248.57
415 1672 912.57
118 1055 114.35
729 2347 175.11
256 7804 173.77
196 4316 73.79
941 225 381.48
846 3952 555.76
949 9772 563.65
538 4964 218.39
300 1001 543.25
298 5441 426.93
881 9287 877.67
195 2965 330.44
229 37 216.92
816 9715 384.87
471 7783 121.40
358 5261 439.69
217 9424 72.97
591 9310 808.89
554 1757 937.29
798 7341 240.97
357 533 397.70
42 221 870.92
584 7078 47.46
812 1476 782.45
879 626 317.09
24 2499 787.44
259 7797 457.59
797 2961 447.23
297 6993 814.00
875 7247 165.71
192 9822 553.22
873 1501 590.02
232 1140 14.76
831 5380 967.34
245 6905 103.29
475 7171 792.88
777 2571 288.78
725 1766 40.05
525 3607 739.70
261 9360 234.65
507 7159 560.45
483 1137 227.28
800 6859 741.24
763 4691 135.58
228 6482 937.59
452 7253 143.09
790 2463 183.42
259 2726 495.17
374 2583 24.42
364 4464 46.97
917 4335 560.61
28 6193 112.07
897 2312 436.71
84 2046 460.45
182 955 822.28
790 5853 148.62
798 2782 472.20
684 3551 506.54
74 9742 474.24
706 6832 219.74
876 3938 774.83
805 8074 288.96
978 1470 509.97
193 8141 465.13
825 1524 661.77
226 3894 69.17
120 3686 28.11
570 120 761.37
572 6013 392.47
456 9806 177.02
476 6608 361.24
679 4793 960.95
857 960 268.14
858 2196 80.47
407 3641 288.15
427 3283 857.05
669 6127 347.44
746 2748 842.44
462 6329 815.58
296 2040 928.01
954 7431 430.64
723 6362 181.65
305 9069 622.36
67 8233 362.44
162 3649 764.51
952 4940 885.77
874 225 590.44
998 5003 514.83
731 4495 656.87
977 4042 403.57
855 2683 581.80
321 244 213.94
573 7242 35.96
513 9164 779.76
29 171 261.74
562 7106 372.27
237 540 560.76
217 8446 884.65
298 862 15.82
519 8589 519.70
608 6458 993.55
535 4361 200.66
903 1986 557.48
528 8595 435.35
134 4529 597.52
241 9964 123.57
741 7926 106.79
591 3678 738.17
690 9688 918.04
875 5120 553.70
560 8116 873.87
729 8656 569.56
845 5757 735.17
285 277 472.52
282 1166 976.36
509 6685 110.89
138 4814 904.81
55 7871 211.95
263 5397 465.97
23 1626 48.06
897 4264 739.68
320 1368 653.11
184 3084 832.71
538 9391 851.03
571 1979 380.50
959 9371 614.43
407 8839 321.81
984 5838 687.92
993 1340 131.74
508 8473 585.01
917 8257 602.73
729 5236 340.42
456 3847 997.39
848 5042 792.76
112 4969 688.50
931 3051 232.63
486 266 989.19
563 3130 461.85
927 9589 191.98
381 4532 265.34
889 1798 857.88
524 6767 741.30
893 2607 209.11
667 14 879.99
370 6202 475.34
282 4407 821.11
143 1010 483.58
535 8180 748.97
422 1624 984.51
897 5726 327.96
312 3990 442.87
516 6850 968.74
162 2225 937.33
886 2791 544.47
18 9008 188.55
840 454 981.09
171 2973 607.40
770 6121 669.34
356 5533 55.73
624 8755 535.69
385 8589 11.57
376 844 873.22
647 466 352.79
864 5444 115.79
975 4822 167.86
121 130 413.63
132 3584 211.67
301 9452 236.58
166 7231 687.69
880 1388 531.58
822 5913 17.76
510 9341 263.45
963 4082 915.26
62 6811 205.46
411 6732 419.27
66 2973 951.46
213 1770 751.59
994 409 898.97
68 4112 804.48
939 2803 736.54
764 9257 245.57
807 9899 801.22
907 10 466.76
625 2042 521.03
833 8500 732.88
19 6090 775.01
747 5166 759.81
536 9947 941.02
877 4517 807.60
398 313 170.44
735 717 810.71
589 9101 218.98
248 4103 637.56
646 9645 953.22
147 3592 98.38
221 3519 359.11
690 6240 282.61
845 708 628.09
480 3014 235.94
412 7055 31.55
676 2510 632.40
928 5312 362.94
258 9158 527.10
321 3760 986.72
936 6035 164.61
290 2854 114.05
227 4281 922.69
237 5929 92.86
181 4824 393.41
981 3769 741.87
652 719 441.07
93 7834 649.40
372 8254 847.86
437 9808 664.85
196 3951 973.08
572 848 738.76
626 934 905.67
491 1614 445.93
195 9748 747.91
25 7396 353.94
240 4924 657.22
775 5844 596.82
437 6833 938.92
141 6714 561.35
510 9661 274.31
582 4553 784.64
695 9696 701.91
582 9302 141.49
906 6097 941.86
297 5184 41.68
317 4325 82.00
896 6191 641.18
54 3643 38.06
966 5588 27.14
94 7017 383.29
129 7631 596.50
299 2812 210.64
200 3608 370.28
847 8242 274.19
940 8119 791.81
278 9968 192.36
571 4947 497.18
707 2317 647.11
695 6636 955.20
818 6356 472.16
15 2207 225.15
403 2494 803.53
59 922 83.07
128 697 372.87
316 9194 764.92
985 6780 376.80
496 4047 833.24
792 3619 92.22
85 1695 95.36
391 9176 371.96
771 7387 312.64
558 3825 198.50
177 4740 458.04
795 8417 546.16
64 7226 635.45
318 2859 193.82
630 346 233.96
152 9112 776.50
641 7576 215.42
30 6322 790.21
260 4310 148.86
947 8311 212.21
576 7648 68.86
81 1828 716.27
220 2481 907.90
246 5161 332.37
991 6619 331.12
35 2870 194.46
345 6633 362.87
618 6108 978.44
768 7776 414.02
698 4751 922.01
139 351 670.79
300 7942 65.91
585 7782 274.18
254 5911 507.12
827 1283 138.98
767 1201 943.73
804 2838 793.36
253 521 830.13
929 7658 661.14
195 6507 271.32
384 5755 989.48
682 2371 271.33
709 3587 226.82
702 6922 509.21
814 8284 528.07
152 9316 338.03
672 9789 432.53
854 3263 617.59
164 6608 591.17
321 4647 939.76
101 8727 784.50
328 6151 282.12
88 1182 626.67
368 1841 889.70
748 2809 12.34
788 2936 242.53
668 3902 654.52
18 5815 951.14
399 2822 605.48
398 5320 667.08
227 9452 561.21
451 4846 712.07
955 7176 706.78
879 6630 512.68
566 6639 620.09
32 3492 606.76
396 1339 391.74
30 7930 276.43
37 7681 256.23
703 7794 847.36
684 8068 450.45
422 5245 377.96
369 1965 652.65
618 6513 83.71
878 1848 50.66
194 5912 44.64
420 3846 773.03
833 2002 407.40
839 5245 858.77
876 1258 809.70
635 9213 288.88
220 8879 109.25
352 3714 790.05
107 104 821.19
214 4715 441.95
719 4064 856.91
395 1449 394.86
800 6314 557.07
584 920 936.65
132 1768 531.55
838 8426 764.12
986 4892 730.33
4 8311 506.93
229 6535 416.23
445 7450 949.70
668 9821 681.80
341 2056 440.36
552 2491 457.57
592 2293 264.18
220 6590 892.70
164 661 961.19
200 2179 117.37
529 7812 281.91
424 6072 872.29
216 329 269.46
277 9334 322.01
679 1181 52.00
350 3931 271.38
556 1198 209.67
537 2531 600.20
980 1470 175.43
89 6238 297.65
627 6625 494.78
421 1024 429.79
806 7637 311.26
397 6999 244.66
82 4072 945.86
234 4126 42.46
881 4053 238.69
209 9728 349.00
862 3006 218.96
658 2048 529.13
314 210 950.85
318 8048 112.23
156 8027 768.90
56 2522 809.38
676 8661 167.17
685 9394 683.57
122 456 903.07
620 7905 298.98
890 9459 818.89
662 3910 833.36
739 7830 15.11
525 3354 785.58
453 1787 291.63
3 6141 440.83
54 7668 107.97
900 9642 697.51
353 6562 404.06
640 1465 956.17
158 124 615.41
525 5090 623.58
623 4277 327.77
265 8543 583.96
245 4288 302.15
181 5482 474.06
650 6371 634.63
738 9692 824.12
66 5470 946.70
471 1555 989.20
654 2187 71.45
606 2832 166.14
242 3848 321.65
336 9937 284.39
80 9156 918.27
955 4010 203.10
763 5893 110.09
976 7859 388.65
406 6722 164.81
372 223 907.87
185 4563 647.83
508 8663 51.33
591 648 227.70
73 8307 923.64
732 4585 938.10
394 6259 997.67
141 9483 720.76
149 9227 769.63
689 4797 855.42
615 4755 640.53
248 8491 171.89
399 1742 975.31
192 9953 993.45
260 5239 78.20
286 2098 83.14
868 7070 852.66
267 4627 13.46
136 8845 292.08
720 2710 430.13
779 9873 487.94
27 9359 417.69
228 1832 811.38
749 66 575.49
777 2650 857.82
503 302 61.57
743 2035 742.12
227 6288 676.21
825 2706 917.44
288 8170 906.33
194 7642 33.22
233 6582 896.31
383 8623 683.49
275 4248 778.89
826 1243 133.77
234 9668 775.09
682 2674 744.76
243 9407 902.24
700 7799 743.56
217 5532 312.34
542 469 657.99
999 2821 327.80
777 9651 395.90
890 1786 194.78
862 6323 49.28
318 2753 272.39
489 661 611.35
887 6329 161.47
728 9634 37.35
702 9466 106.75
638 5528 819.79
680 8979 271.75
786 1365 962.24
821 4643 837.86
769 241 392.68
311 3081 833.02
522 8148 156.20
256 5157 190.99
599 1312 663.82
631 3360 124.31
824 8306 719.80
283 2623 574.43
53 399 158.83
824 7696 431.84
574 258 761.31
405 5775 68.23
434 6213 32.35
329 8301 282.28
817 4549 862.48
508 5819 656.35
762 7377 188.21
444 9446 490.68
189 1394 750.43
968 9682 697.64
922 3773 768.45
478 1600 189.00
628 60 843.93
25 7396 958.89
898 2500 209.39
647 2622 655.24
741 7818 359.59
401 2865 726.93
888 3632 115.84
240 4732 232.99
509 6782 687.95
51 4208 944.56
205 7706 896.58
892 8636 797.01
221 2387 223.51
307 9974 712.60
131 4029 513.18
991 7167 999.39
514 2861 744.72
772 6418 792.81
362 8901 276.06
319 2043 785.18
571 4395 102.07
282 4034 742.50
167 2200 61.14
220 9448 991.36
693 3043 171.72
311 9195 277.53
359 434 725.95
655 1408 1.42
652 5643 672.24
832 3067 97.68
448 8469 850.51
563 5279 333.50
696 9670 798.38
36 5951 77.64
635 3862 712.84
982 246 788.16
445 1686 567.09
812 8008 286.71
752 3223 283.23
18 1786 130.20
556 5173 49.19
317 2336 965.00
626 7976 550.72
250 4075 134.24
175 174 294.52
651 8851 427.00
634 5201 833.74
227 490 884.81
54 386 960.12
189 7352 592.63
424 3648 82.30
850 2954 349.15
927 1458 611.18
806 1058 203.45
260 3030 259.43
175 8821 983.78
101 8352 385.59
476 8900 378.10
416 7157 963.40
39 1675 712.79
432 2327 38.52
999 530 266.31
245 9372 785.18
288 2057 172.43
390 9856 130.34
5 4904 613.44
568 5793 719.59
317 4602 451.44
558 4698 375.59
410 3817 845.56
308 6742 980.41
471 6853 127.22
670 7935 793.89
990 3025 667.67
715 4903 184.43
672 4697 906.06
379 5004 555.04
588 1774 123.81
133 7897 519.81
602 6252 655.84
158 8560 33.57
120 9584 665.30
872 1885 582.54
742 1511 884.12
865 7059 347.38
321 3586 129.09
207 5428 319.33
121 94 474.48
918 2716 620.52
789 1068 906.89
602 6478 501.97
240 7747 10.58
684 7647 689.66
120 8312 166.91
521 8209 464.90
618 2247 262.84
59 8823 619.15
850 5313 607.87
111 1882 618.48
849 5958 448.19
223 4602 647.17
852 8214 426.67
595 2048 2.84
776 8018 353.12
970 7417 516.13
31 8553 71.25
173 1859 443.10
681 5988 166.53
79 1848 643.61
534 3075 175.58
651 4392 340.22
164 4478 684.24
839 3070 820.36
790 8750 200.32
940 929 569.32
645 3992 821.74
227 9581 552.33
678 7553 126.16
969 441 399.41
662 5133 756.69
215 5590 795.75
204 1238 413.23
540 5213 620.85
134 9730 301.28
987 7654 529.00
627 1489 163.77
451 8189 723.32
262 5943 988.52
234 7347 49.76
456 2743 740.96
877 2848 88.85
9 287 909.55
537 9147 778.94
620 5773 679.93
840 3133 741.24
26 2850 899.29
142 292 626.14
579 7324 265.21
459 6700 961.70
404 6434 930.89
687 1812 727.38
151 2523 111.51
217 4872 758.17
277 5606 260.45
120 3433 241.36
242 5805 887.69
717 9955 124.47
909 5728 824.41
113 3033 192.80
539 6258 373.55
794 9276 685.27
203 8611 705.66
866 3002 116.36
610 7652 863.29
664 841 811.28
592 7530 206.79
222 6775 861.49
151 3975 753.15
84 3777 216.36
968 1894 878.20
259 4953 252.44
978 8670 934.68
970 4049 231.68
962 3887 623.44
633 4283 748.04
724 2385 123.89
118 4482 921.22
932 153 176.62
891 8846 926.72
818 826 503.34
367 4682 451.92
241 1813 67.53
696 4957 533.54
80 9114 463.66
860 5507 389.61
36 7150 832.61
5 8486 128.06
301 5594 223.55
265 7364 282.94
909 5868 745.31
912 8092 569.13
262 7033 924.42
122 6067 98.56
96 992 83.60
983 3400 738.59
254 4540 337.01
483 5624 738.17
135 6305 854.60
72 8777 347.38
342 244 663.49
558 2795 349.97
216 8757 517.48
768 8812 498.21
625 9181 821.40
304 2280 323.85
978 1511 222.64
990 1841 315.75
944 1122 232.31
94 5778 302.29
575 4438 859.31
448 5520 972.10
864 3429 999.62
672 2584 80.85
352 6543 753.01
529 1536 147.27
904 5201 4.91
921 9024 555.35
32 8959 35.46
53 1593 415.14
913 9139 169.52
495 3431 214.54
265 6191 578.13
799 2787 356.43
585 9578 711.80
226 488 701.11
354 5281 939.00
718 9308 367.26
371 9997 119.82
183 161 509.32
933 9791 544.67
256 9612 576.45
703 947 826.04
47 9841 939.64
122 3490 908.66
399 7338 660.42
434 2534 208.24
25 516 665.27
25 9458 207.96
620 4506 900.49
447 7766 386.11
858 7805 495.49
374 4409 68.07
278 9975 740.98
391 1178 498.67
833 4531 855.65
920 2885 784.36
478 5352 890.37
216 5545 267.00
903 4850 862.77
161 5036 897.13
297 6212 680.76
280 4694 444.20
555 2108 144.47
389 428 358.45
46 6520 565.49
294 3007 439.84
50 1214 288.11
718 8697 290.61
528 684 987.22
172 6884 649.77
123 8073 911.51
117 6452 512.80
890 1335 269.29
255 3303 112.54
735 2715 106.02
996 2423 705.74
944 6975 787.41
460 794 884.72
874 9695 457.84
970 5337 505.98
635 6052 725.17
152 3930 931.94
509 333 364.91
595 3810 454.91
714 1919 634.59
869 6528 948.26
49 8505 21.34
416 7783 682.64
279 6970 372.74
450 5973 25.73
917 6957 175.39
434 4832 949.02
611 9313 667.37
728 3879 782.24
472 4431 557.59
475 1568 93.50
551 5261 265.33
908 1882 278.10
334 3322 305.27
456 5998 223.18
685 6142 558.89
356 5943 222.12
341 6500 505.89
480 5355 323.07
9 323 85.02
62 5753 92.66
330 7674 593.30
471 8806 238.43
147 1265 758.56
642 5113 549.09
440 8941 322.65
299 1229 958.85
204 4817 731.72
268 4881 534.92
229 5324 352.40
375 9169 103.46
929 2475 350.13
638 5975 38.43
313 4843 497.24
759 6986 20.08
383 806 564.21
186 8389 585.72
318 3754 376.82
849 1763 571.08
95 6973 317.67
133 3314 737.72
809 4436 514.50
95 6085 22.07
214 4770 495.10
770 4535 898.51
146 2487 591.93
40 837 881.24
155 2411 759.68
192 5126 908.30
13 6562 180.32
586 7041 260.69
569 7763 625.60
34 9179 74.54
57 3190 668.01
693 9681 413.70
718 9800 654.43
74 2428 888.38
567 1680 180.10
53 4737 163.18
478 4093 648.37
996 5327 64.12
645 2339 979.02
954 7368 962.19
666 493 719.17
102 1144 184.85
586 803 383.95
919 9087 649.60
613 3908 740.62
326 4200 960.84
52 9017 168.16
803 3283 399.01
695 9490 829.41
700 2210 373.19
952 5946 100.90
963 4863 397.05
157 9338 237.05
226 8939 734.15
224 7842 294.55
649 5101 822.91
527 6765 180.74
341 3619 952.37
392 180 471.17
100 1644 781.22
221 7037 269.91
853 8033 186.23
673 4142 154.04
130 7 847.27
643 2378 239.92
911 6408 455.30
472 8609 722.42
440 1450 291.44
697 1579 454.05
444 5238 744.33
363 3368 113.64
273 6233 995.88
557 2941 853.34
503 180 692.52
682 5779 111.08
959 9605 394.14
355 867 556.29
97 8241 567.20
346 6870 56.81
972 5424 884.70
282 4326 105.69
73 6587 609.03
779 6770 866.83
744 7859 542.16
619 4500 925.07
324 7920 11.07
111 1116 497.14
694 8209 650.73
742 8362 532.71
833 4327 180.99
847 8858 603.51
975 6259 58.39
872 6679 552.66
44 7209 237.50
116 6098 582.43
386 890 972.14
641 9267 170.82
276 9762 388.33
374 7026 241.06
456 288 449.53
891 8502 841.63
775 3282 369.29
516 1718 946.64
937 4354 238.53
409 9939 440.37
281 2282 353.39
631 7604 215.74
729 1659 206.76
384 3610 382.52
356 6481 451.56
699 5253 910.98
168 8748 786.20
370 8596 617.55
362 6259 693.93
932 5755 826.72
829 7206 912.88
803 8632 960.56
273 543 816.39
887 7452 593.55
315 8057 793.94
976 4851 679.21
174 9476 608.83
744 7749 704.85
692 4512 366.84
917 6634 653.77
791 2913 858.49
559 9453 15.24
647 4780 930.92
197 635 157.54
345 324 134.76
992 2669 617.70
340 7368 231.14
599 1794 755.15
176 3729 266.39
153 424 321.90
178 2721 643.52
144 5479 627.29
966 7155 500.16
81 9800 377.46
367 797 372.07
635 2620 197.41
335 7924 126.05
537 2590 179.21
68 6300 263.23
646 4002 174.27
537 3558 137.54
9 1724 888.41
370 2836 923.31
450 522 681.16
269 7511 792.62
685 5131 45.54
346 184 133.80
10 7923 578.29
110 1599 962.37
233 8414 956.73
848 5605 748.76
290 9470 149.02
403 6691 931.56
903 2957 45.04
906 3898 815.46
342 9968 361.45
205 1025 487.32
692 7112 915.07
334 4417 102.38
302 7854 291.57
220 5014 866.07
699 7725 993.12
864 1488 18.73
495 1463 226.19
719 8962 811.99
186 7711 619.30
660 5823 739.85
19 2809 63.52
219 5442 889.66
668 2191 861.63
147 5879 891.00
460 6300 208.43
363 750 693.50
472 2433 57.32
729 8750 852.95
563 7265 835.29
555 6871 88.14
816 9755 86.43
273 6202 223.46
654 870 339.01
718 2098 53.25
972 3802 935.27
428 5686 123.60
892 4777 951.74
756 102 788.40
925 7466 672.39
994 3324 364.24
567 1964 907.07
490 8044 944.84
570 8027 733.20
247 4020 845.98
464 6131 86.18
65 519 374.42
160 3625 584.38
1000 6461 856.27
765 1616 397.56
248 9912 38.48
438 8883 451.94
271 5489 870.47
319 6342 404.12
815 8011 489.72
151 6475 401.88
432 9535 455.96
505 5488 896.42
176 3713 912.76
266 834 819.15
330 6275 857.32
416 2797 175.73
320 7462 611.66
361 2135 171.84
923 9484 971.40
39 9317 361.43
247 2472 182.06
52 8763 553.07
87 5857 99.99
466 2980 172.94
434 8291 804.96
41 1385 617.96
184 860 443.79
148 4186 467.33
246 8924 525.36
67 520 805.45
845 1938 63.03
36 618 905.68
488 3361 681.57
381 4376 69.47
609 2365 164.57
93 8880 199.72
635 4355 800.51
589 1713 649.90
215 8537 79.77
852 227 855.29
600 2263 820.20
827 839 658.68
659 6485 82.88
707 3985 180.33
672 4035 175.32
546 1272 409.03
798 1430 711.27
311 4365 831.43
662 8247 951.63
704 6920 353.56
659 9217 226.64
425 971 573.41
620 3427 767.31
162 8219 144.13
368 4526 891.38
935 7930 965.28
476 1081 346.05
304 7021 257.06
375 7921 85.57
185 692 322.37
70 7474 929.03
9 3856 497.95
612 5369 199.95
358 1487 168.76
242 7880 484.06
429 5885 669.45
681 1493 671.69
3 8032 256.29
454 8695 845.74
870 5289 881.74
721 5148 715.55
232 2162 777.94
181 4922 874.73
548 1471 640.73
888 8093 845.37
748 2902 577.91
118 3130 279.72
320 822 23.79
230 1712 414.57
902 7380 171.77
956 1325 982.63
30 5079 971.43
729 9609 168.96
681 5497 679.31
417 7527 833.69
977 3054 262.17
544 3995 983.96
343 5979 737.04
760 5257 243.85
655 7364 941.11
527 2953 46.17
928 309 401.29
837 9301 907.47
829 9633 621.17
178 8133 136.60
791 6489 114.08
288 2399 927.78
989 4691 404.21
576 1033 388.99
984 6011 806.08
924 1165 704.91
745 6573 803.90
938 4977 291.08
75 5972 673.43
467 5761 407.98
345 4958 340.74
416 9313 438.57
987 6048 872.03
263 4131 639.58
670 1003 594.92
554 5401 816.02
548 6367 614.79
494 257 480.52
148 1390 843.91
644 4868 995.74
691 3680 737.61
274 9417 47.22
459 4338 44.63
420 3471 908.88
499 4225 920.20
614 8983 833.72
895 5647 140.92
789 9145 874.60
205 6610 614.15
396 1966 892.32
784 7535 251.01
297 8712 281.01
376 3684 367.31
307 1253 67.89
916 920 281.46
961 1533 378.40
256 278 965.94
644 8699 402.28
278 6766 837.39
1000 1457 360.39
460 8520 703.37
474 4609 681.04
893 5144 801.16
54 8069 790.52
482 8339 83.18
695 2022 602.99
94 3950 496.62
470 4630 865.78
568 710 392.99
635 5414 494.85
753 3513 96.57
964 5863 222.61
829 7898 999.33
733 2239 742.78
709 7866 963.95
231 29 578.91
23 9257 662.51
615 1290 548.51
494 5177 620.34
493 5047 200.99
208 4480 327.00
401 931 554.63
74 3172 424.42
271 4942 740.32
316 1775 866.44
914 4396 631.04
535 3679 385.47
804 7027 585.59
681 642 594.09
937 5612 491.68
849 6928 339.42
753 5606 400.65
877 4029 61.13
682 9085 788.40
569 9637 706.73
612 1889 986.42
832 6059 790.01
522 6319 961.42
93 4345 885.00
246 9631 882.65
225 3824 507.03
525 9755 732.52
435 2168 437.24
656 6213 292.13
158 4833 729.08
536 4775 114.33
17 1589 316.90
79 8851 840.60
243 7038 824.58
907 345 775.10
333 2222 507.33
937 3875 634.55
811 1705 288.14
305 667 919.76
973 3357 854.23
430 7235 506.36
799 2072 434.30
340 5132 37.62
107 8977 130.61
983 6628 274.60
219 2010 479.94
334 6588 936.60
683 8006 70.20
370 1568 710.88
905 880 737.66
625 8339 317.05
521 9784 326.71
264 7745 394.49
327 3625 131.67
77 9565 448.01
234 9106 540.46
582 7744 116.21
881 1596 470.70
16 4031 101.99
759 6536 956.34
674 2963 124.33
441 3402 569.70
313 1574 943.65
785 407 780.68
715 7406 278.83
36 7854 802.17
995 6809 281.49
570 7684 168.95
941 1412 78.03
380 2988 18.24
12 7374 241.96
326 84 408.88
574 7323 270.63
311 2858 322.24
488 804 542.12
685 8053 882.08
93 5359 946.80
439 9334 844.88
370 197 213.39
833 7387 117.91
308 8196 987.61
658 2086 10.33
16 5320 904.69
639 9322 241.62
926 4759 759.81
605 3961 389.51
666 1393 435.58
623 2686 42.39
510 2563 905.44
807 4942 691.40
260 1902 398.29
977 8424 958.04
724 2817 598.70
479 205 866.50
225 3962 168.40
515 1287 244.24
212 5472 868.66
77 5042 990.13
712 3984 751.22
234 1119 911.53
113 7004 815.53
425 3307 260.34
940 3507 171.36
58 2237 660.22
486 3987 775.68
629 7455 991.40
453 9595 442.63
932 7780 507.25
349 6750 820.12
287 6836 495.70
696 8123 970.24
524 683 474.88
353 3892 806.34
649 6916 343.21
628 607 759.93
5 6960 254.02
333 9509 785.43
662 1700 743.64
862 6677 296.24
597 2016 78.36
785 7455 789.88
38 6331 398.84
733 7697 816.13
208 1814 133.71
818 8917 865.20
781 5762 141.08
580 3460 803.04
803 5713 783.75
179 2342 141.27
614 6857 360.79
878 1918 928.06
290 9433 806.38
683 8485 87.03
824 3361 744.26
600 6596 544.07
862 5034 295.72
284 8954 967.90
47 1643 655.54
664 5379 230.07
412 5030 439.39
366 7802 742.92
674 4903 642.45
988 5874 23.77
181 9722 426.83
931 7968 225.63
279 1866 877.64
354 3484 584.46
935 149 853.29
281 2777 164.55
106 4321 379.29
100 7742 471.89
717 8588 248.21
331 1264 805.21
495 7186 370.31
591 7170 607.46
93 1447 224.07
66 1086 58.85
102 7618 700.41
338 6812 451.38
906 5019 942.41
104 6636 500.16
28 4053 260.78
829 1052 461.30
175 1145 778.39
571 2486 598.65
434 1210 378.13
485 84 169.05
187 5205 883.17
640 620 8.95
560 1853 422.45
947 4461 238.71
271 8648 650.97
391 9538 288.96
130 3385 346.42
4 2020 858.60
104 7183 471.81
139 1252 325.31
944 8290 411.20
509 6860 323.66
957 1483 387.51
651 997 266.46
536 7979 480.73
361 4162 72.31
970 8514 996.99
576 5572 29.88
716 2432 119.04
351 9507 621.89
106 8663 372.15
687 8473 796.81
416 4989 670.13
312 8454 503.89
640 4323 323.74
460 1061 680.69
933 5037 164.20
789 3961 469.95
313 5347 458.37
779 9779 283.79
356 2862 944.68
240 313 903.80
830 6477 723.86
231 6191 625.06
581 3724 936.05
978 3619 997.73
368 1564 495.25
671 3263 57.82
640 4441 135.59
206 6007 154.53
215 8861 510.11
698 5621 871.06
615 866 490.13
798 3685 730.60
426 5744 729.35
680 7715 184.05
20 7033 5.62
209 780 163.26
781 7937 274.01
226 5977 311.92
466 5299 883.01
482 9318 5.92
525 2824 10.22
819 2902 792.46
883 9080 893.80
296 5890 786.56
305 3223 706.81
513 1853 780.50
751 9652 839.38
511 4773 510.33
425 1685 153.34
654 7307 903.80
4 4997 70.74
123 7774 109.50
30 8037 785.49
306 9932 702.68
411 979 543.32
343 8444 974.98
393 6132 223.75
424 3124 203.33
489 4430 738.12
279 5941 994.50
438 640 928.43
898 4229 641.26
213 337 647.55
687 6341 835.31
951 1982 202.50
693 1679 979.72
902 4396 701.71
984 6070 675.77
497 8110 357.16
657 3344 155.37
874 9457 933.35
322 9873 12.28
774 4251 676.07
371 2798 929.97
400 130 523.63
40 7450 476.13
999 5618 544.12
835 2200 223.41
799 1646 531.21
574 5761 295.94
352 3352 81.68
505 1499 89.00
23 3937 459.83
48 1634 528.84
711 9691 309.05
802 6498 555.07
456 5305 606.46
323 9349 52.40
159 6023 208.00
810 5245 86.83
840 9201 276.25
141 7102 11.63
704 5414 756.38
898 9215 807.06
788 4760 952.73
368 9759 743.75
545 87 659.73
798 4946 944.55
992 393 309.70
877 3008 133.26
697 6971 686.95
216 3385 910.42
524 7997 676.67
399 7945 970.48
876 4546 828.12
910 9700 812.43
892 6919 142.88
680 1292 678.20
998 3732 86.94
695 4162 482.01
928 7957 307.28
7 3311 466.68
637 9600 492.51
789 5549 479.70
210 7387 606.24
140 9548 157.60
42 8252 581.78
421 1692 114.94
624 56 607.23
569 3512 540.16
860 744 211.19
72 5996 782.63
109 1799 391.48
171 9208 48.36
115 5229 247.98
318 651 618.76
293 8101 42.23
969 4592 127.56
256 5495 912.80
465 3387 118.41
306 638 597.34
72 731 6.17
266 5147 105.88
223 4029 140.61
560 3510 393.60
160 9846 768.81
547 3664 441.33
216 3696 537.92
879 9021 624.61
791 3280 847.17
318 8805 113.62
378 84 439.34
967 9372 569.59
5 2007 457.46
307 5448 376.16
669 1961 12.20
460 1077 229.67
85 6410 79.43
348 2843 691.34
317 9111 70.81
800 4764 302.29
883 1925 915.55
226 9654 522.99
573 4599 948.21
855 4871 222.23
355 4854 802.85
304 207 85.00
988 4338 724.21
59 8524 347.22
642 1340 218.85
917 1649 549.15
358 1831 14.20
172 2264 641.22
909 7342 328.17
120 405 540.00
578 4781 830.29
816 8783 756.50
548 2432 74.11
985 8241 812.36
124 478 887.60
814 675 905.44
233 5735 532.88
369 4541 682.95
730 3456 150.04
910 4671 614.34
702 8772 461.61
339 2026 719.41
903 4955 724.07
259 999 277.98
222 1244 716.23
272 4542 947.09
628 8474 162.08
810 4464 197.71
58 5401 396.16
74 9015 67.41
389 5465 101.45
656 4324 172.66
371 9879 172.07
780 4607 57.45
214 2267 731.29
849 1509 993.12
893 6033 12.71
574 6488 73.85
127 1744 716.19
415 8218 901.79
697 5295 827.15
23 6108 645.68
56 267 439.38
291 5976 458.96
14 1202 789.98
587 4933 86.47
239 6057 90.08
15 2429 164.13
97 8337 774.77
842 4770 858.89
729 941 82.36
438 9530 489.48
193 2254 1.13
541 9372 536.03
680 5031 692.73
970 1293 388.94
181 9 775.83
708 9963 535.39
691 6457 620.40
913 8335 33.55
892 5486 774.66
370 9144 278.28
996 6841 706.64
742 603 333.70
165 2770 457.96
809 1985 534.55
150 5945 988.02
700 4020 189.27
542 9098 117.47
950 7658 919.92
461 7596 175.72
650 6286 374.55
582 3330 876.26
447 5076 800.47
68 9139 282.91
922 7736 197.58
970 1282 97.68
358 5350 640.20
373 4371 614.35
144 5136 620.10
317 9181 439.80
299 2980 441.57
876 2107 777.18
284 4511 76.98
816 9136 393.53
925 4436 569.33
97 5153 305.56
794 4742 929.30
504 6365 930.59
503 7926 697.59
656 1540 387.64
767 4088 745.74
23 1897 264.36
987 5200 67.87
270 7841 317.38
871 4258 358.83
222 3434 797.25
312 6568 390.69
7 7986 145.58
898 4378 183.91
279 6433 442.22
577 1528 198.75
319 6259 306.28
647 2332 384.02
253 6121 336.26
684 2350 868.62
543 9999 500.53
992 1935 905.87
30 7685 749.17
33 4181 591.44
55 8380 327.15
165 2534 777.78
70 8203 700.51
723 5993 990.57
666 1548 799.84
523 158 144.39
363 8498 623.19
182 7643 569.85
887 7407 555.68
582 6983 254.67
554 8211 330.87
723 9443 711.53
736 370 422.09
234 5327 884.51
930 3352 173.74
548 3553 830.40
705 9950 821.30
771 9763 896.72
964 2075 624.31
561 4078 441.05
577 9522 395.62
207 8395 142.80
84 1341 179.75
502 3456 870.00
720 1183 293.48
147 7757 411.49
889 2116 604.50
173 6582 131.99
378 2090 11.11
674 3503 899.33
182 6350 396.43
497 8604 977.84
292 4306 790.69
587 9897 525.19
743 4733 25.99
423 9971 374.02
498 245 346.52
440 1697 962.53
235 5066 32.55
872 1483 596.42
927 7884 763.34
235 3085 147.45
923 6729 167.91
599 8648 744.20
388 384 205.33
893 7084 432.65
910 3822 434.34
125 9729 106.91
455 5517 862.43
43 1975 559.07
641 9925 933.65
908 6644 701.42
444 9046 634.74
165 7219 132.44
78 5415 45.33
332 4455 660.62
560 2491 541.76
912 6036 325.31
105 9386 634.19
688 7870 608.24
90 4353 232.02
343 6015 66.68
757 7758 185.98
679 474 682.19
414 4432 454.39
314 3438 660.46
89 5882 530.28
281 7236 651.71
495 5540 562.41
907 7617 552.07
174 5300 268.05
826 1672 73.69
831 8797 505.27
368 148 566.89
468 1198 754.92
641 8518 964.48
987 3429 860.99
604 2589 239.86
26 1518 165.94
492 8408 527.70
662 6483 328.68
935 9327 595.35
444 620 572.43
933 7918 61.74
247 523 64.91
221 1051 608.26
300 6643 702.68
551 1828 838.72
901 2335 369.13
350 4546 594.17
784 8863 945.93
123 6689 798.27
349 7011 773.81
956 4940 713.76
99 7108 308.29
18 3321 998.17
595 3842 360.49
275 2440 330.59
435 2368 128.94
687 6096 585.64
499 3994 243.23
445 7501 532.05
583 642 666.08
824 6737 735.85
985 9111 547.53
426 7283 968.85
16 9428 662.74
579 1774 995.59
30 8747 777.02
53 1929 220.03
467 9671 674.91
36 5132 858.15
915 1338 651.82
954 1127 395.76
358 7792 815.10
164 2844 485.21
983 355 403.09
957 3871 422.17
118 7235 62.72
155 521 717.97
184 5785 286.92
357 4716 390.83
60 4198 155.60
631 4194 845.51
873 7487 415.76
599 5635 859.68
749 6766 931.09
123 316 298.82
800 9821 919.83
491 8389 179.14
548 7455 544.82
381 5357 314.91
212 9944 688.38
188 1850 981.55
595 2461 846.44
814 3012 229.32
73 8888 823.14
876 5947 74.68
94 5978 818.46
680 2274 714.10
81 8532 205.98
390 7046 378.88
988 9570 877.50
757 569 680.42
238 4168 755.10
395 5268 430.32
43 9503 784.14
638 7255 889.75
666 125 514.27
704 4325 20.96
647 5385 146.22
461 2444 701.03
971 2828 834.96
125 9239 214.45
784 1647 723.22
191 4871 986.27
138 7902 595.56
986 1103 502.56
348 7847 76.57
850 9628 263.18
614 8850 524.00
941 8576 759.48
153 6828 52.86
204 9817 842.35
282 3579 123.80
801 46 523.28
463 1365 438.98
22 3108 339.69
711 3493 634.34
852 596 658.47
183 6753 589.52
973 6348 118.04
335 6485 444.01
259 2800 587.24
971 9845 445.48
25 9708 154.75
667 4941 91.64
966 1314 240.97
989 72 884.70
114 5733 910.72
850 9910 887.63
603 6950 995.12
771 5732 52.03
596 8364 471.81
127 1405 7.90
709 5581 486.66
286 9432 524.69
609 4335 303.72
215 3336 923.65
219 8879 153.69
361 6992 944.75
487 6267 965.87
733 3149 291.70
542 6343 681.60
694 231 329.75
541 6376 364.67
961 8096 97.85
631 5591 717.47
359 7944 185.52
506 9944 677.10
308 7995 163.09
76 9179 315.51
273 9977 844.62
348 7885 114.29
428 9688 859.91
614 3672 200.01
417 4172 912.44
635 7933 968.23
551 8560 965.52
936 4923 47.21
424 3671 859.36
342 5894 811.93
382 585 708.32
47 2653 765.47
348 9044 661.53
554 3110 408.13
699 5942 990.38
93 5925 989.17
407 8840 853.26
452 4229 276.25
430 1669 322.89
984 8996 856.59
259 9575 142.26
644 9769 752.19
999 5134 449.78
577 3992 432.44
779 8101 917.36
71 3800 698.45
363 8710 908.10
310 8220 199.86
874 799 913.37
649 5951 272.05
819 6826 581.20
478 3728 376.04
487 9742 194.07
109 2281 653.83
126 3906 616.81
909 6511 714.27
75 9699 780.15
398 4468 732.68
864 3277 812.02
841 6169 667.69
852 364 717.54
973 4940 20.23
301 7948 47.63
666 957 565.86
677 8221 37.97
910 6590 904.76
562 4431 795.62
289 4148 716.81
552 2389 678.38
785 9773 920.14
447 340 72.95
663 1777 546.27
159 9816 8.94
858 3999 676.98
928 3277 619.58
433 6898 95.56
111 6785 384.13
224 6867 496.05
51 931 337.66
997 857 664.08
207 6143 117.27
494 9024 418.24
217 5725 207.51
663 7611 451.15
730 4678 985.36
919 5341 534.43
916 8625 185.72
321 7452 756.09
691 4360 137.82
80 2917 785.03
770 5705 901.80
13 1393 549.75
654 2644 854.13
59 2365 263.54
759 4216 974.00
136 5161 328.00
623 9599 459.36
450 7999 888.67
86 6922 617.00
757 9328 954.90
879 41 768.83
163 8708 773.32
206 6430 226.10
87 760 569.84
897 1785 694.27
258 4635 620.93
357 4713 583.05
882 4435 566.60
49 6128 683.01
181 2291 476.31
451 5782 728.42
132 5367 701.43
957 1508 990.72
161 928 677.14
601 262 49.54
460 9432 444.87
676 6656 164.26
369 113 493.37
618 2475 766.76
642 3224 477.91
764 398 333.04
706 3670 52.22
621 2404 671.64
308 5645 527.85
511 1336 27.29
650 9394 680.08
151 1448 213.93
225 2150 361.19
307 8297 202.27
618 4406 534.05
933 3134 961.87
992 5373 509.51
483 7385 522.87
915 5997 324.88
407 3299 889.40
796 9557 225.30
660 860 49.25
507 3720 327.76
397 5832 520.11
616 7116 226.82
58 2237 601.24
672 9611 900.02
592 8840 287.02
942 3162 255.08
261 8467 315.72
206 7131 743.33
230 799 959.79
234 3390 125.32
547 7571 340.51
947 3437 301.76
75 699 358.74
768 1326 807.61
553 6335 114.65
814 9472 603.31
989 7622 74.54
808 8964 391.61
534 102 28.09
3 6950 86.09
881 7219 346.84
595 1256 165.94
185 9421 147.38
955 8751 925.11
364 9631 21.85
63 5986 785.66
902 47 65.04
37 9115 409.06
236 7741 404.14
323 2681 664.41
710 2777 348.52
275 4597 44.48
976 2578 773.40
539 2957 514.51
226 7462 86.49
536 3486 464.55
65 6751 361.98
704 9501 623.18
565 3500 538.36
920 7116 482.28
93 2501 66.55
359 9236 825.97
783 4946 383.78
640 872 745.50
248 9329 288.80
699 2700 306.21
753 6937 401.91
39 4635 459.46
436 8993 160.24
400 3443 238.62
285 3659 917.05
106 5590 419.39
651 6679 143.73
547 466 843.52
597 4690 704.65
70 9228 146.35
911 6408 346.12
855 8644 710.59
158 3764 530.02
922 1097 367.73
300 2616 487.86
166 9822 884.01
60 3486 140.81
844 3196 854.13
1000 7333 475.76
843 2720 689.20
213 6220 389.34
134 760 274.37
5 2340 643.96
974 1450 360.84
933 5530 667.35
972 6938 838.68
349 4007 854.15
813 1740 545.25
45 3879 624.26
947 8403 136.38
15 2948 803.88
119 2218 952.93
642 2601 968.95
202 636 41.09
792 3427 446.73
859 7560 753.90
852 3260 225.54
727 4717 981.03
556 3472 221.17
305 1184 928.26
426 8252 57.98
736 6795 538.73
546 7388 316.24
728 2161 242.01
126 447 993.28
656 2534 101.64
663 2963 281.70
36 8415 560.85
295 6455 794.46
414 159 904.55
679 619 104.24
961 4924 81.71
772 266 62.50
774 495 44.90
524 1593 305.69
623 1566 968.24
168 2309 918.88
112 9712 796.50
90 8524 4.44
588 5580 562.73
187 4740 133.59
730 5775 179.06
90 7422 872.64
310 5706 492.68
394 1658 431.28
949 5347 14.67
864 9163 479.50
420 7569 602.39
561 178 950.50
762 1068 723.65
711 9958 518.24
595 4796 721.48
720 3746 589.83
895 2581 585.52
453 3889 835.25
914 6017 521.28
981 4523 686.13
622 274 686.55
660 1968 747.37
848 8494 191.68
182 6074 449.30
726 855 958.54
32 7447 624.05
631 643 167.09
577 1815 26.44
574 8091 191.83
550 8553 124.01
513 3279 172.77
386 4629 964.07
881 2820 579.06
610 6348 439.58
851 7525 759.96
128 2234 119.01
27 6603 107.13
739 6151 963.23
103 4545 569.80
690 3242 227.96
594 3430 494.86
371 8486 475.35
861 9299 364.14
26 7777 943.39
856 2279 784.01
850 8196 40.91
727 8825 418.36
451 9968 630.63
294 8620 94.41
696 9505 513.75
752 1183 566.93
109 882 780.68
306 2008 36.46
580 3960 537.97
785 3733 489.35
818 146 399.54
119 5606 156.97
99 5058 83.07
167 6538 548.28
746 7968 200.73
529 8995 996.36
765 5383 236.61
180 3500 463.01
582 8633 477.18
965 7698 506.98
316 6650 951.56
606 2712 469.21
841 6245 25.42
397 8088 801.62
871 5882 688.08
202 9575 66.20
583 5787 783.53
883 2489 809.90
313 8352 20.05
536 7276 917.39
502 9515 885.08
466 8886 340.03
198 6054 627.03
188 6435 346.69
429 9743 245.36
293 2192 729.10
430 4214 627.70
582 9791 502.71
911 9177 329.46
868 5887 97.49
811 4044 128.28
327 2921 142.50
150 8082 421.74
55 184 420.29
407 1312 649.88
675 827 74.58
309 766 635.99
480 5740 335.29
730 6470 311.98
83 6868 586.68
815 204 138.17
703 7063 140.54
495 5704 412.01
73 2928 725.40
19 4586 591.91
104 4006 671.08
171 1764 480.30
553 5147 972.41
267 2133 526.51
612 9495 14.12
1000 9819 866.68
140 1983 689.77
336 2087 76.71
268 8829 424.33
825 6587 949.29
54 7289 411.56
22 4660 384.42
959 5488 501.34
462 7741 670.07
827 8159 146.17
646 4141 233.00
535 938 777.39
428 5380 476.62
261 1644 178.26
771 5997 580.51
55 2027 196.87
793 4414 696.92
178 7013 116.41
620 6225 556.42
316 8033 728.87
417 4935 602.03
32 8572 388.33
846 4732 486.23
233 7017 4.15
243 3236 906.62
968 7488 141.66
107 2637 912.67
624 3079 912.71
669 9483 39.13
984 5095 236.51
598 6487 735.95
886 1064 298.22
77 9493 48.68
533 6940 783.96
58 5883 230.31
18 4062 833.41
697 6657 863.99
460 6708 339.53
258 6243 807.89
872 9555 890.33
894 7715 749.31
826 3263 424.04
72 6063 869.26
569 8680 423.31
572 6509 427.31
187 7328 764.25
573 6902 917.36
984 9468 408.52
9 649 390.76
313 8959 997.84
585 381 365.88
139 6619 503.57
578 9955 248.15
343 2884 65.30
297 6457 851.90
988 8728 480.93
168 7031 634.33
38 9793 796.99
22 4268 828.88
39 8769 651.76
182 3177 569.12
342 9158 803.21
785 9807 875.06
765 7196 208.05
549 3241 20.76
56 6575 662.98
21 911 643.01
297 8472 551.18
267 6484 180.41
443 6703 620.70
348 6196 479.41
553 9923 527.00
702 5015 148.54
278 1229 65.05
896 2483 36.06
132 1549 959.13
966 8405 635.69
276 5720 889.33
217 7530 289.00
370 6079 998.62
554 3832 380.33
189 8917 689.27
125 2146 569.33
666 7427 209.38
200 1747 566.59
754 6346 846.40
794 9054 420.25
437 650 799.93
917 3833 230.07
215 6656 564.92
75 5563 445.18
521 6388 720.22
7 5347 695.01
198 8614 925.00
752 7931 819.66
310 9847 240.99
625 8556 325.11
176 8680 519.52
353 71 372.24
121 3440 321.46
546 5913 71.08
20 8400 616.65
253 9805 639.09
655 7206 223.43
630 445 711.54
526 6781 844.04
61 6291 667.20
305 2761 307.44
283 8930 156.17
346 7906 608.53
154 8923 152.95
346 4789 748.18
185 1517 240.74
377 8879 523.96
689 2528 40.40
597 1374 194.72
561 3473 236.58
395 7616 408.01
15 499 837.68
65 6616 807.80
866 2363 209.15
141 2949 825.44
765 408 995.07
3 9836 452.81
71 5430 342.17
994 6240 804.67
602 8259 960.15
17 9010 269.34
188 2630 271.77
133 851 738.48
709 4654 175.48
68 8033 864.77
969 6820 326.42
323 7110 177.32
452 889 679.81
440 1248 166.45
208 1023 152.49
656 3887 541.35
14 4441 596.39
551 8308 451.47
216 6490 574.07
50 2863 419.72
121 6326 691.44
846 5032 50.41
412 5755 334.49
364 154 591.35
79 740 604.77
761 2984 731.26
731 2207 374.98
402 2266 181.86
355 6391 382.16
948 1045 843.84
279 106 282.75
978 9151 330.79
207 7268 618.23
702 6835 797.37
35 7254 25.47
69 78 321.13
956 5144 905.78
128 9680 47.45
834 6879 888.37
21 5510 599.34
838 2648 163.00
61 6679 922.38
495 1077 273.86
650 5632 367.43
196 4450 87.20
231 416 746.12
420 8718 853.59
602 5695 222.04
305 3359 807.64
122 42 793.83
90 3418 742.97
285 5850 175.44
669 2137 159.59
363 1483 773.41
978 3905 159.72
570 7136 5.11
788 5939 853.84
730 8440 627.03
926 1527 528.55
112 931 58.92
326 5769 212.47
882 193 308.22
859 7250 895.59
197 7452 295.76
758 3078 428.48
214 5013 595.62
899 6224 223.45
923 712 111.98
228 8288 306.44
707 3744 280.91
997 1313 499.59
866 5434 750.85
302 894 676.14
789 917 263.29
24 5273 860.55
746 4930 999.11
868 161 327.24
412 1937 710.57
351 7507 137.47
751 7967 936.03
16 3780 213.47
62 7223 507.82
755 8914 778.88
104 5126 11.46
889 1911 81.46
390 207 859.93
134 1349 930.94
470 1830 994.14
141 9655 770.67
232 9303 933.89
92 6858 526.84
559 8067 265.26
223 3324 188.29
262 165 850.62
304 6883 85.90
581 3662 266.46
67 7392 872.66
824 1322 84.97
899 2249 592.85
939 1977 366.74
102 7010 663.69
93 4736 217.80
207 2050 58.91
490 8864 490.97
875 4858 996.11
636 3805 425.28
609 2306 436.72
985 3640 567.43
650 6182 813.31
114 5087 235.60
332 6061 318.84
974 686 673.53
526 6364 936.06
260 7011 739.04
756 6280 813.41
571 2866 110.29
350 5485 642.77
477 1206 848.32
3 5251 291.00
848 1001 74.23
187 8749 234.61
408 865 418.39
691 579 224.91
148 4253 728.94
258 6928 994.11
501 8376 638.27
206 6919 460.63
859 9383 113.56
990 722 899.25
480 8276 962.55
591 1669 219.27
44 7520 291.86
967 3249 810.53
697 5851 523.01
22 4568 742.44
728 8055 326.15
287 4836 313.01
387 8900 110.96
187 6015 731.12
948 6811 569.30
106 7584 717.22
190 5562 252.82
79 4176 41.17
876 8447 6.25
303 6701 164.50
562 860 547.31
897 82 870.64
213 6081 117.70
115 749 196.21
111 2920 842.43
389 5429 818.92
871 5699 596.93
246 2169 48.16
873 8522 185.01
277 6572 157.61
814 6092 789.12
34 800 987.53
311 3595 742.71
460 8358 757.11
33 4226 189.04
341 9083 586.58
790 5567 560.98
945 219 774.50
652 8533 185.83
369 4414 753.48
403 8998 279.72
710 5216 506.02
819 2079 564.98
823 2293 65.48
717 1824 803.93
906 8556 456.91
937 8788 635.27
433 6018 573.22
799 157 535.98
857 3586 271.67
725 7126 768.00
793 5411 847.94
200 86 264.72
593 7371 958.25
933 3669 731.92
10 3837 386.42
533 6944 376.49
625 3530 486.22
952 5836 416.50
525 3634 418.12
804 8217 686.50
691 2958 463.44
690 4406 12.25
351 2154 297.76
824 8036 520.21
248 704 862.00
341 7927 183.67
416 1823 726.71
111 4476 97.25
631 1856 944.63
782 2720 861.46
898 1002 947.54
727 3106 203.61
66 8652 568.34
197 873 474.62
240 760 175.89
319 1987 721.86
273 6183 144.55
589 8057 71.92
133 7068 656.94
123 2449 333.10
489 753 139.52
590 7272 882.09
699 2955 958.49
449 226 75.62
341 3307 791.75
596 3361 315.03
146 1653 121.01
377 9946 395.03
940 7953 301.00
74 9098 784.81
46 2967 512.36
748 528 556.09
561 5389 739.57
809 2403 155.22
770 4904 194.92
571 3181 270.46
84 3913 299.24
315 1316 730.10
935 4471 893.28
430 3327 575.40
275 9636 345.21
272 3517 387.71
843 4675 329.90
947 1499 346.70
924 4356 409.04
28 6292 156.34
557 7766 956.37
896 9828 306.53
843 6185 771.31
183 2396 659.59
286 6555 380.31
863 4915 114.78
961 9284 469.45
853 3852 847.05
192 6582 378.29
21 8536 585.94
446 81 22.54
109 5679 194.33
663 3842 940.36
258 677 769.13
875 9981 925.15
50 710 50.73
796 3090 888.24
720 6310 702.06
352 8521 488.75
567 8647 335.49
180 7729 384.86
990 9824 643.59
902 5136 746.09
190 118 629.25
803 7463 479.08
479 4032 650.71
595 6998 198.22
865 458 913.39
409 471 637.37
287 5655 983.69
995 1993 140.38
93 1093 864.04
199 3244 511.39
782 5198 128.41
783 6160 254.52
763 7729 668.59
770 9187 951.00
953 254 838.92
927 176 732.92
850 5590 121.71
96 7351 623.14
367 553 230.43
908 5909 751.14
114 2879 195.33
467 8214 353.98
497 8796 830.48
441 7127 42.37
756 1009 359.34
427 9485 772.48
809 5386 83.70
648 8052 505.09
819 2155 469.00
576 8455 576.51
379 8833 863.26
595 2481 380.65
159 1555 125.27
698 3619 10.39
133 4237 64.43
872 5300 974.55
528 5553 841.29
769 4691 958.63
677 3480 435.15
906 7548 704.44
915 1378 318.45
905 3202 574.34
191 3073 494.57
571 2901 337.99
876 903 713.96
506 3485 568.11
598 3850 555.21
413 1737 696.66
525 8088 891.12
75 8541 478.52
941 5277 358.09
453 8105 264.98
857 3000 254.84
275 3220 490.58
313 2588 87.58
765 6914 919.95
338 268 310.84
96 6396 837.08
43 2876 983.78
701 2815 451.33
927 8794 675.24
824 8845 134.21
858 6029 494.51
78 5922 555.98
286 1827 220.78
101 8304 234.40
866 2391 879.70
390 2393 580.75
881 3516 530.45
485 3335 850.82
77 9417 871.06
189 7206 73.95
915 820 734.12
377 77 379.71
4 8916 993.22
909 6543 126.98
495 888 889.84
312 887 707.23
263 6322 628.18
665 9817 877.26
568 5064 354.51
511 589 34.76
521 8263 391.44
737 6961 736.55
819 6867 914.05
8 1858 964.99
611 2124 846.55
475 5345 841.11
272 7850 74.88
730 9096 563.28
542 2264 299.72
661 3237 79.91
174 5792 287.17
353 9084 742.68
531 4624 667.59
267 5499 434.59
305 3854 157.79
14 2732 575.43
896 4999 643.50
192 8732 348.38
323 1994 395.60
440 5919 964.13
992 6523 363.20
796 3784 539.21
903 7071 950.75
348 950 475.99
713 1507 697.56
320 2387 915.44
93 3047 426.16
668 9594 115.12
418 9361 919.50
750 1810 225.63
392 6812 641.74
680 3134 134.68
813 4110 125.84
218 3602 375.05
132 9054 509.27
422 1585 899.97
635 7057 839.84
73 6038 213.23
741 5039 98.80
318 8585 223.67
563 1857 236.49
678 3869 701.93
60 4144 675.92
218 1000 689.71
445 8598 808.72
380 281 11.60
51 7957 804.66
552 1930 577.00
754 2387 218.36
839 8704 898.09
541 3005 590.76
454 2703 701.66
58 4261 802.35
471 7516 399.43
318 4817 273.89
52 5215 438.33
581 7862 283.37
331 3151 82.44
951 4826 342.77
937 4677 787.11
699 3244 181.89
595 6269 87.66
728 2753 536.36
186 7714 462.49
668 2483 65.03
913 3480 675.76
829 4469 917.51
132 165 748.55
293 8214 283.23
730 142 283.74
360 7457 18.53
689 8892 705.53
12 3171 739.74
888 9806 862.10
306 9692 789.30
709 4283 489.31
92 4333 934.66
103 3078 566.54
150 4364 99.33
497 1661 91.86
359 6565 790.69
358 9089 588.02
885 5088 214.86
959 8964 290.38
937 1784 739.01
330 9014 88.82
812 5519 28.34
458 1502 960.10
47 9112 853.16
924 1463 207.42
232 6139 615.48
158 2514 736.78
906 1054 192.49
637 4577 8.18
329 3746 985.62
399 447 715.28
924 7723 611.61
702 4028 996.96
663 3694 370.65
726 9356 754.22
808 5528 639.48
845 4731 233.76
972 6880 553.95
768 4466 22.97
624 5875 560.80
811 6210 225.87
668 9248 395.45
394 7854 593.69
997 9659 86.14
662 6787 963.27
156 9977 348.51
169 1946 472.71
890 2618 331.09
455 800 58.84
434 4680 616.28
267 2256 768.97
419 3847 747.92
657 921 654.44
581 5568 546.34
886 9939 824.25
105 4324 542.06
540 4935 131.95
511 4546 93.22
79 7749 596.85
969 7782 825.31
214 7915 840.17
622 4049 100.74
850 6144 977.78
624 9029 424.99
395 7891 705.60
990 5153 244.99
589 350 893.71
781 4471 490.16
487 8838 346.12
997 1137 920.14
511 9466 2.25
807 7734 587.29
228 1379 270.25
632 3630 625.06
751 6096 511.16
529 531 507.86
48 7546 280.78
51 4322 486.43
783 3580 755.63
773 3875 216.52
197 1047 980.48
175 9739 631.58
669 5014 575.84
352 7110 884.98
741 9317 115.76
395 890 281.58
322 1449 26.01
986 2958 934.50
705 2881 136.12
178 6276 324.96
748 7189 890.84
507 6735 611.64
904 3262 870.23
987 2252 12.11
215 2730 96.51
225 2749 302.44
954 4244 115.40
826 7525 480.95
605 960 885.00
926 1428 434.59
708 6153 680.44
631 1867 615.06
761 7077 273.03
695 8543 368.18
100 2712 451.48
92 6489 143.45
759 39 926.09
411 7249 809.51
890 6391 907.55
286 4338 115.60
665 603 300.25
244 5200 151.85
283 9993 348.40
983 2006 907.22
316 1831 67.97
518 9853 106.02
425 5029 896.79
918 4353 975.25
531 1143 693.99
905 3738 435.88
885 8452 795.99
85 2225 480.77
765 5268 666.72
266 1895 702.13
446 1396 588.40
291 6301 936.36
882 5274 213.68
133 8825 257.56
207 4928 2.87
966 5125 680.38
479 1326 692.17
681 3871 539.84
870 6774 419.61
78 5866 709.62
738 5662 593.18
659 5595 324.31
247 2998 645.85
130 5809 28.82
769 5308 947.98
34 2309 996.10
194 8036 667.24
561 527 323.83
595 748 414.51
806 4947 958.86
667 6994 675.59
813 2915 301.68
260 6238 404.58
621 5803 466.84
519 708 723.15
259 5017 734.42
57 4836 210.65
825 3513 308.67
62 6160 222.21
384 1756 6.30
166 2561 775.44
466 7375 598.66
757 1875 480.96
607 187 49.79
301 1694 127.44
407 2977 665.49
211 7295 517.22
706 2182 833.11
276 9902 665.32
143 4947 792.03
572 5101 20.26
582 7748 745.24
714 8412 603.31
677 602 38.79
704 56 429.19
933 7140 177.51
995 8109 477.61
810 8737 943.04
283 9761 44.63
856 5865 313.07
350 8711 320.34
742 5922 430.81
906 8716 978.44
379 2846 781.69
74 568 770.63
858 5390 907.08
197 5098 951.50
137 1145 498.68
494 4865 999.11
180 6475 759.35
77 936 653.56
85 1335 629.77
64 8535 13.14
114 9079 378.43
126 9350 808.94
588 6345 966.84
831 9975 198.05
761 7918 437.22
830 8536 455.21
559 7401 303.09
155 3474 918.08
910 5079 454.30
641 291 288.17
903 3620 588.76
295 4817 896.51
19 5817 742.03
152 4448 950.01
386 1492 450.45
451 9080 296.64
637 6139 120.44
908 5544 347.75
356 84 87.98
551 8213 613.06
824 2706 278.10
388 3421 164.06
784 8812 246.36
634 2800 141.61
113 8034 750.19
86 3103 32.54
938 8898 420.18
734 3358 59.75
44 4575 657.99
927 7485 154.33
680 4614 643.46
646 1740 960.34
664 8838 786.74
862 31 227.79
494 6546 231.77
123 6883 517.88
519 7069 793.24
138 6268 455.79
659 8795 538.15
749 8190 127.39
644 6171 348.74
499 6087 351.99
257 1953 496.95
174 4177 734.52
892 2129 90.24
287 493 315.83
657 7122 169.66
817 3870 727.05
503 9162 116.16
187 1572 242.00
367 5889 389.48
612 3495 36.44
590 3884 223.24
949 1819 985.89
59 977 29.07
765 6922 790.95
676 6319 561.68
505 9585 69.41
370 300 107.24
618 2577 325.06
235 4042 642.65
946 160 629.18
339 2397 907.02
466 926 272.01
400 2205 643.68
533 5517 125.70
139 6504 574.52
898 3554 395.07
978 6369 312.22
454 5989 463.83
701 3125 907.60
77 9595 982.58
108 403 850.68
429 476 23.52
295 8850 349.25
277 65 76.04
303 3704 391.20
921 430 782.88
483 7471 512.95
763 4980 354.56
911 8103 18.77
910 5958 299.85
469 1359 602.07
822 3942 435.61
886 2260 862.52
337 6349 457.10
832 9484 704.49
921 433 674.80
2 1532 375.74
467 7892 775.33
856 6340 543.14
55 6247 583.70
575 1304 282.16
856 765 709.55
161 8608 993.94
637 7439 180.12
428 4886 294.74
842 9753 467.94
729 1804 795.53
376 4128 467.18
632 6253 107.51
790 2710 588.60
535 5952 117.25
238 7975 694.17
829 5045 276.21
571 602 303.53
372 9530 913.36
553 8833 236.31
296 1535 114.75
643 255 830.64
299 8619 889.94
976 5996 668.22
523 6729 221.39
158 2729 197.26
580 3457 313.79
160 7096 908.64
53 4105 897.78
307 4763 847.43
595 9840 501.16
4 2250 456.40
417 3346 497.47
590 4523 851.43
251 4017 744.51
184 8912 908.59
821 9544 273.70
825 2159 748.52
494 8776 277.17
274 4243 507.10
596 2355 52.47
214 5069 325.47
991 7082 345.17
842 3857 239.37
464 4811 733.57
66 3051 587.32
566 3967 976.21
822 1771 714.28
452 3678 956.38
298 4628 840.77
939 1900 334.87
50 4917 804.08
315 3981 146.83
463 4314 803.38
531 8852 726.79
27 2508 918.70
731 4620 563.56
379 4838 846.30
866 7340 41.40
6 6751 281.46
363 8094 54.94
638 4740 186.59
504 9286 754.58
741 2581 677.47
685 1947 197.21
752 3003 509.29
166 8450 634.62
609 5108 514.66
541 7454 486.10
391 1835 484.89
682 9864 322.60
127 7185 702.74
280 1078 847.87
488 3756 377.28
840 4303 377.18
966 8757 882.27
655 9665 293.83
175 8450 909.47
35 3877 888.60
510 2887 433.54
227 1769 516.35
791 5180 642.55
382 2148 970.59
133 3073 233.17
972 8723 980.11
39 377 578.25
865 353 546.19
551 9702 511.00
987 6718 116.36
162 8425 535.58
763 8864 45.06
498 8781 442.15
920 1288 991.72
434 9509 408.31
68 6075 982.07
138 7029 808.49
76 9432 808.30
515 3608 807.50
708 4981 833.92
795 3135 142.46
451 9204 264.14
815 5218 698.05
363 438 365.73
101 8018 330.64
992 7464 292.33
512 2300 249.17
818 2902 162.85
941 8350 568.94
741 8880 129.05
828 6404 180.46
958 2966 783.49
420 5855 943.80
692 9735 554.40
582 6989 638.44
108 4893 565.63
39 6595 750.31
679 7657 239.43
748 311 105.09
71 9220 683.81
853 346 249.35
342 5773 650.12
409 4576 655.59
183 9126 78.21
856 7317 516.46
653 3560 369.20
223 9933 699.61
521 2758 65.29
569 2578 62.22
19 1928 392.71
489 9349 642.55
544 6650 985.97
935 4739 470.93
902 5040 513.53
921 7238 23.24
39 8303 751.98
57 8078 252.55
699 4985 656.94
442 6373 861.80
666 3986 596.04
211 6940 429.96
495 7156 205.28
945 9476 706.24
967 5595 176.74
653 9563 779.44
163 8041 932.70
551 8925 898.51
880 9424 132.48
623 487 79.93
446 8869 212.05
431 1404 565.76
873 8987 684.45
347 2241 743.10
795 5723 181.91
434 968 903.80
353 9336 652.04
792 6431 108.61
177 8175 16.79
387 4194 699.43
175 7018 976.78
264 5687 422.85
598 1871 996.88
237 9414 876.98
484 3782 408.90
717 5917 147.68
792 4862 92.76
834 5714 807.01
243 6032 754.06
797 7342 451.98
673 5449 401.93
926 1106 640.58
749 8532 928.83
13 4216 350.24
30 1906 743.52
94 6895 647.42
104 8611 684.39
966 2799 87.91
448 3076 194.31
312 9983 821.71
480 2365 49.62
127 9688 322.65
435 8030 571.53
652 9458 918.67
732 2308 842.40
893 814 69.54
431 6498 61.97
294 4240 627.53
527 7482 347.25
811 7125 621.99
287 542 624.09
268 7624 803.88
367 8435 454.43
981 9743 610.05
827 1217 46.90
866 1794 701.31
738 5917 504.44
253 6080 893.70
377 56 680.10
589 7919 967.96
174 1729 519.32
681 3847 50.28
953 4461 374.53
526 3657 289.53
370 8728 283.89
316 6450 90.47
419 6443 254.04
885 6548 784.25
841 4147 472.13
129 7063 28.51
423 8975 464.19
457 4347 799.11
620 7361 146.13
940 1473 503.72
194 3330 110.79
424 3762 473.21
577 4954 55.96
378 7922 749.22
189 6411 462.42
549 9066 284.47
844 1021 6.05
560 2833 732.52
767 5536 481.56
882 2708 183.91
571 414 906.99
604 4818 837.36
668 7946 638.24
967 9571 481.41
282 9714 830.12
606 9580 693.42
734 2680 900.87
888 6040 528.95
812 6557 88.89
504 8263 78.18
295 6346 928.27
474 6219 744.98
645 4594 222.10
850 1476 749.43
209 1480 772.76
605 1877 155.00
509 729 225.16
329 636 867.48
860 9678 178.19
841 6750 91.95
917 456 15.78
123 4784 563.79
565 7964 130.57
131 5241 249.66
643 2263 92.42
423 4846 640.44
493 7053 139.35
624 8376 69.10
699 7764 157.79
493 243 556.27
1
1000
1 1 6.55 0.00 18.45 
33 303 8.12 1419.09 1472.24 726 7.15 2365.73 2417.95 366 9.96 1328.16 1394.47 600 4.30 1735.26 1777.00 843 8.83 1690.88 1733.40 353 1.58 1774.90 1811.41 49 4.71 1161.79 1203.96 521 4.21 1203.02 1242.89 106 3.72 1278.61 1317.65 704 5.47 1094.29 1159.97 237 9.08 1368.16 1407.63 35 7.20 851.02 897.87 931 2.46 549.80 595.66 283 4.25 1266.79 1329.85 453 6.00 1026.38 1081.88 474 5.55 1726.50 1761.09 374 9.79 1195.71 1250.90 559 4.44 1388.41 1436.94 865 2.42 933.12 970.55 138 7.87 1734.85 1777.26 426 1.49 872.75 924.85 611 3.38 1803.90 1853.91 870 1.96 1169.81 1203.15 737 9.62 2158.88 2207.15 349 6.66 1718.81 1766.71 941 9.02 1294.74 1344.77 91 8.63 1604.81 1663.57 221 3.52 1513.96 1558.94 380 7.53 1622.20 1669.53 158 6.29 632.31 684.42 879 7.88 1628.83 1668.56 139 5.59 1096.87 1147.09 694 7.07 1684.23 1720.52 
33 419 5.32 1682.24 1731.94 299 6.67 1891.13 1944.34 484 4.19 2015.29 2049.22 430 9.82 2297.23 2336.03 42 1.79 2175.24 2238.58 318 2.09 1657.66 1693.34 984 2.56 1825.81 1875.02 517 6.35 1656.43 1721.52 211 1.91 1736.41 1792.34 757 5.91 2079.96 2134.69 31 6.67 1923.10 1983.85 511 2.63 1087.57 1144.11 955 1.93 1634.50 1684.19 66 7.71 1570.13 1622.93 477 3.66 1449.23 1488.91 341 6.04 1729.14 1779.08 408 6.26 1719.18 1753.69 534 9.85 1926.44 1991.48 608 6.74 2119.01 2160.90 903 8.93 1339.54 1398.35 829 2.12 1397.98 1454.65 108 6.35 1518.48 1583.70 441 7.98 1202.90 1258.72 996 6.25 1711.86 1751.13 404 9.22 2289.26 2324.19 78 9.86 1912.37 1956.36 945 2.89 1737.35 1771.34 146 8.11 1506.16 1570.31 333 4.00 1732.27 1765.66 265 5.93 1980.14 2021.99 347 7.28 2528.32 2581.70 631 8.33 1707.06 1765.35 875 9.72 1530.30 1593.61 
33 902 2.05 2284.82 2334.23 188 2.13 2337.18 2380.39 123 8.91 1562.22 1627.30 974 6.35 2666.06 2701.44 833 4.97 2346.97 2406.80 356 2.88 2282.90 2334.43 186 5.14 2452.04 2489.71 915 9.30 2326.26 2367.37 109 7.92 2081.68 2131.77 585 4.54 2236.06 2279.26 868 4.22 1922.55 1984.41 185 4.71 2217.83 2255.86 851 6.92 2881.31 2932.34 579 9.29 2214.68 2275.20 964 9.75 2181.77 2230.69 187 8.55 1761.62 1798.09 705 2.61 2034.20 2097.33 420 5.01 2402.19 2444.12 346 7.40 1958.91 2025.23 830 7.34 1900.53 1937.10 943 6.62 2451.81 2502.81 610 7.96 2497.36 2537.23 818 6.88 2268.77 2316.15 840 1.57 2627.55 2678.41 248 4.03 2238.35 2293.22 803 8.36 2335.21 2400.44 22 5.42 2231.06 2264.53 961 5.06 2221.38 2273.74 628 2.24 2032.68 2073.95 147 1.93 2429.65 2488.30 810 2.48 2179.00 2236.18 575 6.12 1581.07 1637.46 649 3.39 2682.05 2718.74 
33 606 5.61 2530.78 2579.88 725 4.40 2654.05 2705.48 367 5.57 2921.54 2974.09 191 1.75 2694.38 2734.50 291 5.32 3048.17 3106.53 671 6.89 2950.02 3009.72 708 5.43 2761.83 2808.82 166 8.25 2861.44 2913.05 520 3.58 2905.90 2968.79 706 2.40 2996.46 3037.02 501 8.06 2725.17 2774.43 505 5.47 2521.60 2585.09 622 6.49 2770.58 2833.83 63 5.29 3112.61 3159.21 877 4.80 2403.54 2459.27 588 3.73 2866.49 2928.05 736 5.26 2644.12 2696.18 749 5.26 1738.75 1789.34 800 6.70 2433.77 2499.79 609 1.27 3116.40 3170.33 443 8.24 3024.69 3090.70 887 4.47 2580.25 2627.15 230 7.08 3070.43 3117.78 156 2.91 3366.08 3400.86 99 5.21 2732.88 2780.44 802 9.97 3539.45 3576.20 278 8.41 2415.92 2452.12 75 2.37 2839.27 2891.64 621 6.97 2802.70 2845.04 311 1.90 2416.82 2476.81 385 8.34 2899.82 2962.38 481 4.71 2790.56 2834.44 148 3.73 2817.06 2863.87 
33 298 9.94 3317.02 3375.66 428 6.11 3351.27 3413.59 55 3.91 3439.37 3503.01 966 8.64 3420.35 3472.13 670 7.35 3592.96 3639.55 424 7.92 3352.47 3390.53 293 1.35 3251.52 3303.31 774 6.65 3222.50 3268.44 641 6.39 3566.07 3607.76 370 5.16 2579.47 2623.31 97 7.45 3410.92 3464.30 864 1.21 2902.23 2942.20 133 3.88 3121.09 3176.31 844 4.73 3015.57 3072.60 918 3.89 3076.09 3127.98 881 1.36 3009.64 3053.64 275 9.65 2901.04 2952.52 895 7.55 3526.08 3587.00 294 7.20 3045.20 3097.23 257 2.66 3601.80 3651.87 801 5.72 3314.50 3381.09 919 9.30 4040.14 4102.88 216 9.55 3146.80 3212.08 930 3.09 3279.87 3344.78 416 5.10 3410.89 3450.08 83 1.38 3364.48 3423.19 397 6.37 3282.80 3338.40 889 5.15 3813.10 3878.08 149 1.06 4307.05 4362.55 422 7.51 3467.27 3530.60 570 9.93 2950.58 3001.56 218 8.89 2843.95 2880.26 33 4.62 3032.66 3067.05 
33 536 3.63 3696.12 3740.85 122 1.77 3447.04 3492.84 531 2.96 4318.56 4363.64 775 3.55 3770.24 3821.58 971 1.43 4112.13 4162.96 227 7.10 3782.48 3833.11 163 9.47 3956.32 4000.77 855 2.88 3877.54 3923.78 661 4.41 3978.35 4028.61 809 7.32 3652.52 3713.80 935 1.55 3848.58 3883.34 19 8.15 3611.35 3674.74 663 3.37 3725.72 3765.47 811 3.03 3687.01 3725.35 959 3.37 4180.20 4214.72 847 4.40 3936.84 3993.77 107 3.60 3661.06 3724.84 70 4.90 3778.21 3828.48 546 1.71 3400.83 3452.41 686 5.59 4303.70 4337.66 549 5.47 3804.57 3843.22 73 1.82 3588.86 3645.12 804 8.97 4151.61 4212.20 136 7.48 3710.94 3746.37 615 1.72 3235.66 3296.82 178 4.78 3699.83 3747.20 141 9.35 3432.33 3498.10 326 5.81 3799.04 3834.97 410 5.85 3754.77 3803.95 558 1.85 3672.70 3737.18 8 1.96 3948.95 3996.64 951 4.11 3636.70 3682.26 672 1.67 3127.96 3169.27 
33 120 8.91 4063.35 4103.61 841 3.86 4212.26 4247.78 486 7.40 4025.80 4061.48 114 4.09 3747.41 3812.02 292 4.38 3743.66 3789.68 368 7.42 4198.73 4236.84 170 3.05 4199.91 4253.38 713 6.42 5254.06 5289.36 998 6.68 4436.84 4498.83 756 8.30 4665.56 4724.62 242 8.52 4446.76 4505.58 612 5.18 4290.02 4333.05 980 6.30 4168.12 4209.50 203 9.31 4059.49 4116.64 438 4.36 4605.31 4653.50 475 2.52 4345.79 4392.21 914 1.41 4333.30 4368.90 322 4.17 4264.60 4298.10 458 8.70 4535.82 4595.12 287 1.50 4418.86 4463.43 957 5.80 4530.09 4583.25 880 2.70 4610.02 4667.41 640 7.88 4101.44 4162.96 455 9.78 5037.07 5072.00 387 5.13 4453.56 4498.38 468 9.14 4188.35 4245.49 348 7.83 4303.74 4341.53 946 1.67 4431.58 4469.30 876 8.25 4333.98 4383.30 950 8.57 4018.93 4066.08 395 8.97 4162.66 4219.42 637 7.28 4110.82 4169.87 82 4.74 4889.11 4952.73 
33 776 9.21 5257.29 5317.14 540 1.32 4858.65 4898.17 599 4.57 5166.91 5207.71 845 5.15 4885.07 4934.10 771 6.05 5305.53 5353.14 839 7.93 4620.67 4654.33 790 3.88 4794.21 4834.17 269 7.48 4332.62 4393.70 386 7.90 5697.91 5736.19 200 4.76 5009.34 5048.51 953 1.53 4526.90 4579.13 822 1.95 4181.77 4240.96 193 1.34 4420.00 4454.08 329 7.99 5100.02 5156.84 551 3.56 5017.95 5074.39 40 5.95 5098.77 5157.60 262 1.53 4409.57 4475.96 476 7.65 5203.37 5267.59 507 8.43 4586.04 4634.62 544 2.07 4858.68 4906.23 529 2.26 4765.36 4829.99 85 8.43 4226.33 4264.38 954 4.57 5009.02 5046.58 388 2.40 4567.58 4626.75 277 6.49 4556.27 4607.06 239 2.82 4238.56 4297.86 128 8.85 4713.78 4771.31 616 7.14 5005.92 5050.20 34 4.54 5271.79 5313.87 71 2.59 4680.14 4726.14 219 1.74 4823.13 4883.68 27 7.84 4946.31 4986.39 212 4.08 5440.18 5487.16 
33 781 3.79 5284.92 5327.19 665 6.85 5412.15 5459.29 253 3.48 5447.05 5502.08 252 6.79 4450.52 4492.30 911 7.57 4902.32 4935.88 319 2.63 5522.94 5559.63 709 3.21 5512.81 5570.53 906 1.61 5288.23 5321.57 647 5.83 5246.89 5283.72 76 3.65 4822.39 4887.70 732 3.94 6271.63 6330.60 547 8.23 5333.14 5389.27 601 1.65 5074.23 5136.37 564 3.02 6241.17 6285.09 920 3.02 5428.96 5477.59 69 3.48 5220.80 5275.73 256 6.33 5290.61 5351.99 58 8.13 5535.73 5571.13 280 6.23 5509.96 5552.75 206 1.30 5053.06 5086.72 259 1.94 5110.92 5165.16 153 4.10 4998.40 5056.29 866 2.28 5290.96 5339.59 620 2.68 5235.46 5286.23 398 1.78 5533.66 5599.39 525 2.92 5019.31 5065.21 784 9.52 5321.26 5371.85 932 3.74 5149.94 5189.73 309 2.83 5388.54 5445.96 568 3.11 5196.02 5250.69 753 2.65 5107.94 5153.79 986 8.25 5434.57 5482.85 209 3.00 5165.03 5225.58 
33 727 8.74 5684.54 5732.34 243 3.78 5559.60 5605.25 352 6.12 5328.16 5377.47 969 6.23 5663.85 5708.64 729 6.28 5553.16 5599.22 288 7.13 5700.32 5761.53 499 6.73 5659.17 5694.99 643 3.31 5988.46 6023.62 857 5.12 5749.12 5796.16 524 9.57 5903.58 5941.79 728 1.91 5735.34 5776.34 432 4.13 5303.86 5357.07 244 9.74 5544.40 5586.66 96 2.83 5009.43 5058.85 134 9.48 6598.94 6650.39 483 8.24 6000.54 6066.35 742 9.01 5581.90 5624.40 886 4.21 5767.92 5820.86 699 1.64 5690.66 5746.11 195 7.35 5618.67 5681.00 152 1.54 5812.59 5858.50 271 3.09 6120.17 6157.85 567 2.43 5861.20 5925.52 222 1.09 6141.59 6176.01 464 1.90 6096.39 6146.89 20 7.01 5832.43 5884.10 445 3.76 5724.71 5788.75 571 5.83 5621.33 5665.27 161 4.81 6152.21 6209.16 13 8.92 5699.15 5754.99 235 2.05 5263.15 5304.00 589 7.62 5960.92 6008.91 922 3.82 6063.02 6098.26 
1 1000 2.67 6211.71 6268.67 
