150 600 0 1 15
2
4
5
2
5
4
1
3
4
5
4
1
3
2
2
4
4
3
4
4
3
6
5
2
7
6
2
2
3
5
7
2
6
3
3
4
4
6
3
4
2
6
3
3
2
3
3
3
3
7
1
4
2
4
4
4
7
4
10
2
4
3
4
3
7
5
7
3
8
4
3
5
4
5
3
3
3
10
5
3
3
3
3
1
2
4
5
5
4
2
5
4
6
2
8
3
4
2
5
6
10
5
3
4
8
4
2
2
3
4
2
5
7
5
3
2
5
3
2
3
7
4
2
3
5
6
5
3
4
5
2
5
4
2
5
3
4
6
4
5
4
6
5
1
7
5
3
1
3
4
68 4100.0 40.53
2 1.0 597.9
118 505.0 542.74
16 5213.0 58.1
29 9838.0 631.9
3 1317.0 424.15
25 1092.0 842.42
139 1948.0 906.4
90 7223.0 423.73
133 5253.0 655.87
4 7560.0 930.5
149 2079.0 345.04
5 4589.0 255.36
104 4875.0 445.23
53 8556.0 790.4
13 4945.0 695.72
57 4899.0 558.12
6 5331.0 288.14
51 783.0 146.67
37 1073.0 579.68
79 317.0 564.99
7 2191.0 147.27
8 471.0 151.02
67 5963.0 20.91
79 3209.0 554.85
9 6793.0 687.64
112 2797.0 388.76
23 4684.0 928.86
86 4856.0 180.61
10 6797.0 190.72
139 9499.0 476.69
123 8982.0 257.83
22 9216.0 980.43
53 2927.0 985.49
11 9352.0 160.38
19 5267.0 670.4
25 7242.0 768.0
55 2532.0 838.34
12 3837.0 173.38
13 5197.0 130.9
64 4727.0 317.41
104 3755.0 882.98
14 8314.0 400.4
61 7826.0 418.46
15 346.0 516.42
83 6111.0 495.55
16 535.0 116.32
45 8421.0 758.12
29 3612.0 144.75
100 8338.0 214.86
17 5300.0 196.01
147 8676.0 596.32
57 3829.0 843.12
115 1000.0 864.03
18 6715.0 529.98
1 6765.0 540.74
83 61.0 533.53
19 78.0 116.9
68 1378.0 950.32
57 1334.0 797.76
110 6484.0 279.07
20 3837.0 553.55
52 9426.0 302.15
30 3393.0 3.74
98 6220.0 70.79
21 669.0 199.0
20 8251.0 48.25
118 4556.0 414.12
22 4177.0 892.44
51 3093.0 408.91
91 56.0 773.26
17 804.0 693.48
72 7090.0 76.04
135 2516.0 6.63
23 6872.0 275.28
17 5241.0 673.87
19 8096.0 903.5
116 618.0 331.09
43 8341.0 227.4
24 5893.0 803.58
21 2835.0 601.35
25 9310.0 748.27
64 7736.0 665.6
126 6028.0 155.37
63 965.0 605.38
78 1053.0 486.16
107 7082.0 49.98
73 8607.0 685.0
26 8466.0 712.7
85 9860.0 737.9
77 3807.0 564.7
81 733.0 335.73
86 315.0 997.02
4 6915.0 839.92
27 5272.0 851.37
90 4322.0 662.46
28 921.0 785.64
54 9346.0 805.18
29 6543.0 405.65
112 7193.0 801.6
101 3461.0 626.36
30 4163.0 97.53
101 6748.0 831.4
91 5431.0 570.51
138 8664.0 600.14
48 6296.0 454.23
31 7016.0 741.2
128 226.0 375.08
85 8320.0 102.53
18 9749.0 590.64
14 7001.0 969.89
26 3728.0 104.0
126 7093.0 276.73
32 9108.0 645.77
140 7645.0 445.15
33 7626.0 575.36
50 178.0 687.19
43 3809.0 717.76
66 331.0 960.39
96 6964.0 775.49
13 3891.0 507.34
34 2626.0 952.16
58 5864.0 104.18
85 6530.0 827.3
35 475.0 487.68
60 5995.0 275.32
66 4698.0 624.27
36 7365.0 341.89
59 9764.0 786.24
63 5978.0 71.16
98 1661.0 500.36
37 3284.0 57.53
4 301.0 404.9
86 3346.0 669.01
123 1366.0 596.73
38 6330.0 487.75
66 6590.0 306.76
31 5760.0 687.33
134 1963.0 37.3
64 8135.0 560.91
127 6944.0 860.6
39 7568.0 105.98
6 6211.0 378.98
36 1017.0 420.18
40 9916.0 966.67
47 1851.0 451.19
19 2030.0 394.21
58 811.0 454.64
41 3656.0 624.21
143 2445.0 830.79
42 2472.0 255.72
108 4089.0 4.75
131 5872.0 453.04
129 2791.0 596.44
91 2803.0 980.23
97 5465.0 126.43
43 9831.0 331.79
138 6265.0 108.12
117 7843.0 491.99
44 7231.0 329.65
26 2239.0 185.01
16 2165.0 648.94
45 7538.0 331.71
8 4781.0 702.09
46 6519.0 198.9
69 8909.0 983.37
29 8136.0 95.28
47 728.0 334.59
23 9981.0 949.97
89 5184.0 126.82
48 6320.0 488.7
26 6884.0 751.81
21 5289.0 574.07
49 8852.0 444.82
15 8709.0 10.24
78 7196.0 650.62
50 2729.0 731.66
24 1845.0 992.92
35 5368.0 589.06
108 5771.0 943.2
67 7437.0 542.58
9 9874.0 331.79
106 1432.0 910.99
51 4367.0 280.84
52 7669.0 647.59
4 1715.0 740.43
40 2912.0 181.55
17 966.0 680.58
53 4780.0 814.0
68 8094.0 148.53
54 2379.0 619.95
25 3224.0 222.7
59 3345.0 78.05
116 5003.0 696.69
55 2751.0 686.73
85 9644.0 503.04
53 807.0 776.26
129 7947.0 552.82
56 3595.0 461.85
100 5768.0 822.85
103 3104.0 206.36
39 6722.0 444.57
57 1666.0 575.66
97 6027.0 609.22
13 5835.0 454.36
78 2279.0 908.13
129 7943.0 405.28
8 739.0 738.37
24 7563.0 938.67
58 4868.0 269.85
114 8147.0 228.63
133 4244.0 261.0
83 5975.0 842.64
59 8982.0 811.07
127 562.0 908.54
125 2432.0 955.69
131 6677.0 685.84
122 5260.0 357.16
33 3860.0 665.53
42 784.0 924.23
68 4762.0 10.53
41 6926.0 35.25
31 284.0 924.92
60 9097.0 703.76
91 1770.0 596.37
61 606.0 466.51
79 5259.0 557.41
140 4675.0 897.81
128 8200.0 997.07
62 9052.0 453.59
111 313.0 782.35
98 3085.0 926.83
63 5048.0 791.42
17 3255.0 918.07
106 4368.0 660.43
103 6810.0 554.25
64 5166.0 143.03
126 2932.0 749.77
43 1941.0 789.6
65 3192.0 476.86
130 1988.0 321.41
56 3826.0 477.47
12 4989.0 282.5
76 8317.0 902.23
61 9879.0 602.06
39 3705.0 340.83
66 9872.0 400.41
53 3494.0 785.3
1 5851.0 912.4
88 7521.0 456.94
124 6894.0 504.24
67 4943.0 867.55
23 6524.0 391.94
27 919.0 294.55
138 2769.0 203.63
52 2973.0 480.13
147 4680.0 469.96
48 5150.0 506.97
68 2663.0 42.79
97 6943.0 996.67
149 2157.0 637.36
69 908.0 697.27
80 1626.0 602.62
115 2927.0 664.67
104 2792.0 468.1
35 7958.0 318.85
61 2406.0 666.25
78 4468.0 112.92
123 221.0 826.4
70 9483.0 122.65
10 7138.0 703.94
143 6331.0 591.44
145 1261.0 53.02
71 738.0 317.08
114 3325.0 123.23
43 4605.0 317.91
72 5010.0 364.21
9 4454.0 297.06
17 9927.0 608.84
96 6469.0 996.03
107 5345.0 898.69
73 3844.0 747.93
119 2577.0 449.79
68 5000.0 901.95
94 9145.0 513.74
74 2773.0 209.8
80 3188.0 885.65
123 6431.0 850.92
1 2663.0 26.08
101 6824.0 738.24
75 9143.0 500.19
9 4419.0 94.58
12 1632.0 900.85
76 5301.0 844.83
99 5054.0 638.89
110 317.0 956.45
77 4647.0 244.31
74 6505.0 432.66
124 8348.0 695.62
78 9415.0 673.31
49 4673.0 582.23
113 6084.0 372.59
74 1616.0 290.6
4 5618.0 50.86
140 2207.0 626.67
116 654.0 572.99
11 5443.0 320.57
100 4021.0 828.26
16 4143.0 768.12
79 502.0 609.08
18 9036.0 957.5
81 8186.0 979.41
125 150.0 237.36
84 5883.0 185.31
80 7619.0 818.27
147 603.0 546.72
105 6674.0 549.35
81 7706.0 680.52
6 1226.0 340.53
43 8164.0 744.23
82 8283.0 834.83
74 2881.0 970.05
1 8567.0 494.48
83 1255.0 947.9
105 1274.0 966.7
144 3572.0 985.93
84 159.0 415.51
85 6888.0 181.96
44 4158.0 715.33
86 8687.0 777.56
117 8447.0 448.63
135 4348.0 510.22
24 9458.0 771.42
87 6299.0 501.13
52 4375.0 610.27
67 5860.0 604.01
111 6797.0 771.79
132 4403.0 427.64
88 7366.0 788.06
84 4944.0 489.17
82 4839.0 1.58
53 1573.0 77.73
99 9826.0 652.02
89 7258.0 167.66
56 4633.0 78.72
67 1513.0 388.27
139 9302.0 242.83
90 10000.0 800.88
35 3190.0 74.35
91 8891.0 257.97
65 1489.0 259.05
55 5398.0 732.65
148 1505.0 616.19
123 7563.0 495.94
92 2334.0 964.95
64 5688.0 854.28
50 6244.0 613.17
141 7725.0 718.1
93 3065.0 543.63
139 6143.0 402.36
87 3566.0 994.55
56 2250.0 153.81
92 1260.0 510.2
1 9.0 568.76
94 3512.0 413.39
126 6720.0 835.1
95 5136.0 132.71
52 4721.0 716.93
120 3.0 885.15
69 5747.0 615.72
142 4060.0 598.76
103 9092.0 494.73
7 415.0 598.95
99 7097.0 281.98
96 5915.0 431.55
8 4583.0 285.02
71 9324.0 825.01
97 8465.0 979.77
85 3772.0 347.5
53 5352.0 42.87
120 3776.0 505.6
98 4123.0 397.61
1 9365.0 681.46
99 8420.0 29.39
146 4579.0 710.84
97 2593.0 845.91
9 9869.0 468.05
52 3827.0 140.47
100 2695.0 371.83
49 8697.0 78.01
2 7953.0 466.02
64 1870.0 979.04
19 9497.0 338.11
18 2097.0 220.3
101 4157.0 89.71
109 6838.0 551.75
126 2384.0 420.07
61 8870.0 956.2
42 3870.0 673.41
129 3149.0 145.5
150 6985.0 143.53
75 5719.0 244.16
52 5420.0 423.12
96 565.0 981.81
102 5376.0 811.87
11 8451.0 125.09
85 8135.0 364.97
78 7290.0 755.84
137 2503.0 7.51
103 4682.0 557.21
85 8724.0 423.65
13 8547.0 447.07
104 2874.0 931.92
31 4820.0 233.31
19 769.0 992.19
123 5419.0 724.45
105 1785.0 866.06
126 7924.0 629.76
22 2917.0 131.07
62 4871.0 171.08
59 9358.0 26.88
68 2638.0 475.55
87 6816.0 828.39
18 7630.0 425.6
106 1538.0 339.14
80 9388.0 259.01
75 2620.0 670.04
149 9549.0 382.57
107 5720.0 710.51
57 2008.0 681.16
108 8029.0 625.74
89 8376.0 135.1
109 331.0 137.35
50 8025.0 99.71
142 4610.0 533.83
110 5348.0 300.39
57 3659.0 632.98
125 8783.0 238.65
131 7161.0 234.41
111 4988.0 797.75
105 229.0 793.64
112 9559.0 783.69
100 4030.0 253.63
53 7970.0 664.49
140 3003.0 979.46
24 477.0 458.3
113 7487.0 142.87
11 4592.0 180.6
18 8955.0 95.67
130 1311.0 190.27
133 3383.0 39.29
89 8234.0 854.01
101 6821.0 582.27
114 5549.0 680.38
94 6457.0 192.65
51 3310.0 821.19
6 2307.0 191.95
26 43.0 389.27
115 8912.0 739.74
108 774.0 448.41
95 2140.0 421.96
116 6252.0 846.55
141 2503.0 142.55
117 8425.0 195.01
38 6124.0 918.21
108 6667.0 410.59
34 554.0 372.79
110 3194.0 649.78
118 1599.0 398.28
109 5774.0 741.6
139 6819.0 255.23
119 2129.0 394.56
105 183.0 739.83
120 7151.0 80.33
57 97.0 512.45
105 7534.0 914.28
121 1305.0 829.41
79 8621.0 26.86
25 1597.0 399.46
80 6692.0 646.65
55 2117.0 604.81
106 7421.0 820.63
38 4767.0 48.19
122 911.0 226.99
120 8403.0 453.82
63 319.0 195.64
84 7394.0 783.69
123 2748.0 413.72
71 1938.0 573.99
124 31.0 893.55
80 2304.0 839.14
24 411.0 709.06
125 4146.0 789.63
146 48.0 140.09
22 8016.0 298.87
24 9885.0 358.82
15 818.0 687.92
126 269.0 320.68
64 7089.0 970.22
145 3331.0 325.89
99 7309.0 563.44
19 9739.0 233.83
147 2592.0 470.42
127 7102.0 112.69
38 7343.0 53.91
29 6647.0 221.9
35 4653.0 87.38
56 4242.0 852.88
128 9384.0 644.22
43 2648.0 834.52
44 5377.0 230.35
129 2401.0 248.9
21 3994.0 444.61
48 6088.0 437.95
78 6749.0 317.93
130 1810.0 750.13
74 3676.0 432.63
147 4448.0 790.75
37 7120.0 885.45
71 5063.0 368.38
131 3177.0 838.11
114 8371.0 377.47
132 8875.0 91.23
50 1455.0 682.27
116 6356.0 70.13
54 899.0 276.15
11 7105.0 12.73
133 6524.0 730.44
13 3628.0 848.29
66 4678.0 207.51
14 1623.0 92.64
134 1505.0 295.25
82 1393.0 582.99
135 6817.0 830.96
148 1371.0 181.91
149 5945.0 420.16
132 4868.0 578.1
37 7610.0 318.54
136 3861.0 926.56
118 7471.0 428.87
64 1421.0 788.83
137 3880.0 148.63
83 1727.0 359.27
125 9708.0 63.64
30 1142.0 29.28
138 5000.0 545.72
66 8590.0 415.88
118 3937.0 947.77
136 7705.0 499.82
91 7242.0 352.08
40 9706.0 860.14
139 1477.0 121.95
62 313.0 357.98
25 39.0 122.53
58 5168.0 976.5
140 5875.0 151.84
4 5138.0 794.24
16 2665.0 91.94
100 2434.0 854.16
98 2154.0 182.13
141 8460.0 269.33
88 5492.0 789.29
64 5802.0 650.94
145 2551.0 663.05
142 5905.0 267.61
133 6613.0 4.58
7 603.0 247.59
90 1261.0 480.53
26 6064.0 705.5
49 4607.0 118.34
143 9559.0 462.52
72 1272.0 459.93
18 4163.0 93.98
77 1231.0 932.71
62 1313.0 286.91
144 5565.0 456.19
145 1483.0 787.1
150 9996.0 890.52
36 1977.0 636.51
97 5737.0 516.85
129 2176.0 563.71
126 1982.0 985.91
21 7963.0 199.79
146 9838.0 543.67
90 8527.0 696.0
79 2790.0 698.99
62 2386.0 301.26
128 8680.0 800.5
147 4090.0 857.51
87 2734.0 842.94
29 3515.0 547.22
148 1419.0 41.14
149 5652.0 517.07
120 5551.0 788.72
105 2797.0 92.82
150 2523.0 562.77
83 1244.0 695.94
113 1223.0 100.1
24 6309.0 961.06
1 4888.0 638.42
120
74
1 120 7.13 0.0 60.22
6 7 3.91 1315.89 1398.67 43 1.29 1510.62 1599.7 89 7.04 1336.1 1422.13 96 5.7 1715.57 1834.37 106 5.2 1218.37 1302.72 146 6.23 1199.99 1281.7
1 78 4.91 2202.95 2272.38
2 23 5.58 3100.4 3174.91 50 6.96 3238.72 3343.23
4 22 1.53 4449.03 4530.4 77 4.77 4390.69 4509.32 124 7.83 4365.3 4432.44 127 4.43 3932.84 4049.76
8 11 2.86 5048.22 5129.18 16 3.06 5230.0 5332.07 17 5.91 5109.47 5242.78 52 8.33 5059.59 5130.83 100 9.14 5208.86 5336.88 110 4.86 5465.26 5587.93 119 7.3 5726.22 5803.78 135 6.57 4438.55 4557.2
1 56 9.24 5518.78 5588.92
19 2 9.33 6804.27 6899.66 27 5.41 6941.26 7059.52 45 3.78 7194.89 7285.4 47 5.03 7380.43 7470.62 51 7.88 6487.18 6579.45 76 8.09 7527.89 7601.39 82 9.5 7292.64 7378.63 93 8.67 8705.17 8835.1 94 7.65 6781.51 6878.24 101 6.57 6424.93 6526.37 105 8.48 7272.62 7383.65 109 1.35 6989.84 7064.97 112 5.82 7141.13 7265.18 116 4.46 7333.85 7462.1 122 6.44 7523.82 7618.65 126 6.86 6847.8 6943.65 129 7.33 6496.76 6591.3 131 3.2 7195.91 7277.32 139 3.39 6965.39 7097.46
16 4 5.52 6884.58 6955.74 5 2.53 7111.24 7239.8 9 9.86 6784.5 6857.43 24 9.84 7542.83 7630.8 30 7.52 6993.87 7102.04 42 7.01 7106.68 7204.58 46 7.77 7388.07 7497.59 60 4.63 7324.36 7431.01 64 7.77 7478.71 7577.59 68 5.57 7180.81 7272.2 73 4.71 7788.31 7896.37 98 7.26 7057.16 7172.86 142 2.13 7524.12 7601.05 143 8.83 7979.19 8071.02 148 9.23 7348.09 7479.62 149 9.76 7207.91 7322.49
19 14 7.61 7444.3 7544.5 19 7.15 7530.96 7619.09 25 1.95 7578.12 7663.41 32 8.72 8395.93 8488.96 33 3.34 7993.61 8118.3 34 5.95 7784.84 7880.89 37 7.82 7773.27 7866.3 38 8.47 7879.98 8005.5 61 8.06 7813.32 7884.33 70 1.14 8000.05 8103.94 75 4.2 7765.89 7848.29 85 9.42 7601.56 7671.58 87 9.39 7456.99 7568.16 90 4.99 7983.15 8107.36 111 4.64 8224.77 8343.94 133 8.39 7365.35 7438.17 137 5.15 8192.58 8309.41 140 9.18 7610.48 7689.67 144 9.8 8420.56 8546.29
20 8 5.98 8541.78 8647.81 13 7.39 8216.53 8300.35 21 3.53 8256.12 8351.41 26 5.16 8286.73 8384.09 36 5.4 8275.32 8364.77 39 8.18 7999.74 8101.58 53 2.68 8113.08 8191.56 57 4.86 8317.39 8390.31 59 5.76 8264.49 8343.12 67 1.54 8068.37 8183.58 80 4.54 8914.21 9007.85 81 1.57 8632.12 8710.15 83 8.18 8460.96 8566.99 102 4.76 8822.69 8912.57 103 6.37 8488.93 8565.75 104 1.26 8810.14 8910.5 125 6.28 8060.92 8138.87 128 7.93 8472.73 8597.27 134 7.75 7658.93 7751.85 150 8.72 8147.99 8250.6
6 15 9.79 8738.16 8850.03 55 3.91 9281.16 9372.94 62 3.62 8482.9 8612.17 66 8.38 8521.55 8588.26 95 6.81 9142.55 9222.54 130 9.81 8445.51 8551.25
16 6 6.95 9155.83 9227.67 40 6.57 9751.22 9835.5 63 6.18 9286.46 9398.67 71 9.31 8832.34 8920.8 72 7.64 9187.23 9294.32 88 3.33 8985.01 9055.45 91 2.45 9596.29 9713.06 97 2.73 9954.7 10053.51 107 8.19 9555.33 9638.77 108 6.25 9848.41 9957.45 114 5.34 8963.59 9036.02 118 1.48 10044.74 10124.74 121 8.26 10845.94 10961.88 132 6.02 9388.29 9486.78 136 3.87 9760.97 9843.86 145 1.65 9832.02 9928.74
11 3 5.77 10488.01 10595.33 18 9.49 10056.78 10168.8 31 1.96 10502.44 10628.93 44 6.84 9470.65 9596.23 49 2.0 9920.49 10020.51 54 6.72 9673.53 9765.88 58 5.07 10079.62 10151.31 79 1.05 9721.67 9802.47 113 7.54 10043.66 10110.56 123 4.57 9928.29 10059.76 138 4.14 9272.5 9351.31
1 74 6.29 10286.82 10387.73
