900 0 0 1 12
2
3
3
3
3
3
3
3
3
3
3
3
3
3
3
3
3
3
3
3
3
3
3
3
3
3
3
3
3
2
3
4
4
4
4
4
4
4
4
4
4
4
4
4
4
4
4
4
4
4
4
4
4
4
4
4
4
4
4
3
3
4
4
4
4
4
4
4
4
4
4
4
4
4
4
4
4
4
4
4
4
4
4
4
4
4
4
4
4
3
3
4
4
4
4
4
4
4
4
4
4
4
4
4
4
4
4
4
4
4
4
4
4
4
4
4
4
4
4
3
3
4
4
4
4
4
4
4
4
4
4
4
4
4
4
4
4
4
4
4
4
4
4
4
4
4
4
4
4
3
3
4
4
4
4
4
4
4
4
4
4
4
4
4
4
4
4
4
4
4
4
4
4
4
4
4
4
4
4
3
3
4
4
4
4
4
4
4
4
4
4
4
4
4
4
4
4
4
4
4
4
4
4
4
4
4
4
4
4
3
3
4
4
4
4
4
4
4
4
4
4
4
4
4
4
4
4
4
4
4
4
4
4
4
4
4
4
4
4
3
3
4
4
4
4
4
4
4
4
4
4
4
4
4
4
4
4
4
4
4
4
4
4
4
4
4
4
4
4
3
3
4
4
4
4
4
4
4
4
4
4
4
4
4
4
4
4
4
4
4
4
4
4
4
4
4
4
4
4
3
3
4
4
4
4
4
4
4
4
4
4
4
4
4
4
4
4
4
4
4
4
4
4
4
4
4
4
4
4
3
3
4
4
4
4
4
4
4
4
4
4
4
4
4
4
4
4
4
4
4
4
4
4
4
4
4
4
4
4
3
3
4
4
4
4
4
4
4
4
4
4
4
4
4
4
4
4
4
4
4
4
4
4
4
4
4
4
4
4
3
3
4
4
4
4
4
4
4
4
4
4
4
4
4
4
4
4
4
4
4
4
4
4
4
4
4
4
4
4
3
3
4
4
4
4
4
4
4
4
4
4
4
4
4
4
4
4
4
4
4
4
4
4
4
4
4
4
4
4
3
3
4
4
4
4
4
4
4
4
4
4
4
4
4
4
4
4
4
4
4
4
4
4
4
4
4
4
4
4
3
3
4
4
4
4
4
4
4
4
4
4
4
4
4
4
4
4
4
4
4
4
4
4
4
4
4
4
4
4
3
3
4
4
4
4
4
4
4
4
4
4
4
4
4
4
4
4
4
4
4
4
4
4
4
4
4
4
4
4
3
3
4
4
4
4
4
4
4
4
4
4
4
4
4
4
4
4
4
4
4
4
4
4
4
4
4
4
4
4
3
3
4
4
4
4
4
4
4
4
4
4
4
4
4
4
4
4
4
4
4
4
4
4
4
4
4
4
4
4
3
3
4
4
4
4
4
4
4
4
4
4
4
4
4
4
4
4
4
4
4
4
4
4
4
4
4
4
4
4
3
3
4
4
4
4
4
4
4
4
4
4
4
4
4
4
4
4
4
4
4
4
4
4
4
4
4
4
4
4
3
3
4
4
4
4
4
4
4
4
4
4
4
4
4
4
4
4
4
4
4
4
4
4
4
4
4
4
4
4
3
3
4
4
4
4
4
4
4
4
4
4
4
4
4
4
4
4
4
4
4
4
4
4
4
4
4
4
4
4
3
3
4
4
4
4
4
4
4
4
4
4
4
4
4
4
4
4
4
4
4
4
4
4
4
4
4
4
4
4
3
3
4
4
4
4
4
4
4
4
4
4
4
4
4
4
4
4
4
4
4
4
4
4
4
4
4
4
4
4
3
3
4
4
4
4
4
4
4
4
4
4
4
4
4
4
4
4
4
4
4
4
4
4
4
4
4
4
4
4
3
3
4
4
4
4
4
4
4
4
4
4
4
4
4
4
4
4
4
4
4
4
4
4
4
4
4
4
4
4
3
3
4
4
4
4
4
4
4
4
4
4
4
4
4
4
4
4
4
4
4
4
4
4
4
4
4
4
4
4
3
2
3
3
3
3
3
3
3
3
3
3
3
3
3
3
3
3
3
3
3
3
3
3
3
3
3
3
3
3
2
2 6752 40.53
31 7229 597.90
3 6387 542.74
1 603 58.10
32 3125 631.90
4 6550 424.15
2 487 842.42
33 6849 906.40
5 5479 423.73
3 4397 655.87
34 4612 930.50
6 7872 345.04
4 3473 255.36
35 5395 445.23
7 5887 790.40
5 6725 695.72
36 7125 558.12
8 4514 288.14
6 4877 146.67
37 6384 579.68
9 6707 564.99
7 778 147.27
38 5611 151.02
10 5526 20.91
8 5924 554.85
39 7422 687.64
11 2589 388.76
9 6317 928.86
40 6759 180.61
12 9538 190.72
10 6008 476.69
41 5429 257.83
13 489 980.43
11 6977 985.49
42 2034 160.38
14 5090 670.40
12 9573 768.00
43 3302 838.34
15 6567 173.38
13 7879 130.90
44 6712 317.41
16 9376 882.98
14 1551 400.40
45 277 418.46
17 4949 516.42
15 2271 495.55
46 5158 116.32
18 6153 758.12
16 4178 144.75
47 5483 214.86
19 785 196.01
17 478 596.32
48 7797 843.12
20 6149 864.03
18 125 529.98
49 8133 540.74
21 5034 533.53
19 1030 116.90
50 242 950.32
22 4101 797.76
20 1932 279.07
51 2054 553.55
23 5874 302.15
21 5267 3.74
52 6518 70.79
24 4299 199.00
22 5630 48.25
53 2838 414.12
25 8745 892.44
23 9380 408.91
54 5191 773.26
26 9879 693.48
24 9251 76.04
55 4577 6.63
27 9934 275.28
25 1736 673.87
56 1874 903.50
28 9867 331.09
26 8645 227.40
57 844 803.58
29 9839 601.35
27 9694 748.27
58 18 665.60
30 1662 155.37
28 1667 605.38
59 8183 486.16
29 555 49.98
60 4925 685.00
32 328 712.70
61 7719 737.90
1 5183 564.70
33 2715 335.73
31 3460 997.02
62 6336 839.92
2 5036 851.37
34 1762 662.46
32 1212 785.64
63 7488 805.18
3 6958 405.65
35 1811 801.60
33 4380 626.36
64 5515 97.53
4 5576 831.40
36 6892 570.51
34 8417 600.14
65 2172 454.23
5 2327 741.20
37 9963 375.08
35 6021 102.53
66 8681 590.64
6 4469 969.89
38 5872 104.00
36 2276 276.73
67 2127 645.77
7 5624 445.15
39 1864 575.36
37 5825 687.19
68 8191 717.76
8 7505 960.39
40 8863 775.49
38 3811 507.34
69 4818 952.16
9 9919 104.18
41 2160 827.30
39 416 487.68
70 6599 275.32
10 7691 624.27
42 451 341.89
40 7730 786.24
71 8905 71.16
11 9360 500.36
43 3249 57.53
41 1285 404.90
72 9974 669.01
12 6043 596.73
44 8555 487.75
42 3015 306.76
73 4759 687.33
13 8919 37.30
45 5189 560.91
43 9026 860.60
74 4628 105.98
14 9906 378.98
46 5419 420.18
44 7412 966.67
75 9300 451.19
15 7911 394.21
47 8401 454.64
45 7191 624.21
76 1617 830.79
16 6520 255.72
48 6943 4.75
46 9173 453.04
77 5941 596.44
17 9517 980.23
49 6140 126.43
47 8563 331.79
78 5950 108.12
18 5691 491.99
50 40 329.65
48 4278 185.01
79 3637 648.94
19 40 331.71
51 5142 702.09
49 7516 198.90
80 3531 983.37
20 2598 95.28
52 3053 334.59
50 3488 949.97
81 3500 126.82
21 8986 488.70
53 7053 751.81
51 7514 574.07
82 4605 444.82
22 9455 10.24
54 6231 650.62
52 9291 731.66
83 8412 992.92
23 3350 589.06
55 3915 943.20
53 7830 542.58
84 9432 331.79
24 9287 910.99
56 3233 280.84
54 7934 647.59
85 6970 740.43
25 7595 181.55
57 3989 680.58
55 8291 814.00
86 5001 148.53
26 7407 619.95
58 9660 222.70
56 4372 78.05
87 2208 696.69
27 593 686.73
59 3435 503.04
57 9441 776.26
88 9867 552.82
28 800 461.85
60 4781 822.85
58 2201 206.36
89 1865 444.57
29 6250 575.66
59 471 609.22
90 6463 454.36
30 4599 908.13
62 5754 405.28
91 5023 738.37
31 4759 938.67
63 329 269.85
61 3607 228.63
92 5577 261.00
32 3963 842.64
64 8641 811.07
62 8500 908.54
93 9994 955.69
33 1862 685.84
65 9797 357.16
63 2399 665.53
94 4190 924.23
34 7192 10.53
66 4421 35.25
64 6857 924.92
95 6615 703.76
35 3477 596.37
67 4513 466.51
65 8709 557.41
96 9567 897.81
36 9900 997.07
68 5094 453.59
66 1035 782.35
97 6208 926.83
37 2568 791.42
69 9055 918.07
67 2453 660.43
98 5773 554.25
38 9672 143.03
70 4780 749.77
68 2726 789.60
99 7400 476.86
39 1047 321.41
71 8209 477.47
69 1771 282.50
100 2408 902.23
40 1025 602.06
72 2613 340.83
70 6565 400.41
101 3413 785.30
41 6433 912.40
73 1579 456.94
71 5373 504.24
102 6615 867.55
42 6636 391.94
74 6096 294.55
72 6166 203.63
103 7658 480.13
43 717 469.96
75 9639 506.97
73 3264 42.79
104 9708 996.67
44 1923 637.36
76 9731 697.27
74 4351 602.62
105 8043 664.67
45 9734 468.10
77 5363 318.85
75 4723 666.25
106 1197 112.92
46 1756 826.40
78 2171 122.65
76 8348 703.94
107 2951 591.44
47 4467 53.02
79 2854 317.08
77 9561 123.23
108 7248 317.91
48 6828 364.21
80 5433 297.06
78 7899 608.84
109 5576 996.03
49 435 898.69
81 8997 747.93
79 6920 449.79
110 309 901.95
50 7053 513.74
82 7896 209.80
80 3427 885.65
111 2584 850.92
51 9390 26.08
83 1016 738.24
81 4342 500.19
112 9444 94.58
52 8327 900.85
84 4891 844.83
82 7600 638.89
113 6298 956.45
53 4633 244.31
85 8394 432.66
83 7912 695.62
114 6058 673.31
54 7186 582.23
86 8084 372.59
84 6876 290.60
115 9770 50.86
55 7894 626.67
87 2042 572.99
85 6813 320.57
116 5778 828.26
56 5358 768.12
88 5207 609.08
86 6699 957.50
117 4986 979.41
57 7902 237.36
89 7827 185.31
87 2224 818.27
118 4142 546.72
58 9036 549.35
90 8232 680.52
88 7700 340.53
119 457 744.23
59 7570 834.83
89 8798 970.05
120 1531 494.48
60 4430 947.90
92 8284 966.70
121 8456 985.93
61 1073 415.51
93 9201 181.96
91 9110 715.33
122 797 777.56
62 9802 448.63
94 4801 510.22
92 4737 771.42
123 5145 501.13
63 7242 610.27
95 5175 604.01
93 2133 771.79
124 8396 427.64
64 6684 788.06
96 4482 489.17
94 6364 1.58
125 9804 77.73
65 3088 652.02
97 2858 167.66
95 6605 78.72
126 2034 388.27
66 3812 242.83
98 9230 800.88
96 2541 74.35
127 34 257.97
67 9671 259.05
99 1399 732.65
97 7307 616.19
128 8757 495.94
68 8570 964.95
100 4753 854.28
98 8491 613.17
129 8345 718.10
69 8863 543.63
101 2376 402.36
99 4733 994.55
130 4571 153.81
70 9485 510.20
102 6887 568.76
100 6053 413.39
131 1120 835.10
71 7028 132.71
103 5148 716.93
101 4270 885.15
132 6584 615.72
72 7869 598.76
104 7169 494.73
102 487 598.95
133 2783 281.98
73 7430 431.55
105 4353 285.02
103 3142 825.01
134 1992 979.77
74 8327 347.50
106 4623 42.87
104 1116 505.60
135 9259 397.61
75 1279 681.46
107 5789 29.39
105 6370 710.84
136 4310 845.91
76 9281 468.05
108 5389 140.47
106 4298 371.83
137 989 78.01
77 2689 466.02
109 3169 979.04
107 2373 338.11
138 4183 220.30
78 7829 89.71
110 1630 551.75
108 2959 420.07
139 9165 956.20
79 7887 673.41
111 4758 145.50
109 3391 143.53
140 5802 244.16
80 2283 423.12
112 8555 981.81
110 5120 811.87
141 9739 125.09
81 4307 364.97
113 6661 755.84
111 8740 7.51
142 6838 557.21
82 5379 423.65
114 6816 447.07
112 4938 931.92
143 1037 233.31
83 3805 992.19
115 6599 724.45
113 5179 866.06
144 1861 629.76
84 8234 131.07
116 1593 171.08
114 5070 26.88
145 6830 475.55
85 2162 828.39
117 7370 425.60
115 6465 339.14
146 4677 259.01
86 6298 670.04
118 6761 382.57
116 1634 710.51
147 2747 681.16
87 9514 625.74
119 5882 135.10
117 5503 137.35
148 813 99.71
88 8004 533.83
120 1948 300.39
118 5967 632.98
149 1929 238.65
89 2374 234.41
119 5342 797.75
150 3616 793.64
90 6590 783.69
122 8422 253.63
151 5986 664.49
91 5222 979.46
123 4265 458.30
121 6224 142.87
152 4168 180.60
92 2842 95.67
124 2663 190.27
122 5343 39.29
153 8297 854.01
93 9642 582.27
125 6002 680.38
123 2356 192.65
154 8610 821.19
94 1992 191.95
126 7690 389.27
124 3279 739.74
155 1763 448.41
95 2413 421.96
127 726 846.55
125 6663 142.55
156 5845 195.01
96 171 918.21
128 1572 410.59
126 8500 372.79
157 7833 649.78
97 8795 398.28
129 6532 741.60
127 1785 255.23
158 8527 394.56
98 4524 739.83
130 3838 80.33
128 970 512.45
159 3102 914.28
99 2535 829.41
131 6359 26.86
129 954 399.46
160 6148 646.65
100 6980 604.81
132 1734 820.63
130 3452 48.19
161 2720 226.99
101 2994 453.82
133 4338 195.64
131 969 783.69
162 5550 413.72
102 4353 573.99
134 7895 893.55
132 8614 839.14
163 9696 709.06
103 7641 789.63
135 9324 140.09
133 464 298.87
164 3203 358.82
104 6512 687.92
136 853 320.68
134 6500 970.22
165 3707 325.89
105 6415 563.44
137 3833 233.83
135 1492 470.42
166 1079 112.69
106 9814 53.91
138 9231 221.90
136 5725 87.38
167 9336 852.88
107 3258 644.22
139 9069 834.52
137 6935 230.35
168 4198 248.90
108 3377 444.61
140 8749 437.95
138 8163 317.93
169 1620 750.13
109 5034 432.63
141 8868 790.75
139 6081 885.45
170 3692 368.38
110 5697 838.11
142 8381 377.47
140 295 91.23
171 3897 682.27
111 8027 70.13
143 6597 276.15
141 187 12.73
172 8739 730.44
112 1914 848.29
144 8300 207.51
142 8103 92.64
173 6449 295.25
113 2543 582.99
145 6674 830.96
143 4081 181.91
174 1504 420.16
114 3390 578.10
146 1116 318.54
144 6361 926.56
175 4944 428.87
115 9801 788.83
147 708 148.63
145 8635 359.27
176 5557 63.64
116 1945 29.28
148 9961 545.72
146 6772 415.88
177 9828 947.77
117 9339 499.82
149 1326 352.08
147 7857 860.14
178 3703 121.95
118 1578 357.98
150 3195 122.53
148 2280 976.50
179 6787 151.84
119 2938 794.24
149 7699 91.94
180 5696 854.16
120 9140 182.13
152 5166 269.33
181 8660 789.29
121 3370 650.94
153 965 663.05
151 6544 267.61
182 3314 4.58
122 7317 247.59
154 2431 480.53
152 394 705.50
183 7272 118.34
123 8945 462.52
155 4848 459.93
153 1313 93.98
184 351 932.71
124 7840 286.91
156 4047 456.19
154 987 787.10
185 8239 890.52
125 3508 636.51
157 4838 516.85
155 2864 563.71
186 3599 985.91
126 8257 199.79
158 6354 543.67
156 4527 696.00
187 1502 698.99
127 1884 301.26
159 187 800.50
157 6876 857.51
188 2767 842.94
128 8673 547.22
160 3507 41.14
158 4570 517.07
189 8360 788.72
129 5351 92.82
161 6391 562.77
159 1030 695.94
190 3011 100.10
130 9270 961.06
162 3323 638.42
160 2095 627.03
191 8182 963.35
131 1492 857.12
163 7019 164.66
161 4888 902.09
192 9006 548.19
132 8694 681.47
164 1636 227.84
162 6417 943.47
193 8756 994.09
133 5987 531.25
165 928 290.67
163 1366 856.19
194 9836 581.66
134 6355 324.20
166 4175 32.99
164 7340 466.98
195 9456 671.02
135 310 522.64
167 6343 434.53
165 9082 509.72
196 3865 662.82
136 7563 759.13
168 801 382.14
166 9721 59.32
197 5207 419.64
137 7312 429.50
169 180 905.04
167 2472 229.41
198 5171 618.85
138 1831 207.68
170 4921 814.15
168 8275 546.23
199 4804 700.74
139 8124 915.58
171 9073 384.82
169 1804 448.36
200 1431 851.93
140 5833 40.31
172 5575 651.20
170 746 704.17
201 7545 536.28
141 2607 604.55
173 2893 831.40
171 6565 266.67
202 2565 764.96
142 9052 944.89
174 1518 310.04
172 2286 490.09
203 9974 619.61
143 3650 788.39
175 6930 925.43
173 4020 739.26
204 8721 244.86
144 9353 502.39
176 1849 507.88
174 3724 170.32
205 1375 413.05
145 4652 752.07
177 5025 914.80
175 147 667.82
206 2162 126.64
146 5328 982.64
178 6941 870.17
176 9692 752.32
207 9891 724.84
147 2461 973.82
179 2992 696.36
177 8336 984.67
208 6921 403.53
148 657 785.11
180 4780 461.80
178 1286 908.51
209 7078 550.15
149 4779 935.75
179 5758 820.84
210 3254 734.40
150 8296 932.75
182 5756 683.93
211 5082 105.99
151 9612 260.61
183 8614 16.94
181 9720 977.72
212 9354 857.70
152 4369 443.60
184 6038 405.42
182 765 758.24
213 1855 356.43
153 8102 830.22
185 1347 489.76
183 9904 770.25
214 2004 281.29
154 4195 187.74
186 7265 710.48
184 2001 64.50
215 8025 797.77
155 6566 750.20
187 3687 429.51
185 34 587.24
216 7353 463.08
156 9160 394.35
188 6151 30.04
186 929 61.02
217 2975 597.22
157 2246 798.05
189 430 857.55
187 122 529.38
218 4321 554.03
158 6718 418.11
190 2848 820.43
188 5770 979.37
219 425 646.19
159 7685 291.40
191 5975 323.55
189 5374 976.53
220 6591 319.49
160 533 558.25
192 7560 737.52
190 8898 807.39
221 9478 799.56
161 248 73.69
193 1613 583.60
191 9680 161.59
222 7925 661.04
162 8601 619.71
194 2085 259.89
192 757 923.09
223 897 576.15
163 8132 482.54
195 5495 193.27
193 8526 54.68
224 5770 112.19
164 9836 943.89
196 3936 649.30
194 9790 107.56
225 2404 396.89
165 4461 349.46
197 7939 635.54
195 2628 529.92
226 9003 726.42
166 7147 6.59
198 7423 452.88
196 5267 951.57
227 735 477.34
167 9189 69.11
199 853 587.67
197 4977 154.55
228 9084 492.08
168 732 500.43
200 9690 607.48
198 5643 490.47
229 6000 143.09
169 5873 57.59
201 5734 793.85
199 8231 519.38
230 6792 806.83
170 1424 2.35
202 1033 488.28
200 7698 621.15
231 7156 993.66
171 812 816.74
203 9685 932.54
201 5916 226.45
232 3706 242.43
172 17 336.94
204 2706 266.02
202 1660 291.02
233 1458 782.15
173 2623 42.42
205 4048 118.52
203 3141 568.14
234 4095 8.10
174 3499 754.06
206 7045 221.46
204 5032 779.76
235 1074 840.16
175 1687 920.35
207 9806 531.55
205 9999 780.07
236 805 215.18
176 5730 69.59
208 8858 999.76
206 5268 164.25
237 9151 53.07
177 7335 923.91
209 3517 353.50
207 7535 949.01
238 310 127.87
178 4541 438.31
210 2729 418.54
208 6151 860.85
239 2338 423.06
179 8461 665.92
209 3648 981.05
240 2867 384.65
180 2897 290.58
212 4785 358.31
241 4279 774.16
181 1708 522.15
213 2330 103.41
211 5798 431.50
242 4224 451.43
182 5727 221.97
214 827 68.28
212 9224 371.48
243 3093 928.45
183 8297 621.23
215 9075 643.11
213 5075 972.93
244 1231 469.04
184 2548 154.79
216 2982 320.12
214 146 378.11
245 8507 483.76
185 1349 623.02
217 2336 718.96
215 2807 735.87
246 893 94.78
186 4369 600.04
218 4250 66.20
216 3065 752.73
247 8482 188.69
187 1961 441.22
219 8705 51.23
217 5541 93.21
248 1839 503.55
188 6818 667.86
220 1244 322.63
218 5327 280.03
249 3966 870.47
189 4731 558.77
221 9795 885.98
219 9960 396.14
250 835 863.18
190 7369 787.75
222 1806 395.99
220 1817 236.74
251 8664 882.85
191 8126 342.41
223 710 868.25
221 5689 429.92
252 7268 178.02
192 2675 258.04
224 5251 171.41
222 7274 590.84
253 5527 394.42
193 664 94.75
225 5961 169.99
223 6311 460.97
254 9177 405.16
194 659 505.89
226 4426 728.31
224 2782 153.27
255 7407 528.06
195 5445 539.71
227 7374 180.21
225 2321 590.90
256 5972 348.90
196 5062 1.65
228 1229 586.57
226 8191 200.61
257 5768 939.07
197 8790 377.35
229 6985 678.27
227 9074 244.06
258 921 477.92
198 5410 606.73
230 6981 739.35
228 5420 252.28
259 682 451.38
199 7975 635.98
231 4104 751.74
229 3665 78.63
260 3363 264.97
200 8586 57.62
232 3336 327.70
230 1829 683.45
261 7591 87.30
201 9634 482.71
233 8574 200.78
231 6450 500.76
262 1208 680.61
202 8514 883.86
234 2102 897.39
232 7030 972.13
263 9318 183.00
203 2500 385.79
235 2126 610.13
233 5830 4.38
264 215 212.87
204 1101 76.21
236 5070 974.84
234 1275 230.73
265 4580 724.27
205 297 514.17
237 6356 249.51
235 1225 360.41
266 83 146.31
206 576 38.48
238 8174 27.63
236 4418 432.79
267 5529 629.78
207 3702 154.54
239 896 525.80
237 6175 494.42
268 9431 748.60
208 9602 846.00
240 925 320.43
238 7395 765.64
269 3712 41.21
209 4085 972.24
239 9311 993.54
270 1826 305.55
210 5439 76.35
242 484 786.90
271 4282 565.91
211 1672 783.73
243 7461 380.09
241 5512 8.96
272 4185 826.64
212 3737 826.39
244 9410 212.06
242 4878 186.89
273 6177 92.35
213 7310 849.92
245 4605 197.70
243 5348 811.02
274 6515 725.02
214 5175 902.04
246 3410 248.04
244 2432 477.81
275 6323 313.59
215 9285 870.45
247 8018 335.66
245 1327 477.97
276 5748 374.12
216 9878 408.10
248 2453 167.40
246 5291 49.14
277 891 153.38
217 2160 34.57
249 3637 701.71
247 4922 315.90
278 9729 584.86
218 1672 376.52
250 4070 340.21
248 8127 401.86
279 1983 949.58
219 390 485.00
251 6099 216.40
249 877 553.28
280 7828 495.33
220 9945 494.77
252 1733 449.02
250 3948 674.89
281 2659 457.95
221 9194 509.33
253 690 642.87
251 3048 648.81
282 6120 689.73
222 6347 272.95
254 6289 79.59
252 1213 468.72
283 8918 984.18
223 7453 482.58
255 2560 785.31
253 4963 746.54
284 7429 20.78
224 6910 722.99
256 6189 445.46
254 1966 319.87
285 9365 774.98
225 1609 75.12
257 8966 341.25
255 1395 366.73
286 2273 840.25
226 4682 72.60
258 5660 902.17
256 7064 453.82
287 1207 622.84
227 1232 558.91
259 3781 152.15
257 1578 447.36
288 5165 599.80
228 9247 56.25
260 5502 157.07
258 9556 213.05
289 7203 773.87
229 4813 377.14
261 9482 228.84
259 2812 789.74
290 3376 889.23
230 1071 102.91
262 2494 829.23
260 4570 459.78
291 9630 632.77
231 4948 906.23
263 8654 736.89
261 6807 864.50
292 1158 657.21
232 299 239.26
264 5054 938.21
262 8503 919.62
293 3042 854.68
233 1567 771.45
265 452 573.71
263 5925 704.51
294 7163 510.80
234 3506 749.24
266 5182 783.14
264 5852 73.54
295 1619 640.40
235 8660 855.54
267 770 285.56
265 8850 972.45
296 4232 400.94
236 1394 75.12
268 730 648.56
266 5430 373.46
297 291 263.96
237 1259 419.50
269 9507 359.45
267 2481 108.19
298 6582 476.95
238 9455 219.15
270 7914 360.26
268 7808 633.34
299 8892 440.89
239 648 813.62
269 837 874.21
300 7192 391.78
240 6848 643.79
272 5933 657.68
301 2718 162.42
241 2988 398.72
273 2927 267.13
271 3280 442.28
302 1396 183.13
242 3370 805.24
274 2461 628.09
272 4731 958.46
303 7047 385.53
243 9943 548.76
275 9577 673.76
273 5684 478.78
304 7968 916.45
244 6781 570.07
276 5184 624.57
274 472 517.32
305 1433 646.05
245 3503 137.34
277 9833 962.06
275 8062 725.26
306 5293 426.76
246 4512 728.62
278 8197 969.57
276 4064 890.24
307 8163 722.21
247 2478 814.98
279 2099 615.69
277 3660 6.81
308 828 384.89
248 7602 979.82
280 1141 837.61
278 8234 434.12
309 8177 868.38
249 9126 912.54
281 5144 830.51
279 9104 620.67
310 9774 434.03
250 9018 508.39
282 3783 856.19
280 1973 174.19
311 5620 906.59
251 8113 493.84
283 6880 900.44
281 9702 117.08
312 5337 925.01
252 1366 29.60
284 8620 311.17
282 74 399.35
313 6636 407.12
253 2529 354.43
285 3350 976.86
283 7416 885.10
314 468 412.08
254 2366 921.95
286 8529 730.17
284 3950 265.31
315 4653 275.87
255 5672 544.27
287 5247 782.36
285 4787 804.71
316 8587 203.24
256 1501 98.96
288 4680 975.38
286 176 731.45
317 2625 212.84
257 2012 380.99
289 9052 22.10
287 9092 668.01
318 3764 473.72
258 7698 613.07
290 7353 528.89
288 6356 127.34
319 8047 839.91
259 1794 212.08
291 2147 34.97
289 2461 855.63
320 4937 704.90
260 1531 478.75
292 2176 42.79
290 1455 786.64
321 1455 687.75
261 6075 609.69
293 6254 357.25
291 2296 833.11
322 536 274.55
262 6398 948.01
294 7057 149.73
292 5142 762.20
323 5041 176.96
263 9744 379.77
295 2227 354.87
293 4328 804.45
324 9841 5.78
264 7137 704.98
296 3326 583.19
294 9055 761.72
325 4595 455.71
265 519 900.96
297 4373 304.00
295 5461 532.90
326 9091 559.45
266 188 626.59
298 7781 739.22
296 1245 464.02
327 1386 149.37
267 1393 203.40
299 1104 279.72
297 3381 713.96
328 9048 159.96
268 2669 84.50
300 417 8.49
298 7287 3.73
329 4680 939.87
269 7559 571.71
299 3489 905.90
330 5821 741.25
270 6073 600.99
302 988 913.14
331 2277 75.48
271 2094 714.91
303 3245 172.67
301 7946 731.15
332 8253 273.17
272 8554 902.97
304 6836 223.40
302 5675 579.26
333 8517 714.63
273 910 492.86
305 9292 7.24
303 6350 221.56
334 8182 966.67
274 1725 437.17
306 2900 74.47
304 9258 499.98
335 3022 747.88
275 9175 206.24
307 51 633.01
305 6936 475.29
336 8558 661.42
276 8640 142.54
308 6735 458.05
306 8223 829.23
337 2862 479.35
277 4193 891.50
309 3387 412.09
307 8893 68.36
338 8631 711.29
278 427 946.60
310 5518 118.22
308 3367 498.90
339 3758 7.18
279 6121 442.48
311 6024 829.19
309 3557 435.08
340 4302 483.69
280 7701 744.89
312 6849 735.58
310 267 364.51
341 2338 68.06
281 6131 950.09
313 9365 174.75
311 8526 488.91
342 5439 257.50
282 1351 566.84
314 2092 385.86
312 4961 140.31
343 2964 494.68
283 9483 75.24
315 3915 153.32
313 3928 967.09
344 3678 905.16
284 6954 992.24
316 3415 914.02
314 166 331.43
345 9968 161.87
285 4760 216.49
317 5376 160.26
315 6051 968.28
346 7706 541.93
286 2226 234.59
318 8897 177.78
316 2569 809.55
347 796 27.68
287 7898 992.89
319 5825 203.33
317 9042 121.02
348 8294 445.34
288 8274 853.03
320 8253 67.18
318 7271 254.68
349 5162 332.57
289 6850 550.81
321 6588 754.71
319 9704 557.75
350 7502 937.87
290 4797 750.81
322 8678 514.29
320 1459 673.23
351 8040 776.48
291 5598 499.75
323 290 569.74
321 7336 858.46
352 2990 730.12
292 3505 123.81
324 104 331.02
322 3834 972.80
353 4849 175.22
293 8729 503.82
325 6082 112.27
323 9892 187.75
354 7603 674.11
294 3842 402.53
326 1482 344.20
324 6750 792.95
355 1353 578.18
295 8481 879.23
327 3362 765.59
325 5506 497.34
356 6861 402.07
296 3766 421.01
328 4799 439.00
326 6406 177.75
357 6466 832.78
297 1725 664.68
329 8183 518.11
327 4017 971.03
358 8558 149.94
298 7678 976.23
330 9124 190.02
328 6736 686.70
359 2449 690.23
299 6468 223.13
329 2875 919.39
360 2559 380.50
300 9245 651.19
332 6365 772.82
361 2485 239.81
301 4337 256.82
333 6857 419.04
331 6341 902.38
362 178 705.97
302 8775 306.51
334 2647 484.38
332 5335 880.73
363 3846 545.80
303 2297 463.89
335 5079 970.91
333 5177 399.41
364 3092 812.90
304 7163 740.51
336 4433 125.55
334 8463 803.27
365 2415 783.46
305 7899 315.51
337 5595 392.64
335 864 930.75
366 2226 330.68
306 9334 422.75
338 7639 80.60
336 3797 194.11
367 8921 97.97
307 5548 398.52
339 5723 134.68
337 5265 574.64
368 6080 798.35
308 165 956.84
340 523 22.92
338 9917 750.12
369 1061 240.47
309 7692 859.66
341 211 685.43
339 2800 610.69
370 3256 511.98
310 5660 27.12
342 1325 165.33
340 7969 475.95
371 8069 67.27
311 2707 231.04
343 6724 843.99
341 1446 14.72
372 9078 607.33
312 63 101.70
344 7536 218.73
342 168 477.76
373 3564 761.28
313 5486 27.18
345 4375 652.55
343 9918 844.59
374 4980 98.96
314 6856 970.39
346 7168 776.27
344 4165 676.75
375 7081 17.81
315 9899 178.58
347 3468 107.80
345 6389 831.55
376 4277 248.11
316 9450 756.53
348 2014 614.00
346 9822 401.14
377 9114 839.26
317 8981 470.74
349 2797 2.54
347 9040 299.79
378 9724 492.88
318 7249 151.19
350 5949 957.46
348 3517 120.12
379 3010 576.65
319 200 53.76
351 3357 909.43
349 602 295.05
380 4128 468.88
320 9615 268.13
352 9463 390.99
350 7038 746.22
381 8253 867.81
321 6006 241.92
353 1334 398.84
351 2390 254.27
382 135 260.48
322 7941 125.49
354 5954 340.92
352 6588 478.14
383 1702 954.82
323 6247 496.76
355 5312 95.39
353 3917 509.77
384 8960 257.94
324 4662 814.23
356 5465 875.12
354 6689 388.61
385 5519 133.99
325 6546 123.69
357 6024 832.80
355 596 687.57
386 2019 965.19
326 4240 801.14
358 5951 337.14
356 1776 886.24
387 8609 317.51
327 9000 705.30
359 3869 801.12
357 1300 434.78
388 6924 645.65
328 789 569.17
360 5565 938.70
358 1813 754.52
389 7811 136.96
329 3947 801.82
359 6863 762.99
390 9107 831.30
330 7580 421.06
362 8659 709.35
391 2661 358.02
331 5401 641.62
363 7081 653.20
361 2133 826.55
392 8568 555.65
332 5476 110.78
364 7987 930.91
362 7288 997.16
393 6691 303.28
333 711 11.37
365 5640 346.33
363 8659 532.87
394 1987 757.39
334 4514 22.13
366 8827 456.23
364 5043 774.54
395 8680 991.02
335 5052 850.37
367 5881 120.04
365 5696 604.61
396 9494 217.18
336 1419 390.79
368 2881 984.26
366 15 443.76
397 1983 247.12
337 295 346.72
369 3177 77.44
367 497 702.70
398 3575 825.01
338 8134 40.17
370 137 522.58
368 4238 404.90
399 1608 573.56
339 2915 22.86
371 1559 691.87
369 8837 127.41
400 5988 366.34
340 3357 15.13
372 7621 361.08
370 3793 841.41
401 4249 172.50
341 9834 224.28
373 9334 46.61
371 1800 951.61
402 7970 508.59
342 1155 8.99
374 9371 698.76
372 9458 456.90
403 1780 828.42
343 4528 479.77
375 7859 551.40
373 7699 18.83
404 3315 249.63
344 6930 910.51
376 4242 160.40
374 3079 279.75
405 989 2.31
345 2926 482.83
377 8985 911.61
375 7626 52.26
406 249 693.62
346 7994 648.64
378 5371 609.10
376 8093 754.04
407 2952 110.95
347 3172 767.41
379 799 137.88
377 1394 187.94
408 237 888.59
348 1181 630.20
380 2268 51.12
378 5473 421.83
409 5827 339.24
349 2431 811.93
381 3713 126.64
379 4556 651.69
410 5826 12.35
350 850 548.57
382 5932 948.06
380 7804 940.73
411 6639 410.38
351 9841 730.59
383 9834 928.87
381 5415 221.38
412 3729 281.12
352 8156 954.09
384 5409 900.13
382 3556 322.24
413 8129 696.54
353 425 597.39
385 8711 592.94
383 5840 915.68
414 5456 559.51
354 3969 976.69
386 7628 402.60
384 1868 510.62
415 8329 854.11
355 5798 432.59
387 3178 438.30
385 7239 735.65
416 2144 928.61
356 4188 64.78
388 1397 603.53
386 5871 973.89
417 1716 660.06
357 5780 47.50
389 2663 927.01
387 5035 694.94
418 9654 729.44
358 1461 959.04
390 8946 24.08
388 7309 730.91
419 8187 185.50
359 9845 523.93
389 787 970.67
420 9379 739.62
360 2903 979.61
392 3936 38.17
421 1303 30.93
361 1558 179.05
393 4741 231.38
391 5386 243.52
422 7274 178.18
362 5349 834.80
394 4755 583.64
392 3721 774.65
423 4954 713.18
363 5361 694.67
395 286 292.72
393 6513 349.49
424 2553 650.12
364 7379 818.50
396 7916 256.58
394 1877 671.05
425 1570 41.38
365 3059 656.48
397 275 800.67
395 7649 9.85
426 3997 950.95
366 678 488.70
398 4041 115.46
396 3450 608.77
427 1756 208.55
367 3989 999.05
399 5669 927.37
397 7211 794.22
428 4512 696.57
368 2694 21.52
400 6691 256.63
398 6501 90.66
429 9704 202.74
369 178 80.96
401 1560 159.09
399 9053 998.98
430 9933 902.83
370 9908 674.42
402 2190 190.32
400 9516 725.81
431 5533 864.15
371 313 712.35
403 7996 834.53
401 5553 968.08
432 3843 523.92
372 1537 91.02
404 8608 256.24
402 7734 317.89
433 4652 143.07
373 743 919.40
405 1132 196.27
403 6962 536.05
434 8422 458.63
374 4064 162.02
406 3757 720.64
404 6925 93.80
435 6714 288.94
375 2603 40.15
407 191 235.43
405 2859 647.07
436 4705 734.70
376 1585 149.20
408 6904 130.55
406 1872 778.56
437 1365 918.78
377 3806 262.96
409 6933 263.35
407 1098 937.81
438 5348 1.26
378 6936 388.35
410 815 291.42
408 7831 161.98
439 2189 388.57
379 1191 623.64
411 6379 599.23
409 8230 828.68
440 1645 755.17
380 7704 153.90
412 1856 439.62
410 8919 12.04
441 817 100.77
381 9165 915.87
413 7971 202.63
411 9803 564.94
442 3667 796.53
382 3152 850.11
414 9554 754.90
412 6318 205.26
443 7239 13.47
383 4200 372.35
415 1796 573.88
413 4027 764.63
444 2434 548.85
384 325 829.20
416 738 123.76
414 2224 215.80
445 6373 895.54
385 4406 86.49
417 3978 293.57
415 2613 825.01
446 8378 538.42
386 9403 107.78
418 2630 790.23
416 6227 797.45
447 2215 694.92
387 7269 922.53
419 6403 331.38
417 2263 323.15
448 2351 854.43
388 6656 569.04
420 4313 103.37
418 3218 586.80
449 9625 68.39
389 9720 444.93
419 8449 920.40
450 5970 808.04
390 2951 384.35
422 1637 672.37
451 3307 249.73
391 2042 956.91
423 2048 141.35
421 9566 958.76
452 1754 182.89
392 5002 653.23
424 6755 391.88
422 7079 524.09
453 1813 516.91
393 9338 37.66
425 2453 202.56
423 6097 637.51
454 9061 979.01
394 9096 216.20
426 5633 547.74
424 2630 839.09
455 3247 325.46
395 7585 216.35
427 2950 298.96
425 3054 636.27
456 506 599.89
396 3213 254.91
428 9866 174.32
426 9659 687.44
457 2579 650.32
397 6029 19.23
429 4680 364.52
427 37 26.42
458 1776 797.76
398 2686 601.98
430 1773 101.05
428 8456 667.71
459 3808 70.75
399 4067 504.63
431 7870 56.43
429 9223 667.26
460 5289 775.75
400 6137 222.61
432 8088 43.30
430 7755 303.13
461 2319 135.67
401 4190 797.89
433 5888 831.31
431 8687 990.16
462 5043 584.10
402 1950 687.70
434 1810 379.24
432 4444 112.25
463 924 638.23
403 9731 173.36
435 9722 952.64
433 1065 199.35
464 7863 268.03
404 128 7.21
436 4783 884.58
434 2820 870.50
465 4744 360.89
405 6252 912.64
437 7176 200.66
435 8388 746.82
466 3524 338.45
406 7147 864.65
438 8062 533.54
436 5105 937.12
467 5498 582.70
407 9005 85.38
439 3980 826.07
437 3716 734.70
468 595 550.77
408 5851 896.99
440 1639 348.98
438 8471 852.69
469 1055 349.07
409 102 178.79
441 3407 567.75
439 4867 304.63
470 1470 107.97
410 5272 445.92
442 8082 498.74
440 2458 462.13
471 4724 251.84
411 4812 362.80
443 1770 485.28
441 1006 212.30
472 6775 681.24
412 6779 909.67
444 5053 347.73
442 8101 224.76
473 6690 470.17
413 6981 311.53
445 5254 691.14
443 7611 884.25
474 6025 144.58
414 270 501.90
446 396 393.29
444 7342 568.86
475 6066 432.08
415 6729 365.91
447 6022 667.47
445 9285 363.69
476 7205 105.78
416 9811 859.57
448 8578 782.78
446 4476 221.05
477 9247 570.32
417 4190 105.41
449 4837 27.75
447 5271 291.40
478 1912 289.69
418 7717 158.80
450 9203 991.47
448 5088 375.30
479 9 964.12
419 7468 919.11
449 9457 2.12
480 5727 361.91
420 525 407.74
452 1344 247.53
481 6279 156.98
421 7710 598.54
453 1639 812.25
451 5734 361.91
482 1545 993.44
422 4060 235.52
454 7796 286.87
452 6224 362.72
483 4647 721.03
423 324 761.00
455 596 566.30
453 5558 180.76
484 2997 456.64
424 5565 815.96
456 4192 886.78
454 5299 217.44
485 7965 250.22
425 6503 50.80
457 348 815.08
455 1173 579.01
486 223 280.80
426 7534 872.45
458 1508 5.63
456 3722 357.49
487 6764 887.90
427 1146 351.08
459 8940 137.59
457 7908 479.60
488 9624 778.90
428 5549 897.17
460 124 763.96
458 5889 262.41
489 7017 161.50
429 2027 114.03
461 250 347.60
459 7731 571.55
490 3943 738.49
430 1375 631.81
462 9787 823.19
460 2230 975.32
491 3023 777.73
431 860 995.93
463 5223 153.46
461 4822 108.58
492 7547 359.06
432 188 618.31
464 6005 827.37
462 2389 682.57
493 9389 773.11
433 6780 391.15
465 259 204.55
463 8924 701.87
494 9602 377.33
434 4563 383.51
466 2736 792.62
464 6846 418.51
495 7599 319.64
435 6162 643.32
467 5004 860.41
465 4129 624.12
496 747 113.40
436 5216 16.99
468 3665 208.30
466 8402 64.77
497 6212 104.37
437 8426 234.26
469 4583 340.90
467 1052 49.49
498 6012 425.65
438 9968 158.23
470 5812 821.23
468 5370 977.26
499 6962 773.50
439 4870 771.52
471 1471 172.55
469 9201 705.11
500 5836 536.52
440 7002 420.03
472 2128 393.33
470 7897 523.50
501 5556 376.23
441 3049 317.80
473 8326 338.09
471 5090 587.73
502 3050 562.01
442 2165 364.48
474 6039 149.03
472 1301 46.03
503 4602 344.94
443 1768 869.55
475 9086 421.70
473 7798 179.82
504 5809 745.39
444 8009 658.49
476 8890 817.33
474 4787 283.73
505 8336 832.84
445 6238 952.36
477 7978 291.45
475 7131 159.55
506 57 946.54
446 1887 573.11
478 5036 283.52
476 5787 608.23
507 6658 217.57
447 5566 294.38
479 6792 371.05
477 615 720.30
508 2086 191.35
448 6523 819.82
480 2979 678.65
478 7946 651.89
509 8291 935.33
449 5419 452.09
479 4378 224.42
510 4509 814.81
450 4429 152.93
482 9951 248.57
511 6671 912.57
451 6241 114.35
483 8580 175.11
481 485 173.77
512 6940 73.79
452 9353 381.48
484 5542 555.76
482 2682 563.65
513 9269 218.39
453 6856 543.25
485 9219 426.93
483 9696 877.67
514 788 330.44
454 5407 216.92
486 9139 384.87
484 8075 121.40
515 908 439.69
455 5583 72.97
487 1259 808.89
485 8055 937.29
516 4328 240.97
456 6459 397.70
488 2337 870.92
486 7625 47.46
517 7742 782.45
457 9293 317.09
489 511 787.44
487 596 457.59
518 5579 447.23
458 4203 814.00
490 3032 165.71
488 8787 553.22
519 7787 590.02
459 2586 14.76
491 2113 967.34
489 2917 103.29
520 4894 792.88
460 5852 288.78
492 1485 40.05
490 8349 739.70
521 2399 234.65
461 9071 560.45
493 3888 227.28
491 3240 741.24
522 9877 135.58
462 180 937.59
494 9269 143.09
492 8592 183.42
523 577 495.17
463 701 24.42
495 4594 46.97
493 4515 560.61
524 6997 112.07
464 843 436.71
496 6921 460.45
494 5751 822.28
525 2948 148.62
465 5201 472.20
497 1416 506.54
495 292 474.24
526 5571 219.74
466 4277 774.83
498 5526 288.96
496 2390 509.97
527 1534 465.13
467 9005 661.77
499 2850 69.17
497 5713 28.11
528 8518 761.37
468 3012 392.47
500 4067 177.02
498 4196 361.24
529 6400 960.95
469 1671 268.14
501 2627 80.47
499 7171 288.15
530 2265 857.05
470 5965 347.44
502 1757 842.44
500 9208 815.58
531 3260 928.01
471 214 430.64
503 7664 181.65
501 9156 622.36
532 53 362.44
472 2755 764.51
504 7554 885.77
502 7519 590.44
533 794 514.83
473 4038 656.87
505 3370 403.57
503 3288 581.80
534 3536 213.94
474 4754 35.96
506 7608 779.76
504 4385 261.74
535 8428 372.27
475 2466 560.76
507 9936 884.65
505 3986 15.82
536 4899 519.70
476 2943 993.55
508 6590 200.66
506 6109 557.48
537 3718 435.35
477 8326 597.52
509 5011 123.57
507 5533 106.79
538 8070 738.17
478 535 918.04
510 376 553.70
508 7065 873.87
539 3007 569.56
479 9217 735.17
509 1958 472.52
540 4828 976.36
480 5683 110.89
512 2545 904.81
541 4517 211.95
481 2916 465.97
513 2998 48.06
511 7099 739.68
542 3839 653.11
482 5563 832.71
514 871 851.03
512 8918 380.50
543 5601 614.43
483 2082 321.81
515 2548 687.92
513 7630 131.74
544 2277 585.01
484 513 602.73
516 4941 340.42
514 747 997.39
545 2375 792.76
485 4924 688.50
517 3222 232.63
515 9522 989.19
546 1298 461.85
486 4881 191.98
518 92 265.34
516 3811 857.88
547 1030 741.30
487 7515 209.11
519 3436 879.99
517 7266 475.34
548 7972 821.11
488 9028 483.58
520 8351 748.97
518 2290 984.51
549 6084 327.96
489 7070 442.87
521 7343 968.74
519 6476 937.33
550 2241 544.47
490 4890 188.55
522 9450 981.09
520 168 607.40
551 5890 669.34
491 8738 55.73
523 689 535.69
521 9704 11.57
552 722 873.22
492 806 352.79
524 8511 115.79
522 6944 167.86
553 6576 413.63
493 5474 211.67
525 8176 236.58
523 3054 687.69
554 7826 531.58
494 459 17.76
526 1277 263.45
524 2892 915.26
555 7008 205.46
495 679 419.27
527 2249 951.46
525 8221 751.59
556 2202 898.97
496 6001 804.48
528 6681 736.54
526 2621 245.57
557 989 801.22
497 726 466.76
529 9022 521.03
527 3442 732.88
558 4278 775.01
498 1202 759.81
530 2580 941.02
528 8994 807.60
559 5220 170.44
499 5626 810.71
531 964 218.98
529 8884 637.56
560 9040 953.22
500 4767 98.38
532 4067 359.11
530 1062 282.61
561 2664 628.09
501 6215 235.94
533 5109 31.55
531 5920 632.40
562 5453 362.94
502 3973 527.10
534 8675 986.72
532 4808 164.61
563 5215 114.05
503 2071 922.69
535 4900 92.86
533 269 393.41
564 7053 741.87
504 9835 441.07
536 5860 649.40
534 6470 847.86
565 3720 664.85
505 82 973.08
537 8048 738.76
535 6160 905.67
566 7427 445.93
506 955 747.91
538 5806 353.94
536 443 657.22
567 5621 596.82
507 4988 938.92
539 4190 561.35
537 2782 274.31
568 6300 784.64
508 5478 701.91
540 4333 141.49
538 2500 941.86
569 64 41.68
509 6716 82.00
539 5356 641.18
570 2411 38.06
510 8912 27.14
542 8439 383.29
571 9111 596.50
511 2047 210.64
543 5943 370.28
541 4148 274.19
572 3229 791.81
512 3437 192.36
544 6467 497.18
542 8835 647.11
573 8457 955.20
513 6825 472.16
545 7447 225.15
543 3983 803.53
574 4921 83.07
514 3674 372.87
546 1900 764.92
544 9751 376.80
575 7382 833.24
515 9995 92.22
547 5619 95.36
545 4069 371.96
576 9910 312.64
516 1252 198.50
548 7469 458.04
546 7220 546.16
577 1261 635.45
517 7251 193.82
549 4510 233.96
547 4146 776.50
578 3101 215.42
518 3159 790.21
550 3518 148.86
548 9081 212.21
579 4363 68.86
519 6441 716.27
551 3234 907.90
549 6977 332.37
580 4494 331.12
520 6053 194.46
552 2523 362.87
550 216 978.44
581 7214 414.02
521 6684 922.01
553 9104 670.79
551 5783 65.91
582 2116 274.18
522 9956 507.12
554 1233 138.98
552 3674 943.73
583 4550 793.36
523 3185 830.13
555 5120 661.14
553 585 271.32
584 9294 989.48
524 4891 271.33
556 7335 226.82
554 7690 509.21
585 61 528.07
525 6847 338.03
557 9724 432.53
555 859 617.59
586 6137 591.17
526 8879 939.76
558 3072 784.50
556 8456 282.12
587 7853 626.67
527 5379 889.70
559 3566 12.34
557 6549 242.53
588 7285 654.52
528 747 951.14
560 8426 605.48
558 4633 667.08
589 786 561.21
529 7223 712.07
561 2848 706.78
559 7488 512.68
590 9846 620.09
530 871 606.76
562 337 391.74
560 9724 276.43
591 7318 256.23
531 3260 847.36
563 2433 450.45
561 165 377.96
592 1234 652.65
532 919 83.71
564 4912 50.66
562 3952 44.64
593 4821 773.03
533 9915 407.40
565 3966 858.77
563 2999 809.70
594 7852 288.88
534 9390 109.25
566 2388 790.05
564 5325 821.19
595 1759 441.95
535 9901 856.91
567 2326 394.86
565 6246 557.07
596 4478 936.65
536 9009 531.55
568 38 764.12
566 3425 730.33
597 3752 506.93
537 5146 416.23
569 2280 949.70
567 1882 681.80
598 2199 440.36
538 8759 457.57
570 5654 264.18
568 2663 892.70
599 7889 961.19
539 472 117.37
569 3203 281.91
600 1789 872.29
540 7497 269.46
572 8651 322.01
601 628 52.00
541 6084 271.38
573 3726 209.67
571 5985 600.20
602 6098 175.43
542 2694 297.65
574 2139 494.78
572 9432 429.79
603 6121 311.26
543 9842 244.66
575 8212 945.86
573 9026 42.46
604 3927 238.69
544 3329 349.00
576 6074 218.96
574 4465 529.13
605 650 950.85
545 4496 112.23
577 6496 768.90
575 8433 809.38
606 4210 167.17
546 3465 683.57
578 2003 903.07
576 5826 298.98
607 9613 818.89
547 4277 833.36
579 9719 15.11
577 4505 785.58
608 7945 291.63
548 6472 440.83
580 2837 107.97
578 9892 697.51
609 6117 404.06
549 3279 956.17
581 4063 615.41
579 5537 623.58
610 6209 327.77
550 6664 583.96
582 9436 302.15
580 8122 474.06
611 9077 634.63
551 1392 824.12
583 6029 946.70
581 7924 989.20
612 7188 71.45
552 9957 166.14
584 4820 321.65
582 2482 284.39
613 8281 918.27
553 1920 203.10
585 6338 110.09
583 9058 388.65
614 2042 164.81
554 1561 907.87
586 3447 647.83
584 9986 51.33
615 6512 227.70
555 29 923.64
587 3733 938.10
585 463 997.67
616 9278 720.76
556 5494 769.63
588 5383 855.42
586 3047 640.53
617 4262 171.89
557 8182 975.31
589 8441 993.45
587 2053 78.20
618 1966 83.14
558 3632 852.66
590 3380 13.46
588 9876 292.08
619 8273 430.13
559 6316 487.94
591 6851 417.69
589 3444 811.38
620 531 575.49
560 22 857.82
592 7105 61.57
590 1444 742.12
621 6995 676.21
561 853 917.44
593 7271 906.33
591 1717 33.22
622 1508 896.31
562 4425 683.49
594 1710 778.89
592 28 133.77
623 3863 775.09
563 8379 744.76
595 5818 902.24
593 780 743.56
624 9937 312.34
564 2896 657.99
596 5979 327.80
594 6074 395.90
625 348 194.78
565 5687 49.28
597 5387 272.39
595 3764 611.35
626 3631 161.47
566 7165 37.35
598 8270 106.75
596 7574 819.79
627 2661 271.75
567 9057 962.24
599 3374 837.86
597 8943 392.68
628 1189 833.02
568 2278 156.20
600 5425 190.99
598 767 663.82
629 3384 124.31
569 9128 719.80
599 8283 574.43
630 5345 158.83
570 63 431.84
602 6310 761.31
631 4029 68.23
571 7130 32.35
603 2284 282.28
601 6448 862.48
632 3167 656.35
572 1996 188.21
604 4204 490.68
602 8439 750.43
633 4902 697.64
573 2910 768.45
605 5653 189.00
603 5621 843.93
634 1725 958.89
574 4770 209.39
606 3367 655.24
604 474 359.59
635 9489 726.93
575 8058 115.84
607 9129 232.99
605 4574 687.95
636 1252 944.56
576 2541 896.58
608 6560 797.01
606 9033 223.51
637 677 712.60
577 5653 513.18
609 3356 999.39
607 8635 744.72
638 5258 792.81
578 3779 276.06
610 3618 785.18
608 9269 102.07
639 4758 742.50
579 6046 61.14
611 6573 991.36
609 9168 171.72
640 8544 277.53
580 3044 725.95
612 2591 1.42
610 6545 672.24
641 5459 97.68
581 4011 850.51
613 8138 333.50
611 7634 798.38
642 4792 77.64
582 1480 712.84
614 1354 788.16
612 3338 567.09
643 3875 286.71
583 6165 283.23
615 3855 130.20
613 1165 49.19
644 1164 965.00
584 8061 550.72
616 8811 134.24
614 1937 294.52
645 4473 427.00
585 892 833.74
617 1612 884.81
615 9985 960.12
646 1465 592.63
586 216 82.30
618 6716 349.15
616 1373 611.18
647 9676 203.45
587 5804 259.43
619 5522 983.78
617 588 385.59
648 1821 378.10
588 234 963.40
620 2007 712.79
618 1359 38.52
649 4753 266.31
589 3910 785.18
621 5902 172.43
619 7096 130.34
650 9621 613.44
590 5475 719.59
622 6585 451.44
620 9884 375.59
651 5297 845.56
591 3334 980.41
623 7052 127.22
621 7021 793.89
652 2685 667.67
592 6507 184.43
624 1894 906.06
622 963 555.04
653 4504 123.81
593 7340 519.81
625 2469 655.84
623 7588 33.57
654 1239 665.30
594 1207 582.54
626 5343 884.12
624 4527 347.38
655 3722 129.09
595 7839 319.33
627 7860 474.48
625 1332 620.52
656 3504 906.89
596 5205 501.97
628 9593 10.58
626 1702 689.66
657 7958 166.91
597 8378 464.90
629 2096 262.84
627 4260 619.15
658 9570 607.87
598 7033 618.48
630 9854 448.19
628 2743 647.17
659 6551 426.67
599 5390 2.84
629 8205 353.12
660 7363 516.13
600 5603 71.25
632 9245 443.10
661 8419 166.53
601 1947 643.61
633 7841 175.58
631 412 340.22
662 448 684.24
602 1637 820.36
634 4694 200.32
632 7114 569.32
663 3091 821.74
603 5302 552.33
635 4747 126.16
633 5518 399.41
664 5413 756.69
604 5850 795.75
636 7100 413.23
634 3654 620.85
665 8196 301.28
605 2650 529.00
637 7668 163.77
635 7003 723.32
666 1709 988.52
606 1989 49.76
638 4475 740.96
636 2089 88.85
667 3374 909.55
607 841 778.94
639 9894 679.93
637 3676 741.24
668 5977 899.29
608 9527 626.14
640 5660 265.21
638 4155 961.70
669 5457 930.89
609 7173 727.38
641 7661 111.51
639 8718 758.17
670 6139 260.45
610 8059 241.36
642 3601 887.69
640 7152 124.47
671 8384 824.41
611 8740 192.80
643 476 373.55
641 9895 685.27
672 9465 705.66
612 4035 116.36
644 9961 863.29
642 1229 811.28
673 7444 206.79
613 1010 861.49
645 6710 753.15
643 5522 216.36
674 9063 878.20
614 8782 252.44
646 8765 934.68
644 3653 231.68
675 923 623.44
615 9020 748.04
647 3382 123.89
645 7364 921.22
676 4500 176.62
616 6220 926.72
648 9950 503.34
646 5829 451.92
677 4312 67.53
617 3416 533.54
649 3284 463.66
647 3831 389.61
678 813 832.61
618 3694 128.06
650 7812 223.55
648 6373 282.94
679 8094 745.31
619 6121 569.13
651 1808 924.42
649 7874 98.56
680 1971 83.60
620 7667 738.59
652 3804 337.01
650 4243 738.17
681 1133 854.60
621 7889 347.38
653 167 663.49
651 2658 349.97
682 6485 517.48
622 1214 498.21
654 5340 821.40
652 5825 323.85
683 4320 222.64
623 9708 315.75
655 3579 232.31
653 3350 302.29
684 849 859.31
624 7378 972.10
656 600 999.62
654 6406 80.85
685 9045 753.01
625 3156 147.27
657 3478 4.91
655 8033 555.35
686 5278 35.46
626 7574 415.14
658 7382 169.52
656 4490 214.54
687 2509 578.13
627 7981 356.43
659 4335 711.80
657 8165 701.11
688 6971 939.00
628 3062 367.26
660 6113 119.82
658 6 509.32
689 1252 544.67
629 4049 576.45
659 3147 826.04
690 3319 939.64
630 6898 908.66
662 9960 660.42
691 9995 208.24
631 687 665.27
663 3995 207.96
661 7248 900.49
692 9317 386.11
632 1550 495.49
664 8620 68.07
662 5943 740.98
693 9676 498.67
633 6483 855.65
665 3224 784.36
663 7541 890.37
694 1619 267.00
634 1748 862.77
666 6943 897.13
664 4514 680.76
695 4396 444.20
635 9440 144.47
667 2092 358.45
665 2967 565.49
696 1082 439.84
636 3915 288.11
668 3621 290.61
666 820 987.22
697 9445 649.77
637 1398 911.51
669 9051 512.80
667 5820 269.29
698 8259 112.54
638 9935 106.02
670 3667 705.74
668 1010 787.41
699 9769 884.72
639 1805 457.84
671 7179 505.98
669 3841 725.17
700 9529 931.94
640 5093 364.91
672 6428 454.91
670 6140 634.59
701 9210 948.26
641 4695 21.34
673 948 682.64
671 9333 372.74
702 9517 25.73
642 6955 175.39
674 7653 949.02
672 5548 667.37
703 5175 782.24
643 2359 557.59
675 3484 93.50
673 6309 265.33
704 5506 278.10
644 4017 305.27
676 6056 223.18
674 8 558.89
705 2291 222.12
645 6910 505.89
677 2770 323.07
675 5737 85.02
706 513 92.66
646 6539 593.30
678 3616 238.43
676 2505 758.56
707 9421 549.09
647 2265 322.65
679 4646 958.85
677 8432 731.72
708 6819 534.92
648 8607 352.40
680 1641 103.46
678 7714 350.13
709 8846 38.43
649 3827 497.24
681 3760 20.08
679 6372 564.21
710 574 585.72
650 2776 376.82
682 8210 571.08
680 5549 317.67
711 1261 737.72
651 1975 514.50
683 9102 22.07
681 9925 495.10
712 2009 898.51
652 833 591.93
684 6855 881.24
682 661 759.68
713 194 908.30
653 1219 180.32
685 4590 260.69
683 2207 625.60
714 3588 74.54
654 2598 668.01
686 3315 413.70
684 5312 654.43
715 2751 888.38
655 4347 180.10
687 8833 163.18
685 9282 648.37
716 5742 64.12
656 2563 979.02
688 5334 962.19
686 3842 719.17
717 5656 184.85
657 544 383.95
689 9199 649.60
687 6015 740.62
718 4052 960.84
658 9804 168.16
690 613 399.01
688 1180 829.41
719 899 373.19
659 5790 100.90
689 8199 397.05
720 9730 237.05
660 4057 734.15
692 1304 294.55
721 5994 822.91
661 1231 180.74
693 9215 952.37
691 6822 471.17
722 8511 781.22
662 4454 269.91
694 9714 186.23
692 3893 154.04
723 2151 847.27
663 3874 239.92
695 3545 455.30
693 709 722.42
724 5550 291.44
664 1380 454.05
696 3536 744.33
694 8591 113.64
725 2647 995.88
665 6090 853.34
697 4833 692.52
695 3510 111.08
726 4611 394.14
666 3878 556.29
698 7552 567.20
696 5710 56.81
727 5486 884.70
667 9583 105.69
699 6431 609.03
697 6070 866.83
728 5005 542.16
668 3049 925.07
700 3920 11.07
698 7778 497.14
729 9285 650.73
669 8587 532.71
701 5439 180.99
699 5810 603.51
730 8330 58.39
670 9958 552.66
702 5814 237.50
700 1505 582.43
731 2414 972.14
671 5279 170.82
703 6442 388.33
701 4166 241.06
732 8436 449.53
672 3560 841.63
704 1866 369.29
702 9178 946.64
733 4891 238.53
673 5371 440.37
705 612 353.39
703 5980 215.74
734 45 206.76
674 7137 382.52
706 9191 451.56
704 7150 910.98
735 1232 786.20
675 5484 617.55
707 6039 693.93
705 2888 826.72
736 2795 912.88
676 3602 960.56
708 4781 816.39
706 8345 593.55
737 6873 793.94
677 5517 679.21
709 6108 608.83
707 7943 704.85
738 2821 366.84
678 5339 653.77
710 573 858.49
708 7693 15.24
739 5384 930.92
679 1164 157.54
711 2626 134.76
709 6911 617.70
740 1185 231.14
680 7575 755.15
712 2055 266.39
710 7367 321.90
741 8287 643.52
681 2523 627.29
713 3051 500.16
711 7000 377.46
742 5124 372.07
682 4082 197.41
714 8032 126.05
712 9359 179.21
743 1552 263.23
683 4162 174.27
715 1400 137.54
713 1897 888.41
744 4703 923.31
684 9819 681.16
716 8429 792.62
714 9218 45.54
745 1834 133.80
685 7402 578.29
717 3852 962.37
715 2525 956.73
746 7487 748.76
686 6992 149.02
718 799 931.56
716 9454 45.04
747 2542 815.46
687 7069 361.45
719 9591 487.32
717 5096 915.07
748 3361 102.38
688 3834 291.57
720 7458 866.07
718 1321 993.12
749 233 18.73
689 1366 226.19
719 4167 811.99
750 7972 619.30
690 8979 739.85
722 979 63.52
751 9532 889.66
691 1175 861.63
723 5965 891.00
721 90 208.43
752 566 693.50
692 2182 57.32
724 2116 852.95
722 233 835.29
753 7939 88.14
693 8761 86.43
725 1967 223.46
723 3230 339.01
754 3431 53.25
694 8907 935.27
726 9275 123.60
724 90 951.74
755 5260 788.40
695 6138 672.39
727 9487 364.24
725 8375 907.07
756 8391 944.84
696 5381 733.20
728 8069 845.98
726 6895 86.18
757 4433 374.42
697 3858 584.38
729 4043 856.27
727 1760 397.56
758 2304 38.48
698 7976 451.94
730 5172 870.47
728 8129 404.12
759 2666 489.72
699 6395 401.88
731 1429 455.96
729 1200 896.42
760 9816 912.76
700 6298 819.15
732 7327 857.32
730 2339 175.73
761 3460 611.66
701 6611 171.84
733 7574 971.40
731 3769 361.43
762 5902 182.06
702 4232 553.07
734 9421 99.99
732 9039 172.94
763 9809 804.96
703 7730 617.96
735 614 443.79
733 5945 467.33
764 6143 525.36
704 8122 805.45
736 3779 63.03
734 2417 905.68
765 5889 681.57
705 4266 69.47
737 1803 164.57
735 1451 199.72
766 2792 800.51
706 337 649.90
738 3857 79.77
736 8747 855.29
767 2421 820.20
707 3010 658.68
739 8644 82.88
737 4167 180.33
768 6712 175.32
708 1174 409.03
740 8110 711.27
738 7894 831.43
769 8332 951.63
709 4257 353.56
741 6224 226.64
739 9161 573.41
770 2857 767.31
710 1714 144.13
742 8507 891.38
740 5785 965.28
771 2693 346.05
711 9679 257.06
743 5441 85.57
741 5528 322.37
772 1559 929.03
712 6071 497.95
744 1850 199.95
742 9991 168.76
773 5251 484.06
713 9178 669.45
745 6262 671.69
743 4738 256.29
774 5333 845.74
714 5243 881.74
746 6847 715.55
744 5356 777.94
775 2820 874.73
715 4615 640.73
747 4341 845.37
745 1721 577.91
776 7108 279.72
716 219 23.79
748 2853 414.57
746 1674 171.77
777 2864 982.63
717 7710 971.43
749 2380 168.96
747 4470 679.31
778 2033 833.69
718 709 262.17
750 8887 983.96
748 8522 737.04
779 6949 243.85
719 8080 941.11
749 9207 46.17
780 4894 401.29
720 7633 907.47
752 3131 621.17
781 6752 136.60
721 7203 114.08
753 7574 927.78
751 7329 404.21
782 7925 388.99
722 9729 806.08
754 6679 704.91
752 3484 803.90
783 2381 291.08
723 9890 673.43
755 7513 407.98
753 7655 340.74
784 176 438.57
724 6448 872.03
756 3182 639.58
754 2440 594.92
785 303 816.02
725 6567 614.79
757 9780 480.52
755 6449 843.91
786 8801 995.74
726 9773 737.61
758 6732 47.22
756 5462 44.63
787 2701 908.88
727 8918 920.20
759 4801 833.72
757 6511 140.92
788 4983 874.60
728 3381 614.15
760 128 892.32
758 7783 251.01
789 5723 281.01
729 1381 367.31
761 7299 67.89
759 5463 281.46
790 9530 378.40
730 900 965.94
762 669 402.28
760 7097 837.39
791 5709 360.39
731 4029 703.37
763 8436 681.04
761 4404 801.16
792 9008 790.52
732 8320 83.18
764 8201 602.99
762 7024 496.62
793 34 865.78
733 6449 392.99
765 8083 494.85
763 1704 96.57
794 393 222.61
734 1005 999.33
766 3929 742.78
764 6929 963.95
795 2221 578.91
735 4983 662.51
767 3882 548.51
765 83 620.34
796 4492 200.99
736 2885 327.00
768 1130 554.63
766 2156 424.42
797 6471 740.32
737 7846 866.44
769 5266 631.04
767 5207 385.47
798 2956 585.59
738 9669 594.09
770 4769 491.68
768 7574 339.42
799 6948 400.65
739 1290 61.13
771 890 788.40
769 4759 706.73
800 7780 986.42
740 2273 790.01
772 5372 961.42
770 8307 885.00
801 8973 882.65
741 1010 507.03
773 1327 732.52
771 9932 437.24
802 7302 292.13
742 7698 729.08
774 8243 114.33
772 4833 316.90
803 5485 840.60
743 9487 824.58
775 8437 775.10
773 2500 507.33
804 4850 634.55
744 2026 288.14
776 1764 919.76
774 4731 854.23
805 3312 506.36
745 4105 434.30
777 3633 37.62
775 3836 130.61
806 193 274.60
746 3904 479.94
778 166 936.60
776 580 70.20
807 7069 710.88
747 1045 737.66
779 8731 317.05
777 4121 326.71
808 8265 394.49
748 6375 131.67
780 9424 448.01
778 1396 540.46
809 2842 116.21
749 4183 470.70
779 1820 101.99
810 4855 956.34
750 777 124.33
782 7349 569.70
811 3936 943.65
751 8909 780.68
783 8617 278.83
781 8189 802.17
812 4762 281.49
752 2381 168.95
784 9819 78.03
782 8982 18.24
813 3679 241.96
753 2906 408.88
785 5621 270.63
783 9185 322.24
814 4181 542.12
754 1660 882.08
786 5573 946.80
784 9882 844.88
815 4855 213.39
755 799 117.91
787 9030 987.61
785 5603 10.33
816 7961 904.69
756 961 241.62
788 2450 759.81
786 874 389.51
817 5274 435.58
757 2383 42.39
789 4438 905.44
787 3726 691.40
818 5332 398.29
758 6069 958.04
790 5621 598.70
788 9684 866.50
819 3962 168.40
759 4204 244.24
791 6004 868.66
789 5081 990.13
820 8309 751.22
760 5386 911.53
792 7146 815.53
790 2868 260.34
821 2604 171.36
761 3513 660.22
793 6260 775.68
791 5672 991.40
822 6872 442.63
762 5977 507.25
794 4920 820.12
792 1028 495.70
823 3142 970.24
763 2672 474.88
795 499 806.34
793 4693 343.21
824 1366 759.93
764 9378 254.02
796 301 785.43
794 4119 743.64
825 689 296.24
765 4564 78.36
797 8286 789.88
795 3445 398.84
826 2894 816.13
766 836 133.71
798 3528 865.20
796 9984 141.08
827 4789 803.04
767 6073 783.75
799 676 141.27
797 2604 360.79
828 5885 928.06
768 8517 806.38
800 5206 87.03
798 9591 744.26
829 1004 544.07
769 3345 295.72
801 4955 967.90
799 4924 655.54
830 5342 230.07
770 9384 439.39
802 2524 742.92
800 8409 642.45
831 8071 23.77
771 2565 426.83
803 3687 225.63
801 5787 877.64
832 7057 584.46
772 2377 853.29
804 5070 164.55
802 9459 379.29
833 2583 471.89
773 3015 248.21
805 7702 805.21
803 3134 370.31
834 3874 607.46
774 5481 224.07
806 6359 58.85
804 4115 700.41
835 9522 451.38
775 6194 942.41
807 8867 500.16
805 9449 260.78
836 9093 461.30
776 6196 778.39
808 4951 598.65
806 5959 378.13
837 5399 169.05
777 6182 883.17
809 945 8.95
807 8756 422.45
838 4755 238.71
778 2934 650.97
810 6420 288.96
808 4546 346.42
839 2809 858.60
779 3430 471.81
809 1107 325.31
840 5784 411.20
780 8676 323.66
812 7640 387.51
841 4351 266.46
781 2146 480.73
813 8689 72.31
811 8113 996.99
842 3257 29.88
782 4506 119.04
814 8265 621.89
812 8253 372.15
843 1346 796.81
783 2197 670.13
815 7013 503.89
813 6293 323.74
844 5682 680.69
784 6186 164.20
816 6071 469.95
814 4676 458.37
845 3771 283.79
785 4968 944.68
817 5054 903.80
815 7140 723.86
846 8937 625.06
786 4708 936.05
818 4632 997.73
816 555 495.25
847 5194 57.82
787 8650 135.59
819 2763 154.53
817 9814 510.11
848 3270 871.06
788 4708 490.13
820 2319 730.60
818 4039 729.35
849 5593 184.05
789 7912 5.62
821 785 163.26
819 8910 274.01
850 5470 311.92
790 1932 883.01
822 1922 5.92
820 778 10.22
851 874 792.46
791 2850 893.80
823 2499 786.56
821 8357 706.81
852 607 780.50
792 6663 839.38
824 30 510.33
822 4963 153.34
853 1705 903.80
793 2280 70.74
825 1121 109.50
823 7740 785.49
854 1442 702.68
794 1723 543.32
826 7711 974.98
824 9008 223.75
855 4124 203.33
795 4217 738.12
827 9230 994.50
825 4765 928.43
856 3295 641.26
796 3116 647.55
828 8733 835.31
826 7074 202.50
857 6236 979.72
797 8332 701.71
829 2291 675.77
827 7133 357.16
858 2913 155.37
798 8044 933.35
830 6627 12.28
828 5733 676.07
859 6142 929.97
799 3747 523.63
831 3854 476.13
829 9005 544.12
860 2741 223.41
800 2077 531.21
832 5380 295.94
830 9429 81.68
861 7291 89.00
801 1906 459.83
833 599 528.84
831 8296 309.05
862 3235 555.07
802 7552 606.46
834 6246 52.40
832 5301 208.00
863 8100 86.83
803 7273 276.25
835 8004 11.63
833 6193 756.38
864 1842 807.06
804 1845 952.73
836 5238 743.75
834 974 659.73
865 7799 944.55
805 3907 309.70
837 460 133.26
835 3754 686.95
866 7803 910.42
806 7901 676.67
838 1546 970.48
836 9123 828.12
867 8577 812.43
807 9788 142.88
839 8555 678.20
837 7425 86.94
868 1342 482.01
808 2331 307.28
840 3917 466.68
838 7357 492.51
869 7609 479.70
809 1748 606.24
839 8656 157.60
870 5505 581.78
810 1289 114.94
842 8781 607.23
871 4185 540.16
811 8754 211.19
843 8207 782.63
841 3825 391.48
872 8018 48.36
812 6400 247.98
844 381 618.76
842 1253 42.23
873 747 127.56
813 2964 912.80
845 9941 118.41
843 715 597.34
874 4844 6.17
814 5989 105.88
846 1787 140.61
844 2234 393.60
875 6509 768.81
815 4652 441.33
847 4737 537.92
845 9032 624.61
876 5438 847.17
816 312 113.62
848 8485 439.34
846 4478 569.59
877 4886 457.46
817 5930 376.16
849 541 12.20
847 6862 229.67
878 3365 79.43
818 4581 691.34
850 8777 70.81
848 6266 302.29
879 5413 915.55
819 9436 522.99
851 3769 948.21
849 9344 222.23
880 7927 802.85
820 615 85.00
852 8199 724.21
850 1435 347.22
881 7155 218.85
821 5223 549.15
853 2719 14.20
851 1236 641.22
882 4373 328.17
822 4233 540.00
854 9798 830.29
852 8193 756.50
883 8714 74.11
823 42 812.36
855 2738 887.60
853 3703 905.44
884 565 532.88
824 6722 682.95
856 6315 150.04
854 148 614.34
885 4228 461.61
825 6343 719.41
857 6559 724.07
855 2707 277.98
886 4436 716.23
826 7166 947.09
858 4970 162.08
856 1591 197.71
887 5741 396.16
827 2123 67.41
859 6777 101.45
857 1866 172.66
888 4520 172.07
828 7022 57.45
860 1303 731.29
858 9121 993.12
889 6282 12.71
829 4589 73.85
861 3830 716.19
859 4969 901.79
890 5965 827.15
830 5286 645.68
862 5873 439.38
860 3443 458.96
891 766 789.98
831 3746 86.47
863 565 90.08
861 742 164.13
892 6675 774.77
832 4528 858.89
864 7351 82.36
862 8266 489.48
893 9417 1.13
833 1364 536.03
865 6993 692.73
863 8248 388.94
894 6852 775.83
834 1029 535.39
866 9062 620.40
864 7363 33.55
895 3294 774.66
835 7483 278.28
867 9101 706.64
865 3672 333.70
896 2223 457.96
836 5035 534.55
868 9780 988.02
866 1628 189.27
897 8892 117.47
837 1783 919.92
869 9077 175.72
867 189 374.55
898 9463 876.26
838 8493 800.47
870 558 282.91
868 6339 197.58
899 5465 97.68
839 8431 640.20
869 9253 614.35
900 6511 620.10
840 8611 439.80
872 7944 441.57
841 1386 777.18
873 4019 76.98
871 7293 393.53
842 9190 569.33
874 4513 305.56
872 7387 929.30
843 9982 930.59
875 2638 697.59
873 948 387.64
844 8675 745.74
876 344 264.36
874 6108 67.87
845 1043 317.38
877 3100 358.83
875 2603 797.25
846 611 390.69
878 8847 145.58
876 5411 183.91
847 1303 442.22
879 9842 198.75
877 5081 306.28
848 8918 384.02
880 8233 336.26
878 6132 868.62
849 7953 500.53
881 9188 905.87
879 3865 749.17
850 9624 591.44
882 8868 327.15
880 3683 777.78
851 514 700.51
883 8226 990.57
881 7980 799.84
852 414 144.39
884 4802 623.19
882 3557 569.85
853 2448 555.68
885 3768 254.67
883 8836 330.87
854 6877 711.53
886 9124 422.09
884 321 884.51
855 3555 173.74
887 1898 830.40
885 6535 821.30
856 3909 896.72
888 2780 624.31
886 4834 441.05
857 654 395.62
889 8658 142.80
887 7784 179.75
858 7358 870.00
890 4965 293.48
888 3100 411.49
859 4579 604.50
891 3903 131.99
889 9191 11.11
860 4569 899.33
892 5030 396.43
890 7036 977.84
861 3846 790.69
893 2260 525.19
891 576 25.99
862 6089 374.02
894 2229 346.52
892 1823 962.53
863 2615 32.55
895 9082 596.42
893 7931 763.34
864 2982 147.45
896 5733 167.91
894 2019 744.20
865 433 205.33
897 8078 432.65
895 11 434.34
866 3666 106.91
898 9049 862.43
896 8983 559.07
867 5976 933.65
899 6394 701.42
897 260 634.74
868 4859 132.44
900 3392 45.33
898 2523 660.62
869 2545 541.76
899 8914 325.31
870 2161 634.19
1
900
1 1 6.47 0.00 22.43 
44 777 3.08 14442.39 14483.87 122 1.59 2473.39 2531.01 124 2.67 2626.06 2680.30 176 7.14 9783.00 9833.08 248 5.08 4524.71 4569.00 159 6.94 5077.82 5114.38 714 5.77 13140.12 13177.70 301 6.86 4601.91 4639.97 696 6.06 9917.75 9965.12 284 5.96 6973.76 7021.08 344 3.41 7771.92 7826.91 28 1.65 10351.27 10387.05 824 5.54 12081.48 12136.00 349 6.10 9203.06 9247.54 87 7.79 10056.45 10100.16 274 9.68 4296.65 4349.52 337 8.75 5715.45 5753.36 559 3.15 10146.40 10184.39 779 2.49 15258.93 15305.98 226 5.75 7571.16 7628.66 522 3.95 8046.85 8099.90 341 6.35 6616.38 6672.07 746 6.15 14121.13 14170.46 891 1.55 13703.10 13768.84 620 1.58 11290.13 11341.00 699 6.47 10538.25 10572.02 225 7.32 6840.49 6902.71 595 8.55 12501.84 12558.15 212 4.32 3414.29 3450.15 530 6.34 10690.60 10738.06 451 9.51 5542.42 5607.39 325 8.18 10034.93 10081.96 88 7.96 10664.33 10710.45 652 7.42 12396.30 12446.33 168 3.77 6603.11 6658.76 108 9.98 6203.50 6241.67 115 4.24 9559.08 9600.16 589 3.97 10696.99 10756.23 314 2.15 7384.89 7434.10 794 6.27 11329.18 11368.43 523 3.18 8582.73 8635.40 597 5.78 13110.25 13150.12 433 6.99 7830.69 7887.24 591 7.62 11139.17 11176.36 
44 483 5.92 6131.23 6183.09 843 9.72 10931.18 10988.80 663 6.96 8582.93 8636.32 189 9.96 5068.70 5114.95 815 7.99 10187.23 10236.75 755 2.97 9680.66 9714.09 712 7.07 12546.57 12610.12 833 8.72 13854.77 13892.79 187 6.86 4709.20 4772.95 397 4.56 6049.20 6112.96 471 8.33 10097.12 10131.73 703 5.36 10243.31 10284.50 157 4.62 4408.43 4466.29 552 4.79 8926.57 8969.82 34 1.56 3628.91 3663.84 13 7.46 6469.72 6529.18 470 3.58 9921.39 9962.37 729 4.51 10877.47 10938.58 5 2.39 4870.44 4932.56 131 8.61 5280.74 5325.37 390 4.74 12459.05 12519.30 316 8.74 8446.92 8509.93 827 9.38 13249.17 13307.48 353 3.68 10122.89 10170.34 199 9.28 7810.08 7872.38 569 2.60 13561.80 13609.23 366 5.90 5742.09 5789.65 208 3.83 11158.91 11217.71 689 7.19 14616.33 14680.24 30 9.83 11104.08 11151.01 296 8.62 10616.96 10663.30 770 3.06 12618.32 12684.91 261 8.41 8738.88 8784.38 893 1.66 13643.55 13693.65 577 8.36 8407.66 8449.24 19 7.42 6943.68 6979.16 98 2.85 4878.65 4940.38 228 4.40 7720.96 7770.31 423 8.90 5626.30 5680.77 107 7.12 6540.73 6600.63 378 7.79 9190.89 9251.85 845 4.87 10468.26 10523.31 529 8.06 10616.66 10668.95 114 9.01 9161.61 9221.71 
44 240 5.62 11670.70 11733.20 123 1.18 5269.85 5310.09 667 2.31 10021.50 10055.49 837 7.31 14791.68 14847.10 760 8.51 10901.55 10956.30 427 2.92 6268.34 6320.03 343 7.51 7948.07 7987.39 417 9.88 11965.03 12019.04 812 6.36 10203.25 10252.55 132 5.52 6106.86 6157.74 95 1.68 4787.25 4825.51 565 3.36 12186.05 12221.52 407 5.71 9133.04 9167.54 835 7.83 13909.72 13975.03 203 1.47 10060.87 10115.38 55 8.58 9860.72 9923.70 564 2.11 11323.55 11366.49 811 5.71 10827.14 10893.76 695 4.95 9383.96 9429.95 221 4.05 6563.71 6620.00 204 6.71 9997.28 10049.57 278 6.92 6265.97 6306.25 551 6.30 8734.34 8786.54 414 2.05 11277.89 11339.43 808 4.99 15386.07 15433.39 271 6.28 7255.59 7315.58 478 5.00 12703.31 12744.29 715 2.39 13276.52 13328.67 682 1.82 12163.12 12211.28 445 3.16 11621.09 11678.42 660 8.96 14199.74 14256.23 265 9.20 10786.02 10850.19 581 8.99 8745.17 8805.82 233 9.96 9899.65 9940.99 482 1.46 6704.66 6748.81 166 5.24 6830.57 6881.20 640 1.06 8742.52 8788.24 368 5.38 6200.60 6244.63 210 5.72 11760.46 11796.13 447 3.73 12660.01 12713.89 40 9.31 6054.75 6109.38 303 2.38 6849.65 6890.40 382 9.50 10464.34 10521.38 224 9.69 7232.71 7294.17 
44 121 3.62 5445.53 5501.09 421 7.13 7593.07 7636.63 367 3.96 6911.44 6949.95 419 4.28 13096.71 13150.32 596 1.87 12846.85 12885.25 633 7.45 9035.56 9093.83 392 2.66 7977.76 8019.09 170 7.09 9340.29 9391.08 156 2.46 5452.74 5487.39 326 3.83 11204.25 11244.05 768 8.60 11513.92 11555.12 215 2.02 6576.92 6623.83 627 8.74 13379.56 13440.81 134 2.79 7196.89 7257.14 618 9.21 10505.19 10545.47 606 9.71 8737.92 8798.76 211 9.69 6566.07 6632.57 2 1.42 7458.46 7506.86 557 8.73 9355.27 9399.98 236 8.31 10555.21 10615.36 672 7.37 9822.80 9888.13 128 7.89 6112.30 6154.59 54 6.95 10527.20 10569.56 354 4.67 11373.19 11431.13 828 9.91 13028.60 13067.76 196 9.90 7492.87 7555.02 676 8.68 10355.45 10399.64 345 3.48 8159.87 8199.09 29 3.90 11955.55 12011.53 307 8.71 6726.85 6765.70 149 2.27 12025.90 12064.29 691 7.77 8795.10 8846.46 519 5.04 7631.61 7684.81 756 4.89 10893.61 10941.98 489 9.26 7041.96 7094.42 568 7.28 13377.74 13425.04 494 9.17 8289.05 8345.42 388 2.79 12647.58 12682.56 175 9.22 11046.77 11091.23 583 3.44 9659.81 9712.84 496 6.23 8797.91 8851.39 521 4.38 8065.17 8122.87 673 2.74 9707.23 9753.04 357 6.88 12243.58 12282.95 
44 727 6.55 10915.75 10961.80 120 7.43 12321.31 12382.76 183 8.02 5911.31 5954.04 847 7.59 12143.47 12187.81 871 8.31 11523.74 11577.67 464 7.01 8733.16 8793.07 649 7.46 11283.91 11318.06 480 1.17 13978.99 14023.00 401 1.42 7657.23 7720.76 112 6.09 9653.07 9687.95 744 1.33 13221.12 13284.07 402 9.14 7852.67 7905.96 825 8.16 12212.98 12251.72 351 7.45 10692.24 10756.31 129 7.10 6861.72 6904.16 152 9.28 5888.38 5933.94 73 1.65 8289.91 8326.12 658 5.91 13719.39 13777.59 184 1.07 6307.20 6368.98 858 7.09 13190.10 13230.81 377 6.57 9242.66 9302.91 71 1.85 7546.77 7606.55 216 4.45 6892.48 6950.57 295 5.46 11475.36 11514.52 848 4.03 12134.78 12173.40 178 6.97 12125.48 12184.59 336 2.05 7409.13 7447.76 694 4.76 9919.29 9952.77 508 2.86 13181.94 13243.73 440 5.06 10263.48 10317.71 516 9.87 8351.21 8402.15 790 5.81 11297.66 11332.93 92 2.66 5806.03 5846.42 408 7.80 9267.90 9311.49 645 2.23 9878.63 9941.81 154 8.06 6504.25 6547.42 312 9.12 8057.23 8104.83 856 5.94 12559.13 12612.30 190 8.69 7454.40 7495.15 821 3.37 11518.02 11555.05 426 9.77 8055.99 8099.51 27 3.95 12029.07 12071.75 185 5.13 6802.87 6852.83 355 9.00 11473.04 11531.39 
44 659 6.55 14438.27 14494.13 536 9.59 12833.43 12875.52 300 7.92 13130.65 13192.67 722 7.96 11373.21 11439.85 543 3.03 9781.17 9825.39 453 6.12 8724.73 8781.74 814 7.25 11247.23 11285.12 24 6.58 10888.87 10953.41 80 6.24 9947.54 9987.96 820 6.10 11524.99 11575.24 6 7.14 8802.13 8861.42 86 5.28 11799.01 11832.69 866 7.55 15366.35 15402.36 459 7.31 8915.47 8977.46 163 9.92 7995.13 8059.50 214 7.09 6332.17 6398.64 298 1.44 13097.31 13156.33 140 5.00 9868.20 9932.66 510 2.47 13867.53 13918.40 350 5.44 10402.34 10444.50 579 7.90 9612.53 9652.11 26 5.30 12250.91 12312.60 77 3.99 9458.75 9494.91 884 1.46 13016.73 13058.93 331 7.04 7901.58 7964.00 181 5.75 6884.66 6920.80 576 1.24 9134.49 9187.57 441 7.12 10489.87 10535.40 443 2.92 11039.85 11095.30 39 4.24 8562.55 8603.12 705 2.81 10740.38 10775.65 42 5.80 8286.44 8336.13 697 9.66 11494.64 11561.18 381 5.58 9977.74 10025.23 383 5.70 11402.52 11450.40 254 3.92 8740.34 8792.57 289 9.00 10772.35 10832.79 651 3.02 12129.58 12170.75 730 1.43 11574.41 11618.35 488 3.94 9340.21 9395.99 430 5.68 8825.44 8889.97 126 3.03 7563.09 7621.05 47 6.41 9499.63 9560.07 600 9.10 14514.79 14551.77 
44 62 3.58 7750.79 7805.54 657 3.29 14483.26 14544.86 360 3.84 14269.82 14312.83 177 7.69 13506.43 13542.21 601 9.64 10727.76 10768.89 456 2.12 10029.65 10076.91 641 4.06 10444.60 10485.40 82 3.71 10902.91 10960.53 785 4.22 11675.03 11741.50 560 8.27 12679.04 12733.63 807 2.02 15282.99 15331.66 859 6.43 13781.65 13818.74 622 1.66 12920.36 12983.66 395 4.52 9259.76 9325.18 485 1.24 9842.44 9883.06 801 1.77 13789.99 13833.03 406 4.12 10229.00 10289.34 554 2.49 10861.90 10912.65 68 2.32 9138.32 9196.39 105 9.33 9270.72 9314.90 734 1.19 11856.70 11900.44 686 8.07 14566.87 14603.87 890 1.58 14077.53 14135.23 150 4.68 13641.95 13694.25 125 4.63 7653.69 7710.92 520 6.98 10052.99 10094.73 754 4.13 11930.80 11965.48 698 1.39 11570.98 11604.49 145 7.96 12368.88 12407.66 688 5.63 15596.80 15648.36 81 1.77 10690.74 10753.09 318 5.18 10589.98 10627.21 879 4.25 12574.82 12614.66 490 6.61 9250.28 9311.69 174 5.84 11924.78 11985.41 550 5.34 10155.51 10208.72 313 1.59 9794.42 9829.32 704 8.43 11652.08 11691.55 400 4.45 9066.71 9105.27 795 7.71 12777.70 12837.33 425 3.59 9300.73 9366.98 117 3.75 12760.21 12818.29 666 4.61 11233.25 11291.81 249 5.13 8472.23 8511.84 
44 897 2.43 15973.71 16026.58 361 3.14 11066.63 11118.65 769 9.25 13407.70 13466.85 538 4.77 15215.85 15255.35 222 2.29 9746.52 9804.96 462 8.59 10283.23 10325.87 293 7.34 12045.01 12095.20 135 2.31 9673.67 9725.82 505 4.11 13922.34 13957.82 892 7.39 14606.32 14666.44 558 5.77 12485.95 12534.50 706 4.30 12444.86 12499.35 518 5.39 10365.10 10417.53 202 8.96 12698.94 12750.12 764 2.26 12383.94 12426.31 685 8.69 14539.81 14598.74 870 5.28 17056.56 17118.15 273 7.20 10216.90 10259.03 749 4.50 16111.72 16176.99 83 3.46 11642.87 11700.59 662 6.79 11630.04 11676.23 346 4.24 11038.19 11084.05 822 7.00 13312.27 13361.80 230 8.55 11816.38 11863.57 70 8.69 10445.46 10492.71 544 5.90 10872.74 10928.95 403 6.61 10250.01 10298.77 324 2.22 12208.75 12242.46 877 8.23 13324.04 13367.27 635 9.58 11746.03 11796.69 639 9.72 11320.67 11382.73 171 1.36 11680.25 11719.68 97 5.02 8736.96 8794.51 850 7.78 13152.06 13188.61 517 3.02 10690.04 10754.86 237 9.83 12979.45 13041.49 733 2.98 12066.70 12131.62 259 9.35 11559.94 11600.04 22 1.51 11068.47 11120.73 654 5.84 14001.54 14050.67 432 3.84 9700.86 9740.03 106 3.17 9316.31 9373.70 501 9.94 11914.55 11952.67 586 1.91 11866.52 11902.22 
44 302 3.53 11182.34 11237.56 542 6.04 11737.50 11781.92 57 8.15 13438.77 13476.73 53 9.14 11781.02 11843.75 362 1.93 11772.49 11837.77 836 1.73 16255.07 16290.89 386 1.55 13372.67 13432.39 201 1.40 12215.70 12259.51 497 3.74 12033.11 12070.45 15 9.71 10965.07 11011.55 748 9.27 16351.94 16395.29 11 8.17 10685.89 10745.38 862 1.03 14992.60 15042.99 78 6.06 9581.81 9633.67 584 2.19 11989.27 12047.24 739 2.60 13016.93 13055.41 191 8.85 10177.75 10217.55 823 5.43 13922.29 13964.61 205 4.88 12920.06 12963.34 206 1.12 13134.33 13191.99 193 5.31 10588.11 10651.22 272 6.42 11177.38 11229.87 736 9.55 12686.55 12731.37 141 7.51 11296.29 11342.53 573 5.66 11010.13 11054.43 772 7.49 15259.12 15303.99 528 6.30 13078.63 13125.58 291 6.27 12588.77 12627.29 791 8.52 13575.96 13641.17 310 5.69 11008.03 11051.56 399 7.17 11984.05 12043.09 162 7.18 10628.12 10683.43 267 7.72 13589.72 13635.71 504 2.72 13834.84 13871.97 648 5.04 13524.25 13573.21 239 9.63 13542.94 13604.50 160 6.61 10652.54 10698.47 809 2.50 16482.48 16535.33 493 1.23 10877.70 10911.75 709 2.72 13369.84 13409.62 234 2.11 12798.95 12863.63 708 2.55 13332.84 13391.81 830 9.68 14132.20 14196.37 593 6.21 14049.55 14084.54 
44 363 4.95 12420.01 12482.95 846 7.84 14866.98 14923.70 245 2.06 11935.57 11985.17 60 1.96 14992.24 15036.74 297 9.67 13861.33 13907.47 720 6.12 17967.23 18022.00 219 3.04 11468.74 11526.94 458 5.45 12375.28 12429.58 416 5.27 14308.05 14357.34 258 4.27 11962.26 12017.27 628 9.49 16123.44 16163.35 804 8.05 15883.78 15947.56 320 1.36 13306.51 13361.08 716 4.76 15818.64 15884.76 765 6.67 13580.81 13618.80 133 1.84 11327.80 11389.94 687 5.62 15960.20 16010.56 428 6.10 12789.18 12826.76 137 8.02 10326.93 10368.73 750 1.32 17220.55 17276.16 861 5.84 14706.58 14771.61 96 5.40 12680.55 12741.84 886 4.59 15455.82 15513.58 841 2.41 14882.56 14919.92 130 1.74 11158.47 11212.56 634 5.93 12226.66 12267.65 37 2.80 13034.14 13092.50 116 9.97 13248.95 13288.77 335 3.12 12342.11 12387.22 268 5.16 14123.18 14184.19 91 5.29 14244.71 14279.43 757 5.56 14558.16 14603.45 304 9.56 11580.01 11639.08 526 5.22 11480.04 11516.13 509 1.22 15785.07 15835.22 731 8.21 14029.33 14078.28 789 7.19 14052.02 14104.56 867 1.59 17003.39 17065.50 788 8.05 14921.79 14967.79 469 8.29 12660.54 12698.02 74 1.17 11693.03 11726.68 864 9.26 15173.55 15209.00 311 8.96 11831.76 11897.58 104 4.05 11674.86 11736.24 
1 900 6.64 18099.98 18165.27 
