100 0 0 1 30
4
4
4
4
4
4
4
4
4
4
4
4
4
4
4
4
4
4
4
4
4
4
4
4
4
4
4
4
4
4
4
4
4
4
4
4
4
4
4
4
4
4
4
4
4
4
4
4
4
4
4
4
4
4
4
4
4
4
4
4
4
4
4
4
4
4
4
4
4
4
4
4
4
4
4
4
4
4
4
4
4
4
4
4
4
4
4
4
4
4
4
4
4
4
4
4
4
4
4
4
91 9921 40.53
10 8297 597.90
11 3497 542.74
2 1 58.10
92 2797 631.90
12 8094 424.15
3 7560 842.42
1 1317 906.40
93 1713 423.73
13 6520 655.87
4 5331 930.50
2 4589 345.04
94 4960 255.36
14 6800 445.23
5 471 790.40
3 2191 695.72
95 1632 558.12
15 2503 288.14
6 6797 146.67
4 6793 579.68
96 7834 564.99
16 4715 147.27
7 3837 151.02
5 9352 20.91
97 4367 554.85
17 6007 687.64
8 8314 388.76
6 5197 928.86
98 5851 180.61
18 7563 190.72
9 535 476.69
7 346 257.83
99 669 980.43
19 9519 985.49
10 6715 160.38
8 5300 670.40
100 3900 768.00
1 150 838.34
20 4396 173.38
9 78 130.90
20 2744 317.41
21 6894 882.98
1 4526 400.40
12 3837 418.46
22 9877 516.42
2 9322 495.55
13 4177 116.32
11 669 758.12
23 8517 144.75
3 2154 214.86
14 5893 196.01
12 6872 596.32
24 5377 843.12
4 9094 864.03
15 8466 529.98
13 9310 540.74
25 1035 533.53
5 8613 116.90
16 921 950.32
14 5272 797.76
26 5771 279.07
6 5063 553.55
17 4163 302.15
15 6543 3.74
27 4403 70.79
7 8180 199.00
18 9108 48.25
16 7016 414.12
28 8697 892.44
8 4625 408.91
19 2626 773.26
17 7626 693.48
29 8012 76.04
9 6331 6.63
20 7365 275.28
18 475 673.87
11 6434 903.50
30 7421 331.09
10 8252 227.40
19 3284 803.58
30 5465 601.35
31 8865 748.27
11 7026 665.60
22 6330 155.37
32 4636 605.38
12 9549 486.16
23 9916 49.98
21 7568 685.00
33 7138 712.70
13 2895 737.90
24 2472 564.70
22 3656 335.73
34 6681 997.02
14 5147 839.92
25 7231 851.37
23 9831 662.46
35 1997 785.64
15 4143 805.18
26 6519 405.65
24 7538 801.60
36 8664 626.36
16 8771 97.53
27 6320 831.40
25 728 570.51
37 5443 600.14
17 7302 454.23
28 2729 741.20
26 8852 375.08
38 4506 102.53
18 7161 590.64
29 7669 969.89
27 4367 104.00
39 2157 276.73
19 7069 645.77
30 2379 445.15
28 4780 575.36
21 9184 687.19
40 3159 717.76
20 192 960.39
29 2751 775.49
40 2668 507.34
41 8820 952.16
21 5253 104.18
32 3595 827.30
42 4678 487.68
22 653 275.32
33 4868 624.27
31 1666 341.89
43 3654 786.24
23 4892 71.16
34 9097 500.36
32 8982 57.53
44 9997 404.90
24 6824 669.01
35 9052 596.73
33 606 487.75
45 6309 306.76
25 9171 687.33
36 5166 37.30
34 5048 560.91
46 6 860.60
26 8905 105.98
37 9872 378.98
35 3192 420.18
47 7738 966.67
27 1393 451.19
38 2663 394.21
36 4943 454.64
48 3194 624.21
28 9899 830.79
39 9483 255.72
37 908 4.75
49 6829 453.04
29 4463 596.44
40 5010 980.23
38 738 126.43
31 9706 331.79
50 2054 108.12
30 5150 491.99
39 3844 329.65
50 2469 185.01
51 7093 648.94
31 4400 331.71
42 2773 702.09
52 946 198.90
32 8071 983.37
43 5301 95.28
41 9143 334.59
53 7644 949.97
33 2117 126.82
44 9415 488.70
42 4647 751.81
54 2140 574.07
34 1537 444.82
45 7619 10.24
43 502 650.62
55 812 731.66
35 6167 992.92
46 8283 589.06
44 7706 943.20
56 9527 542.58
36 9 331.79
47 159 910.99
45 1255 280.84
57 3901 647.59
37 7277 740.43
48 8687 181.55
46 6888 680.58
58 6926 814.00
38 4180 148.53
49 7366 619.95
47 6299 222.70
59 7773 78.05
39 6810 696.69
50 10000 686.73
48 7258 503.04
41 8444 776.26
60 4227 552.82
40 8369 461.85
49 8891 822.85
60 6944 206.36
61 1941 444.57
41 8292 575.66
52 2334 609.22
62 1920 454.36
42 818 908.13
53 3512 405.28
51 3065 738.37
63 2442 938.67
43 6299 269.85
54 5915 228.63
52 5136 261.00
64 1366 842.64
44 2137 811.07
55 4123 908.54
53 8465 955.69
65 6014 685.84
45 3891 357.16
56 2695 665.53
54 8420 924.23
66 8288 10.53
46 9481 35.25
57 5376 924.92
55 4157 703.76
67 9885 596.37
47 2694 466.51
58 2874 557.41
56 4682 897.81
68 2338 997.07
48 2842 453.59
59 1538 782.35
57 1785 926.83
69 2196 791.42
49 7843 918.07
60 8029 660.43
58 5720 554.25
51 4560 143.03
70 6964 749.77
50 2823 789.60
59 331 476.86
70 8176 321.41
71 6966 477.47
51 114 282.50
62 5348 902.23
72 6699 602.06
52 9838 340.83
63 9559 400.41
61 4988 785.30
73 565 912.40
53 8202 456.94
64 5549 504.24
62 7487 867.55
74 2272 391.94
54 3984 294.55
65 6252 203.63
63 8912 480.13
75 7002 469.96
55 1770 506.97
66 1599 42.79
64 8425 996.67
76 7630 637.36
56 1579 697.27
67 7151 602.62
65 2129 664.67
77 5542 468.10
57 2573 318.85
68 911 666.25
66 1305 112.92
78 3299 826.40
58 1017 122.65
69 31 703.94
67 2748 591.44
79 1432 53.02
59 6351 317.08
70 269 123.23
68 4146 317.91
61 221 364.21
80 4856 297.06
60 7952 608.84
69 7102 996.03
80 1609 898.69
81 8137 747.93
61 7534 449.79
72 9384 901.95
82 7394 513.74
62 6338 209.80
73 1810 885.65
71 2401 850.92
83 1354 26.08
63 5986 738.24
74 8875 500.19
72 3177 94.58
84 3109 900.85
64 3190 844.83
75 1505 638.89
73 6524 956.45
85 5184 244.31
65 1175 432.66
76 3861 695.62
74 6817 673.31
86 2590 582.23
66 5264 372.59
77 5000 290.60
75 3880 50.86
87 3933 626.67
67 5883 572.99
78 5875 320.57
76 1477 828.26
88 4762 768.12
68 7034 609.08
79 5905 957.50
77 8460 979.41
89 2795 237.36
69 1618 185.31
80 5565 818.27
78 9559 546.72
71 7074 549.35
90 3700 680.52
70 8607 340.53
79 1483 744.23
90 7082 834.83
91 6722 970.05
71 5572 494.48
82 9838 947.90
92 5142 966.70
72 3162 985.93
83 1419 415.51
81 4090 181.96
93 7212 715.33
73 5289 777.56
84 2523 448.63
82 5652 510.22
94 4610 771.42
74 5885 501.13
85 4643 610.27
83 4888 604.01
95 3218 771.79
75 4311 427.64
86 1261 788.06
84 9616 489.17
96 5175 1.58
76 3705 77.73
87 3195 652.02
85 1999 167.66
97 4021 78.72
77 4471 388.27
88 1268 242.83
86 6296 800.88
98 9870 74.35
78 3881 257.97
89 6220 259.05
87 6516 732.65
99 6705 616.19
79 784 495.94
90 2480 964.95
88 8035 854.28
81 4369 613.17
100 5420 718.10
80 2541 543.63
89 4767 402.36
1 6961 994.55
100 5828 153.81
81 6766 510.20
92 3896 568.76
2 7543 413.39
82 7290 835.10
93 284 132.71
91 2034 716.93
3 43 885.15
83 9453 615.72
94 4268 598.76
92 9022 494.73
4 800 598.95
84 9407 281.98
95 9480 431.55
93 1421 285.02
5 9038 825.01
85 4607 979.77
96 1313 347.50
94 4106 42.87
6 7471 505.60
86 6617 397.61
97 923 681.46
95 8861 29.39
7 64 710.84
87 6060 845.91
98 711 468.05
96 1623 140.47
8 5188 371.83
88 1505 78.01
99 2532 466.02
97 3656 979.04
9 5443 338.11
89 3440 220.30
100 7836 89.71
98 1352 551.75
10 2160 420.07
91 7521 956.20
90 5231 673.41
99 4556 145.50
80
50
3 96 2.28 2735.61 2839.81 80 3.19 0.00 41.10 9 4.80 1833.24 1931.23 
7 84 9.84 2777.79 2851.91 57 8.31 2125.83 2196.03 76 2.12 2551.65 2633.06 11 4.28 2631.36 2703.79 48 7.80 1765.13 1888.64 82 1.06 1913.43 2023.02 89 6.01 923.63 1045.92 
4 83 4.81 2343.81 2425.78 31 5.02 3307.74 3390.95 56 9.39 3018.91 3115.18 40 3.09 3171.26 3267.09 
1 20 9.93 4397.65 4485.46 
1 59 7.52 6080.60 6197.26 
3 62 8.79 7965.76 8061.23 7 6.66 8324.36 8443.73 3 2.17 8871.33 8997.02 
6 66 2.53 9127.76 9218.94 19 1.23 9682.18 9804.71 54 5.28 8951.13 9042.92 75 8.45 9564.18 9636.87 51 4.83 9034.02 9146.15 91 4.05 10192.67 10263.95 
2 45 3.32 9781.10 9866.13 90 7.03 10804.76 10872.21 
4 81 4.44 11401.01 11516.36 67 7.39 11510.12 11633.33 4 7.13 11611.38 11691.83 49 6.63 12092.10 12164.88 
4 58 2.21 12324.87 12411.18 27 2.23 13063.26 13168.76 61 1.89 12346.36 12468.42 5 5.80 12409.76 12488.50 
1 69 3.70 13679.40 13774.04 
4 94 6.69 15846.58 15951.76 88 3.14 14831.14 14919.00 46 3.10 15420.98 15549.42 77 8.18 15060.26 15155.48 
3 29 8.14 16304.79 16424.03 53 8.05 17564.69 17641.21 65 3.28 16382.54 16473.12 
3 60 6.98 17805.38 17876.23 18 9.81 17504.27 17572.82 70 5.12 18043.51 18146.53 
6 98 2.28 18090.70 18185.06 64 2.62 19894.12 20023.96 15 1.85 18609.72 18709.67 16 2.71 18610.91 18701.01 93 1.34 19205.69 19329.69 32 8.68 19422.15 19496.89 
3 39 6.24 19783.49 19873.98 55 7.12 20598.46 20673.23 17 2.73 18894.93 19026.69 
2 6 8.39 19606.60 19683.33 33 2.72 21444.80 21564.41 
6 21 4.50 21974.56 22047.29 23 7.66 21225.81 21349.41 73 5.03 21899.43 21978.18 97 4.79 20316.93 20401.51 1 8.62 21608.92 21728.19 22 2.28 21568.32 21678.36 
3 24 2.75 21804.54 21915.39 26 9.26 21394.19 21478.65 79 4.69 21631.61 21698.51 
2 8 4.35 22260.95 22344.07 68 6.84 22123.63 22222.30 
6 43 4.58 24881.21 24994.89 36 7.67 23326.74 23401.24 85 3.29 23767.98 23865.44 34 4.55 24296.43 24393.72 30 7.66 23411.97 23484.84 52 1.71 24198.49 24327.34 
1 95 5.61 24211.05 24296.79 
2 37 9.23 26184.46 26281.50 35 8.46 26523.25 26642.37 
1 71 1.23 29085.73 29211.75 
3 25 4.59 32460.70 32569.78 14 6.82 31797.14 31898.23 41 6.44 30405.82 30510.03 
2 100 8.38 32094.40 32226.79 99 1.43 32266.13 32346.06 
6 44 3.04 35552.58 35655.46 38 5.08 33988.69 34101.73 42 2.75 34972.52 35085.77 12 8.05 33866.29 33952.99 74 4.72 34684.48 34804.50 13 6.16 33964.05 34087.87 
3 47 9.04 34835.77 34958.62 28 8.55 34829.52 34932.64 86 7.38 35908.42 35977.76 
5 2 8.10 37156.77 37257.87 92 2.25 36744.44 36863.68 63 3.68 37952.13 38024.92 87 4.22 36550.41 36654.56 10 7.19 36364.02 36477.06 
3 72 3.88 38390.24 38463.52 50 9.73 37692.71 37823.44 78 3.93 37052.90 37162.11 
