500 0 0 1 17
12
4
11
19
10
2
14
9
11
19
5
4
3
14
18
19
4
19
9
10
5
9
14
17
5
13
16
2
8
12
15
5
8
4
9
15
11
4
11
3
12
18
15
16
7
9
4
4
8
19
4
17
9
15
13
16
12
9
14
2
8
2
17
5
17
2
6
9
8
7
10
15
4
17
5
12
14
8
3
8
13
12
10
11
4
14
9
12
16
6
17
5
7
15
5
2
11
7
6
5
3
4
16
4
6
19
8
13
10
18
9
18
17
2
18
13
6
13
10
7
16
3
19
9
8
15
16
4
9
12
16
13
6
2
14
10
2
14
17
6
7
8
2
16
15
10
4
16
11
13
16
9
3
4
18
17
16
3
16
12
11
6
11
2
14
15
4
7
11
2
10
14
13
9
11
10
12
6
5
4
15
6
17
17
13
10
4
12
6
8
3
11
19
10
11
5
16
5
13
9
14
6
6
17
2
4
5
18
7
4
13
10
4
16
4
2
11
18
19
12
14
3
11
5
12
5
12
13
5
18
14
7
19
16
15
16
8
8
17
12
13
7
16
16
4
15
8
6
2
9
3
14
3
15
17
14
13
10
8
2
4
7
11
16
9
12
15
8
16
2
13
15
4
14
16
8
8
17
5
12
14
7
17
2
2
4
4
16
15
8
4
16
14
4
5
12
17
2
4
15
3
12
7
10
8
8
4
11
13
9
13
6
2
9
18
13
17
14
9
14
7
14
10
6
14
2
6
13
14
12
10
16
3
12
12
6
6
8
13
5
12
15
12
8
8
7
11
7
7
16
17
5
2
2
2
10
18
16
9
6
6
12
13
11
19
17
2
15
11
8
11
8
6
8
8
17
8
2
4
15
12
13
5
6
12
9
6
17
11
15
5
3
10
5
14
13
11
10
10
6
16
10
15
16
12
5
14
7
6
2
14
19
17
13
17
12
11
16
17
7
9
2
13
2
5
16
6
10
16
14
16
10
2
8
16
10
9
4
11
15
16
7
12
12
10
14
13
17
6
2
13
6
13
6
4
9
2
11
17
16
14
6
7
17
15
10
6
10
9
12
15
9
12
4
2
6
12
12
6
3
2
12
11
14
12
8
4
5
14
11
14
13
5
2
4
13
2
7
13
0
123 1805 40.53
290 9566 597.90
148 2138 542.74
9 8933 58.10
140 867 631.90
444 1488 424.15
326 7338 842.42
111 3343 906.40
445 4920 423.73
420 2403 655.87
43 1328 930.50
357 6101 345.04
496 828 255.36
5 1160 445.23
166 1858 790.40
59 1768 695.72
462 1719 558.12
298 8237 288.14
86 8000 146.67
447 5054 579.68
110 2184 564.99
493 7154 147.27
366 3744 151.02
433 8997 20.91
362 6642 554.85
9 1873 687.64
340 2226 388.76
222 5408 928.86
312 4394 180.61
347 6033 190.72
161 1705 476.69
271 7399 257.83
28 5421 980.43
101 9980 985.49
116 9175 160.38
256 1742 670.40
438 4474 768.00
258 1834 838.34
224 3264 173.38
440 3267 130.90
486 5889 317.41
418 6984 882.98
385 4677 400.40
18 5849 418.46
65 8100 516.42
282 9067 495.55
169 2586 116.32
327 9700 758.12
315 1554 144.75
167 89 214.86
41 1344 196.01
94 8381 596.32
122 4273 843.12
367 5491 864.03
203 3019 529.98
196 5696 540.74
276 8332 533.53
365 7132 116.90
317 4906 950.32
357 8699 797.76
492 3223 279.07
402 7097 553.55
334 162 302.15
276 460 3.74
13 7147 70.79
356 515 199.00
53 900 48.25
211 8844 414.12
219 2316 892.44
27 2324 408.91
123 7207 773.26
29 2802 693.48
205 5179 76.04
319 2525 6.63
479 8890 275.28
405 2674 673.87
385 2345 903.50
99 1925 331.09
75 6940 227.40
244 1509 803.58
243 4002 601.35
420 166 748.27
349 882 665.60
143 5157 155.37
499 9079 605.38
35 2300 486.16
339 942 49.98
292 7780 685.00
375 4749 712.70
410 544 737.90
466 6649 564.70
438 7507 335.73
177 9626 997.02
139 9313 839.92
91 9266 851.37
130 2937 662.46
404 4308 785.64
198 2857 805.18
279 4656 405.65
192 9330 801.60
2 57 626.36
73 2752 97.53
27 6443 831.40
486 9724 570.51
352 7074 600.14
132 4118 454.23
263 3278 741.20
105 2448 375.08
262 2392 102.53
384 1323 590.64
423 7514 969.89
295 5777 104.00
412 8507 276.73
129 6601 645.77
431 4422 445.15
480 3661 575.36
294 5886 687.19
167 756 717.76
324 4703 960.39
198 8123 775.49
379 8266 507.34
425 2736 952.16
148 5056 104.18
194 7915 827.30
383 7105 487.68
282 1828 275.32
92 7547 624.27
319 5881 341.89
244 1462 786.24
261 9568 71.16
124 7398 500.36
255 1236 57.53
484 32 404.90
10 426 669.01
439 7783 596.73
436 7353 487.75
312 6839 306.76
329 4217 687.33
305 6685 37.30
432 9964 560.91
336 2430 860.60
77 2531 105.98
171 6574 378.98
419 2674 420.18
395 4673 966.67
337 6529 451.19
274 3050 394.21
121 9398 454.64
457 1539 624.21
434 2002 830.79
69 5789 255.72
61 5981 4.75
494 3970 453.04
453 9379 596.44
326 3217 980.23
407 9200 126.43
381 5005 331.79
382 5647 108.12
354 139 491.99
109 8491 329.65
259 5373 185.01
175 5223 648.94
371 2575 331.71
495 3390 702.09
432 2846 198.90
53 3950 983.37
265 9248 95.28
461 7160 334.59
238 7955 949.97
201 7416 126.82
162 3794 488.70
200 3177 751.81
245 7973 574.07
202 5354 444.82
227 920 10.24
417 7585 650.62
206 1981 731.66
74 4074 992.92
437 8064 589.06
474 3741 943.20
329 3035 542.58
293 4896 331.79
171 9238 910.99
53 9490 280.84
204 2650 647.59
14 7264 740.43
363 857 181.55
43 5587 680.58
305 8636 814.00
436 7629 148.53
294 4780 619.95
248 8574 222.70
352 6701 78.05
106 9283 696.69
391 7874 686.73
101 3251 503.04
419 8470 776.26
387 8795 552.82
90 1268 461.85
366 1640 822.85
282 2257 206.36
481 9025 444.57
21 5637 575.66
170 6328 609.22
199 8671 454.36
63 7194 908.13
459 3158 405.28
77 6282 738.37
266 1285 938.67
76 2657 269.85
188 9079 228.63
289 6784 261.00
403 4200 842.64
140 1230 811.07
206 8796 908.54
286 1630 955.69
218 8119 685.84
498 257 357.16
277 530 665.53
303 6485 924.23
26 7083 10.53
53 9347 35.25
131 3430 924.92
393 2013 703.76
304 5171 596.37
416 8563 466.51
389 5046 557.41
14 1176 897.81
159 7727 997.07
30 2073 453.59
237 3783 782.35
432 703 926.83
467 2859 791.42
62 7179 918.07
194 4419 660.43
311 8095 554.25
227 3058 143.03
232 2839 749.77
398 4034 789.60
239 3919 476.86
382 6168 321.41
195 5443 477.47
309 4069 282.50
16 129 902.23
464 603 602.06
227 4395 340.83
126 8877 400.41
498 2791 785.30
459 335 912.40
403 8666 456.94
286 8715 504.24
63 9810 867.55
186 512 391.94
311 9226 294.55
117 8481 203.63
431 484 480.13
352 9881 469.96
25 1522 506.97
111 5426 42.79
338 6643 996.67
68 838 637.36
405 9164 697.27
315 8059 602.62
222 8577 664.67
45 9914 468.10
204 6349 318.85
278 1641 666.25
123 8914 112.92
350 6810 826.40
233 8883 122.65
105 176 703.94
411 3057 591.44
13 404 53.02
449 6671 317.08
391 3874 123.23
72 1669 317.91
493 6496 364.21
305 9037 297.06
182 4680 608.84
150 3971 996.03
107 3012 898.69
294 1921 747.93
253 1111 449.79
222 9032 901.95
259 2647 513.74
18 3128 209.80
197 8211 885.65
11 7076 850.92
50 623 26.08
465 6418 738.24
4 793 500.19
345 5457 94.58
89 9603 900.85
148 8922 844.83
72 3858 638.89
456 5136 956.45
318 3656 244.31
3 4002 432.66
199 4620 695.62
444 6544 673.31
379 2679 582.23
257 9384 372.59
72 9447 290.60
152 2302 50.86
364 9954 626.67
7 6266 572.99
115 6983 320.57
453 8146 828.26
206 6138 768.12
320 9368 609.08
382 2837 957.50
173 4984 979.41
171 6019 237.36
74 9344 185.31
56 5194 818.27
261 3636 546.72
268 9011 549.35
243 9781 680.52
334 8297 340.53
461 2083 744.23
486 8362 834.83
346 9629 970.05
10 3909 494.48
438 8466 947.90
47 4010 966.70
462 9725 985.93
164 507 415.51
406 5927 181.96
76 8981 715.33
190 5562 777.56
385 6329 448.63
86 5050 510.22
74 1566 771.42
59 7166 501.13
422 769 610.27
287 2783 604.01
274 5920 771.79
41 5849 427.64
285 7813 788.06
347 8365 489.17
495 2295 1.58
76 4037 77.73
432 478 652.02
201 5550 167.66
107 327 78.72
214 3123 388.27
43 1223 242.83
291 3920 800.88
339 6651 74.35
186 3427 257.97
356 6938 259.05
183 8624 732.65
48 5536 616.19
476 3523 495.94
69 4874 964.95
247 5333 854.28
132 6468 613.17
342 6570 718.10
128 5404 543.63
252 9036 402.36
483 4148 994.55
365 3074 153.81
214 7588 510.20
205 7266 568.76
428 9192 413.39
359 9796 835.10
72 7751 132.71
195 2508 716.93
212 7042 885.15
360 9853 615.72
12 2781 598.76
5 8169 494.73
17 8342 598.95
310 5018 281.98
463 735 431.55
87 7146 285.02
491 4128 825.01
305 1942 979.77
92 5952 347.50
289 5332 42.87
417 45 505.60
51 1831 397.61
206 4829 681.46
276 5444 29.39
188 2422 710.84
486 9784 845.91
374 3101 468.05
467 6994 140.47
230 887 371.83
124 8063 78.01
243 5872 466.02
232 602 979.04
362 7669 338.11
31 714 220.30
146 2697 89.71
18 3935 551.75
439 8327 420.07
262 7993 956.20
454 8568 673.41
282 1079 145.50
382 2526 143.53
252 8629 244.16
141 8463 423.12
105 1646 981.81
128 8625 811.87
186 172 125.09
242 9728 364.97
472 4310 755.84
361 541 7.51
448 8088 557.21
35 5635 423.65
4 685 447.07
176 6612 931.92
273 4720 233.31
366 9347 992.19
230 5273 724.45
170 6782 866.06
215 7387 629.76
381 4682 131.07
306 2615 171.08
373 5655 26.88
389 7304 475.55
311 5423 828.39
302 7717 425.60
28 1187 339.14
208 7502 259.01
41 3821 670.04
192 9606 382.57
408 3743 710.51
326 6344 681.16
134 5841 625.74
225 2726 135.10
272 4541 137.35
264 5983 99.71
11 6231 533.83
424 8548 300.39
411 5911 632.98
428 511 238.65
160 1279 234.41
490 1287 797.75
348 1649 793.64
202 2089 783.69
220 65 253.63
101 2783 664.49
303 1475 979.46
349 7043 458.30
157 4022 142.87
221 191 180.60
453 2240 95.67
22 594 190.27
258 7878 39.29
450 5900 854.01
94 1796 582.27
139 7217 680.38
303 6221 192.65
127 3826 821.19
445 8527 191.95
417 9434 389.27
161 1850 739.74
271 3959 448.41
476 495 421.96
34 1979 846.55
412 4941 142.55
247 345 195.01
35 7845 918.21
398 6530 410.59
391 440 372.79
464 8432 649.78
214 3221 398.28
379 874 741.60
351 656 255.23
466 7044 394.56
291 7649 739.83
273 8997 80.33
459 3335 512.45
255 9362 914.28
283 9016 829.41
62 6703 26.86
371 21 399.46
493 8033 646.65
94 2914 604.81
228 5416 820.63
32 2798 48.19
30 2656 226.99
159 7125 453.82
13 5274 195.64
154 6617 783.69
111 7701 413.72
140 4221 573.99
463 2523 893.55
21 2164 839.14
431 2773 709.06
129 1343 789.63
130 3380 140.09
159 9602 298.87
246 2362 358.82
404 3726 687.92
97 3538 320.68
494 3881 970.22
352 9706 325.89
457 6577 563.44
300 5475 233.83
99 2492 470.42
483 6659 112.69
218 6871 53.91
379 536 221.90
448 4301 87.38
23 276 852.88
163 140 644.22
337 6895 834.52
36 5080 230.35
390 7280 248.90
338 659 444.61
110 2103 437.95
209 759 317.93
321 6490 750.13
155 8560 432.63
56 216 790.75
485 1505 885.45
63 3004 368.38
234 5121 838.11
328 709 377.47
402 3286 91.23
362 8460 682.27
349 5223 70.13
482 4393 276.15
103 6910 12.73
393 3829 730.44
81 7427 848.29
480 323 207.51
169 34 92.64
266 4145 295.25
384 4715 582.99
12 9614 830.96
471 2496 181.91
27 9407 420.16
284 8626 578.10
85 5402 318.54
436 7291 926.56
225 3896 428.87
243 2507 788.83
263 9352 148.63
481 7371 359.27
451 864 63.64
298 1685 29.28
424 674 545.72
479 1822 415.88
150 4305 947.77
165 5070 499.82
410 4509 352.08
373 7333 860.14
24 8421 121.95
386 3773 357.98
133 3696 122.53
222 3772 976.50
182 7515 151.84
32 7454 794.24
66 9239 91.94
199 9581 854.16
70 869 182.13
330 5645 269.33
177 6812 789.29
17 2162 650.94
277 8899 663.05
157 2002 267.61
370 1860 4.58
252 776 247.59
37 5908 480.53
241 6083 705.50
98 817 118.34
401 8963 462.52
20 8566 459.93
163 2592 93.98
252 7485 932.71
63 7530 286.91
391 7743 456.19
359 3381 787.10
179 5190 890.52
397 3719 636.51
134 8940 516.85
216 6320 563.71
490 2191 985.91
432 4724 199.79
281 6462 543.67
155 4789 696.00
111 5811 698.99
114 4941 301.26
419 9823 800.50
112 4087 857.51
175 9310 842.94
220 66 547.22
283 3880 41.14
158 613 517.07
250 9581 788.72
230 3765 92.82
322 538 562.77
294 3153 695.94
262 323 100.10
145 670 961.06
126 8960 638.42
286 6867 627.03
66 2239 963.35
283 6913 857.12
80 4398 164.66
469 9791 902.09
259 2556 548.19
61 2220 681.47
148 8984 227.84
36 2228 943.47
79 9034 994.09
77 762 531.25
372 2801 290.67
275 6789 856.19
158 4563 581.66
190 9366 324.20
498 6515 32.99
69 9343 466.98
313 1133 671.02
135 9049 522.64
439 9454 434.53
73 1240 509.72
4 1765 662.82
102 3996 759.13
224 2663 382.14
434 1217 59.32
219 3951 419.64
309 5037 429.50
48 7319 905.04
15 2989 229.41
316 8798 618.85
448 9860 207.68
270 8560 814.15
328 2096 546.23
346 5188 700.74
137 826 915.58
340 9684 384.82
235 5649 448.36
386 2252 851.93
237 9688 40.31
464 6846 651.20
275 4468 704.17
482 5619 536.28
265 5751 604.55
25 3404 831.40
70 3773 266.67
292 1183 764.96
212 1267 944.89
106 9337 310.04
13 4743 490.09
425 1648 619.61
250 217 788.39
458 3478 925.43
67 3213 739.26
452 2617 244.86
377 446 502.39
371 9842 507.88
194 7343 170.32
162 7519 413.05
119 7914 752.07
311 4803 914.80
394 7078 667.82
413 600 126.64
184 6641 982.64
167 2746 870.17
271 8402 752.32
28 5746 724.84
430 8738 973.82
429 3401 696.36
150 8356 984.67
287 6735 403.53
253 5231 785.11
457 4472 461.80
332 4691 908.51
80 3923 550.15
130 8027 935.75
203 5197 820.84
290 5483 734.40
37 226 932.75
44 7651 683.93
13 7152 105.99
4 5137 260.61
276 1191 16.94
293 4834 977.72
286 1545 857.70
380 6216 443.60
481 82 405.42
442 3544 758.24
188 569 356.43
343 5960 830.22
374 6539 489.76
272 7401 770.25
451 9313 281.29
289 6578 187.74
4 1341 710.48
227 7167 64.50
288 4901 797.77
486 5229 750.20
134 5214 429.51
37 3812 587.24
201 8421 463.08
456 1158 394.35
384 4758 30.04
271 8867 61.02
415 2245 597.22
355 8102 798.05
437 4573 857.55
47 966 529.38
352 419 554.03
261 4625 418.11
418 7972 820.43
50 9666 979.37
474 2483 646.19
249 1028 291.40
145 249 323.55
44 6375 976.53
120 8861 319.49
273 8638 558.25
350 6480 737.52
11 6377 807.39
102 6162 799.56
318 6541 73.69
235 3286 583.60
498 8422 161.59
104 7600 661.04
344 1400 619.71
40 2773 259.89
187 8432 923.09
387 278 576.15
169 6163 482.54
227 1151 193.27
456 3745 54.68
37 6892 112.19
298 9590 943.89
483 5625 649.30
79 5719 107.56
31 4290 396.89
404 5573 349.46
146 1722 635.54
209 2436 529.92
12 3471 726.42
190 717 6.59
395 7093 452.88
251 8766 951.57
274 1400 477.34
272 2302 69.11
330 8125 587.67
335 3866 154.55
367 4122 492.08
310 4761 500.43
48 1435 607.48
68 1584 490.47
39 7213 143.09
36 2764 57.59
402 3474 793.85
249 9903 519.38
331 5044 806.83
30 502 2.35
136 8089 488.28
44 1338 621.15
461 2981 993.66
290 5484 816.74
147 6705 932.54
112 18 226.45
36 575 242.43
297 3616 336.94
462 5248 266.02
104 1688 291.02
347 8442 782.15
275 931 42.42
260 820 118.52
37 9268 568.14
310 5134 8.10
16 7220 754.06
272 4219 221.46
255 1874 779.76
301 8066 840.16
128 8588 920.35
351 1521 531.55
168 9083 780.07
104 3532 215.18
311 3590 69.59
75 360 999.76
488 1320 164.25
241 2351 53.07
220 8288 923.91
454 5253 353.50
117 1187 949.01
24 4279 127.87
382 4865 438.31
371 2310 418.54
355 6727 860.85
442 1433 423.06
248 8427 665.92
223 6609 981.05
174 9645 384.65
219 9359 290.58
285 4301 358.31
237 2914 774.16
226 8397 522.15
131 4244 103.41
111 368 431.50
135 7188 451.43
202 8503 221.97
235 9409 68.28
404 7616 371.48
290 2337 928.45
245 9544 621.23
362 5273 643.11
55 3224 972.93
194 313 469.04
228 9624 154.79
489 9805 320.12
466 6446 378.11
209 1908 483.76
321 6425 623.02
19 525 718.96
22 111 735.87
487 59 94.78
428 6944 600.04
214 1164 66.20
147 978 752.73
212 3577 188.69
137 198 441.22
266 1616 51.23
211 9385 93.21
496 8113 503.55
326 6025 667.86
54 58 322.63
19 2372 280.03
149 8549 870.47
17 9071 558.77
405 9602 885.98
472 3134 396.14
261 3733 863.18
296 9055 787.75
498 5857 395.99
121 338 236.74
349 3661 882.85
417 2791 342.41
481 6830 868.25
269 7115 429.92
26 8525 178.02
361 4140 258.04
331 6094 171.41
286 7340 590.84
348 3235 394.42
223 2274 94.75
4 6736 169.99
195 7353 460.97
249 4700 405.16
138 3202 505.89
194 4110 728.31
85 9192 153.27
402 7460 528.06
397 9165 539.71
358 6067 180.21
164 9805 590.90
314 2438 348.90
326 4187 1.65
42 439 586.57
376 9561 200.61
31 1092 939.07
275 2515 377.35
136 382 678.27
438 8955 244.06
209 4677 477.92
417 451 606.73
85 5842 739.35
214 8905 252.28
284 6310 451.38
134 3946 635.98
115 1115 751.74
372 8278 78.63
447 9267 264.97
88 6664 57.62
408 4914 327.70
466 5336 683.45
155 8024 87.30
114 2707 482.71
233 7769 200.78
176 1022 500.76
61 6483 680.61
86 4189 883.86
153 8933 897.39
185 115 972.13
187 8990 183.00
197 4479 385.79
75 689 610.13
141 5531 4.38
229 4247 212.87
401 4466 76.21
279 4243 974.84
101 3777 230.73
238 88 724.27
332 338 514.17
405 367 249.51
159 6040 360.41
94 4822 146.31
197 870 38.48
293 491 27.63
164 5897 432.79
434 154 629.78
5 7248 154.54
324 465 525.80
7 135 494.42
87 1090 748.60
120 4739 846.00
101 767 320.43
96 2688 765.64
314 7629 41.21
298 9855 972.24
383 8522 993.54
365 2858 305.55
498 4548 76.35
84 8558 786.90
372 3317 565.91
167 7493 783.73
73 9489 380.09
251 3660 8.96
249 941 826.64
31 1230 826.39
287 1856 212.06
43 4524 186.89
72 5607 92.35
97 7201 849.92
323 6707 197.70
82 1606 811.02
456 8838 725.02
277 355 902.04
338 8257 248.04
398 3042 477.81
49 7604 313.59
188 4999 870.45
77 7208 335.66
287 4941 477.97
8 941 374.12
284 5380 408.10
112 5103 167.40
216 3938 49.14
454 1216 153.38
428 2311 34.57
459 6348 701.71
271 1583 315.90
361 7214 584.86
362 6523 376.52
102 3171 340.21
448 9300 401.86
384 2542 949.58
323 1732 485.00
467 8786 216.40
37 2387 553.28
443 6761 495.33
211 1266 494.77
436 2046 449.02
476 4316 674.89
447 1927 457.95
452 8010 509.33
77 4954 642.87
152 4119 648.81
222 1635 689.73
381 8218 272.95
393 8497 79.59
70 1499 468.72
193 6935 984.18
44 6600 482.58
94 6712 785.31
307 2801 746.54
76 4893 20.78
321 5585 722.99
8 4107 445.46
219 3180 319.87
429 4301 774.98
187 1573 75.12
17 9243 341.25
273 7506 366.73
58 5815 840.25
166 5846 72.60
453 948 902.17
26 6160 453.82
280 7188 622.84
211 5090 558.91
180 9065 152.15
195 1398 447.36
279 173 599.80
480 8503 56.25
412 2857 157.07
300 8431 213.05
321 5290 773.87
243 4131 377.14
440 3571 228.84
134 9164 789.74
452 7102 889.23
432 8305 102.91
277 2339 829.23
12 9684 459.78
10 5537 632.77
323 8241 906.23
387 4791 736.89
354 7330 864.50
155 6673 657.21
317 5372 239.26
316 3711 938.21
359 1490 919.62
265 3310 854.68
341 3433 771.45
214 4154 573.71
136 6897 704.51
184 102 510.80
71 8986 749.24
174 7778 783.14
83 6749 73.54
348 3204 640.40
43 6263 855.54
21 7582 285.56
451 3630 972.45
163 981 400.94
401 4358 75.12
329 2258 648.56
84 7479 373.46
99 5289 263.96
361 7526 419.50
298 2485 359.45
126 5870 108.19
372 762 476.95
77 2335 219.15
9 9553 360.26
292 6008 633.34
301 2292 440.89
215 2772 813.62
494 9913 874.21
88 7279 391.78
2 7032 643.79
280 1374 657.68
177 3380 162.42
414 56 398.72
261 8574 267.13
376 4752 442.28
484 5660 183.13
197 2040 805.24
81 4467 628.09
76 9588 958.46
17 8129 385.53
322 848 548.76
51 3676 673.76
43 1181 478.78
158 6708 916.45
318 4040 570.07
273 797 624.57
48 6569 517.32
213 4142 646.05
398 3252 137.34
150 3044 962.06
389 2722 725.26
73 8031 426.76
409 7123 728.62
346 911 969.57
171 1988 890.24
28 7457 722.21
486 2405 814.98
390 9445 615.69
280 6110 6.81
246 4150 384.89
263 3066 979.82
305 2095 837.61
198 2985 434.12
118 5429 868.38
52 7052 912.54
83 6845 830.51
347 9859 620.67
75 9489 434.03
447 2600 508.39
116 4145 856.19
390 7520 174.19
376 4012 906.59
113 8417 493.84
290 260 900.44
469 6008 117.08
302 8100 925.01
148 9055 29.60
216 1793 311.17
31 9178 399.35
132 8200 407.12
271 134 354.43
176 6519 976.86
161 5057 885.10
159 9473 412.08
242 1989 921.95
480 9362 730.17
83 2370 265.31
244 1677 275.87
471 5440 544.27
399 1994 782.36
9 4947 804.71
480 2151 203.24
93 9373 98.96
175 4254 975.38
65 1691 731.45
49 3623 212.84
307 887 380.99
478 7162 22.10
395 3680 668.01
128 8020 473.72
257 2862 613.07
62 9662 528.89
225 3672 127.34
167 8734 839.91
424 6982 212.08
347 826 34.97
346 7755 855.63
17 2394 704.90
16 1503 478.75
86 565 42.79
116 4312 786.64
318 917 687.75
324 1637 609.69
110 6557 357.25
194 2965 833.11
355 9876 274.55
10 6839 948.01
422 7473 149.73
87 5142 762.20
327 7950 176.96
290 90 379.77
79 491 354.87
330 3440 804.45
358 8010 5.78
344 5931 704.98
243 6809 583.19
418 1015 761.72
464 4420 455.71
264 4305 900.96
72 4742 304.00
305 1833 532.90
253 3072 559.45
124 8094 626.59
72 5206 739.22
299 8612 464.02
96 9509 149.37
187 9519 203.40
290 3483 279.72
247 8060 713.96
497 7244 159.96
88 1837 84.50
44 8726 8.49
66 6516 3.73
220 2389 939.87
418 9239 571.71
182 211 905.90
417 7645 741.25
428 2588 600.99
154 7419 913.14
214 1138 75.48
319 9357 714.91
188 4510 172.67
404 2411 731.15
125 9348 273.17
52 8341 902.97
395 6010 223.40
446 4435 579.26
460 806 714.63
211 9004 492.86
212 7150 7.24
187 8296 221.56
210 558 966.67
313 4309 437.17
176 1238 74.47
134 301 499.98
382 2280 747.88
438 2880 206.24
351 4967 633.01
251 9550 475.29
366 894 661.42
448 4034 142.54
399 8741 458.05
491 5318 829.23
178 389 479.35
405 9073 891.50
416 3775 412.09
82 8928 68.36
113 8944 711.29
290 7667 946.60
146 6163 118.22
492 9458 498.90
288 9363 7.18
366 2474 442.48
87 4785 829.19
185 435 435.08
397 8683 483.69
375 4260 744.89
26 3620 735.58
394 6832 364.51
96 9116 68.06
404 3065 950.09
259 860 174.75
98 5824 488.91
252 1581 257.50
147 5450 566.84
58 4823 385.86
352 2005 140.31
398 4903 494.68
126 1153 75.24
233 1952 153.32
296 3565 967.09
312 5231 905.16
32 617 992.24
417 6345 914.02
373 7712 331.43
142 6192 161.87
57 1173 216.49
161 4760 160.26
302 6561 968.28
177 4866 541.93
460 6239 234.59
44 1962 177.78
282 6268 809.55
126 6244 27.68
449 1831 992.89
422 9972 203.33
322 371 121.02
25 9709 445.34
331 3395 853.03
144 6997 67.18
32 3679 254.68
435 4338 332.57
90 1078 550.81
473 6147 754.71
36 2848 557.75
34 6076 937.87
136 7476 750.81
384 7913 514.29
120 6234 673.23
89 6768 776.48
95 9060 499.75
409 6177 569.74
157 5018 858.46
344 8165 730.12
301 3706 123.81
224 6595 331.02
295 7126 972.80
202 6836 175.22
146 5710 503.82
21 2172 112.27
387 7986 187.75
168 5152 674.11
222 1744 402.53
134 1057 344.20
307 8242 792.95
367 1895 578.18
58 1671 879.23
305 6205 765.59
457 8758 497.34
449 5493 402.07
208 8835 421.01
498 5080 439.00
309 3333 177.75
465 6464 832.78
491 1973 664.68
249 4522 518.11
144 5490 971.03
148 5129 149.94
364 4727 976.23
340 286 190.02
450 2248 686.70
8 9080 690.23
301 4500 223.13
115 2491 919.39
356 5561 380.50
499 6579 651.19
274 267 772.82
448 374 239.81
54 450 256.82
226 2735 419.04
177 9864 902.38
10 202 705.97
187 8706 306.51
185 8021 484.38
240 9920 880.73
436 9902 545.80
26 5119 463.89
21 6024 970.91
428 3053 399.41
233 3613 812.90
409 8746 740.51
473 9090 125.55
175 8566 803.27
293 7318 783.46
395 7894 315.51
31 5021 392.64
17 465 930.75
441 4090 330.68
177 466 422.75
456 273 80.60
189 5907 194.11
81 49 97.97
445 4845 398.52
42 7180 134.68
187 8294 574.64
317 452 798.35
151 3688 956.84
39 5200 22.92
99 3526 750.12
219 8595 240.47
488 1949 859.66
132 8284 685.43
179 7401 610.69
440 2264 511.98
5 2190 27.12
280 3836 165.33
383 758 475.95
339 1295 67.27
420 6693 231.04
248 2275 843.99
191 8536 14.72
142 8994 607.33
460 3624 101.70
139 7806 218.73
393 7787 477.76
240 9233 761.28
111 8687 27.18
7 9945 652.55
213 9345 844.59
488 7249 98.96
95 1880 970.39
83 4051 776.27
344 3198 676.75
342 3013 17.81
202 7943 178.58
107 2818 107.80
194 1707 831.55
119 7436 248.11
178 2826 756.53
94 5941 614.00
317 3136 401.14
472 9945 839.26
455 2145 470.74
133 3737 2.54
162 4148 299.79
343 1609 492.88
35 192 151.19
239 3135 957.46
260 5884 120.12
22 5685 576.65
107 7200 53.76
430 6895 909.43
441 5136 295.05
181 7117 468.88
464 5565 268.13
265 7940 390.99
188 8267 746.22
115 9534 867.81
269 3610 241.92
455 2015 398.84
348 1445 254.27
125 6353 260.48
328 4890 125.49
88 2452 340.92
98 7632 478.14
205 5534 954.82
301 4902 496.76
149 1042 95.39
154 4101 509.77
248 3456 257.94
62 3268 814.23
378 3008 875.12
306 8031 388.61
166 3105 133.99
140 8837 123.69
318 9930 832.80
393 6730 687.57
380 874 965.19
187 610 801.14
49 7866 337.14
311 1535 886.24
297 5248 317.51
44 8302 705.30
277 8562 801.12
145 82 434.78
73 6457 645.65
492 7235 569.17
7 612 938.70
454 1110 754.52
313 3620 136.96
198 3787 801.82
256 9763 762.99
499 7456 831.30
235 470 421.06
47 7817 709.35
411 3378 358.02
104 2440 641.62
146 5189 653.20
56 4725 826.55
444 686 555.65
114 7537 110.78
122 3596 930.91
97 9846 997.16
32 1098 303.28
307 6261 11.37
181 3132 346.33
128 3589 532.87
206 4874 757.39
68 8876 22.13
226 3186 456.23
93 8794 774.54
59 6635 991.02
176 727 850.37
203 2396 120.04
217 6055 604.61
230 7996 217.18
12 5708 390.79
116 3179 984.26
327 5594 443.76
482 761 247.12
89 7473 346.72
15 521 77.44
181 777 702.70
445 8276 825.01
469 4710 40.17
368 9147 522.58
452 8364 404.90
157 937 573.56
451 3339 22.86
117 3155 691.87
245 8991 127.41
16 6545 366.34
180 3385 15.13
8 8076 361.08
437 4438 841.41
443 4617 172.50
392 3579 224.28
131 3692 46.61
345 6645 951.61
99 842 508.59
120 3996 8.99
435 3018 698.76
140 5077 456.90
297 7869 828.42
145 3564 479.77
187 6032 551.40
489 1811 18.83
90 6721 249.63
186 3471 910.51
420 8646 160.40
276 6153 279.75
436 9448 2.31
384 6879 482.83
370 4802 911.61
27 306 52.26
242 184 693.62
374 9482 648.64
183 7098 609.10
402 5275 754.04
294 8011 110.95
120 9908 767.41
221 5777 137.88
64 1678 187.94
265 1244 888.59
279 3162 630.20
498 897 51.12
413 4037 421.83
53 4154 339.24
334 615 811.93
282 2814 126.64
254 2565 651.69
99 6287 12.35
140 6523 548.57
110 3385 948.06
418 2725 940.73
264 372 410.38
174 4354 730.59
258 6080 928.87
383 5232 221.38
286 418 281.12
284 5979 954.09
350 2709 900.13
178 4935 322.24
389 7568 696.54
143 4835 597.39
153 3625 592.94
499 9845 915.68
375 5163 559.51
439 2481 976.69
368 4813 402.60
159 257 510.62
8 2443 854.11
93 7142 432.59
336 7660 438.30
449 7591 735.65
334 8484 928.61
238 9401 64.78
72 1263 603.53
470 5260 973.89
160 6268 660.06
125 973 47.50
482 1516 927.01
22 760 694.94
288 9394 729.44
433 5806 959.04
207 8376 24.08
120 6884 730.91
49 9042 185.50
225 8251 523.93
113 4595 970.67
171 5998 739.62
356 7290 979.61
227 5252 38.17
59 2749 30.93
32 7183 179.05
489 4315 231.38
306 2634 243.52
391 9445 178.18
11 6495 834.80
58 1387 583.64
445 9188 774.65
293 8235 713.18
408 7369 694.67
473 10 292.72
6 1257 349.49
436 6793 650.12
195 5941 818.50
305 1138 256.58
138 9404 671.05
132 1882 41.38
212 3727 656.48
499 7740 800.67
403 4840 9.85
476 1918 950.95
281 2223 488.70
439 7988 115.46
277 8005 608.77
412 5976 208.55
324 4004 999.05
34 9279 927.37
94 8035 794.22
309 4162 696.57
38 6635 21.52
115 5288 256.63
267 2466 90.66
498 1770 202.74
403 1190 80.96
201 3460 159.09
141 8138 998.98
267 713 902.83
66 3981 674.42
360 5842 190.32
304 1544 725.81
402 9078 864.15
183 9286 712.35
111 1093 834.53
344 6706 968.08
22 7250 523.92
319 276 91.02
126 8782 256.24
44 9900 317.89
418 8089 143.07
395 9541 919.40
425 8812 196.27
269 5488 536.05
456 298 458.63
107 563 162.02
437 3676 720.64
183 7755 93.80
79 6817 288.94
102 1965 40.15
93 6958 235.43
333 3362 647.07
143 20 734.70
60 8554 149.20
102 8474 130.55
461 727 778.56
315 5756 918.78
108 6227 262.96
41 5705 263.35
394 6616 937.81
75 1401 1.26
36 3862 388.35
136 2783 291.42
411 5575 161.98
161 6059 388.57
465 144 623.64
207 457 599.23
304 1729 828.68
335 9115 755.17
217 1901 153.90
296 7261 439.62
274 7759 12.04
70 7049 100.77
53 5014 915.87
159 8008 202.63
7 2273 564.94
301 354 796.53
187 8653 850.11
58 6591 754.90
402 8531 205.26
78 4465 13.47
479 9876 372.35
55 2109 573.88
12 9707 764.63
423 2135 548.85
82 740 829.20
228 7016 123.76
479 5888 215.80
352 3208 895.54
50 7408 86.49
61 9870 293.57
127 2695 825.01
171 6421 538.42
461 1679 107.78
361 3169 790.23
404 616 797.45
107 3872 694.92
70 1709 922.53
311 9222 331.38
98 3596 323.15
6 4801 854.43
407 4864 569.04
304 7026 103.37
413 4973 586.80
100 3637 68.39
438 9395 444.93
377 7825 920.40
232 1912 808.04
177 7759 384.35
107 2053 672.37
484 4460 249.73
275 6042 956.91
215 9252 141.35
497 8202 958.76
36 1376 182.89
335 3881 653.23
98 8247 391.88
377 5479 524.09
392 4011 516.91
39 2043 37.66
224 4313 202.56
25 3008 637.51
328 4975 979.01
427 5900 216.20
140 3632 547.74
42 902 839.09
341 1488 325.46
200 2362 216.35
426 2124 298.96
257 7497 636.27
190 5245 599.89
386 9254 254.91
61 794 174.32
112 4884 687.44
102 6745 650.32
86 2453 19.23
366 5635 364.52
314 5321 26.42
2 8330 797.76
104 7279 601.98
443 5880 101.05
354 4204 667.71
84 6743 70.75
66 5269 504.63
479 2058 56.43
98 5699 667.26
488 7081 775.75
375 9100 222.61
207 4923 43.30
248 8333 303.13
368 4914 135.67
447 5599 797.89
176 3135 831.31
391 7054 990.16
389 1719 584.10
104 4894 687.70
289 5534 379.24
310 880 112.25
494 119 638.23
394 65 173.36
495 464 952.64
333 1727 199.35
48 933 268.03
461 112 7.21
434 3096 884.58
365 6558 870.50
64 6339 360.89
406 7153 912.64
173 1495 200.66
281 4752 746.82
363 1525 338.45
130 291 864.65
415 4944 533.54
414 984 937.12
444 9342 582.70
39 5783 85.38
179 104 826.07
116 973 734.70
321 9372 550.77
305 2881 896.99
154 6173 348.98
327 2439 852.69
278 6095 349.07
189 3167 178.79
360 1259 567.75
191 2034 304.63
25 9155 107.97
395 2962 445.92
128 8144 498.74
464 7100 462.13
449 7218 251.84
276 6551 362.80
370 6936 485.28
148 8243 212.30
135 6725 681.24
243 8595 909.67
126 2028 347.73
393 9526 224.76
280 6924 470.17
94 8134 311.53
172 5173 691.14
393 199 884.25
408 7872 144.58
478 7149 501.90
250 5526 393.29
457 4030 568.86
48 1614 432.08
287 6010 365.91
179 6349 667.47
65 1569 363.69
158 6046 105.78
146 565 859.57
360 4419 782.78
133 5551 221.05
79 4499 570.32
231 8200 105.41
108 9902 27.75
56 853 291.40
207 7220 289.69
118 5717 158.80
425 5600 991.47
455 4095 375.30
447 4880 964.12
309 6822 919.11
486 3076 2.12
496 7479 361.91
280 2164 407.74
291 7200 247.53
343 3976 156.98
131 5160 598.54
487 2575 812.25
83 5147 361.91
309 9063 993.44
60 4163 235.52
178 2363 286.87
75 4354 362.72
236 8448 721.03
44 2147 761.00
19 8020 566.30
241 4779 180.76
408 3187 456.64
382 4400 815.96
302 1569 886.78
157 2980 217.44
295 5793 250.22
5 7078 50.80
443 1355 815.08
244 2883 579.01
382 5098 280.80
396 9905 872.45
158 1491 5.63
197 3990 357.49
135 7237 887.90
380 3687 351.08
407 6443 137.59
355 3631 479.60
129 6556 778.90
413 7609 897.17
365 2576 763.96
322 7577 262.41
90 5228 161.50
82 2251 114.03
210 2215 347.60
274 595 571.55
41 4509 738.49
305 3819 631.81
424 9989 823.19
2 9351 975.32
143 712 777.73
101 3078 995.93
18 9987 153.46
53 6137 108.58
72 6937 359.06
61 9423 618.31
44 6170 827.37
455 9109 682.57
245 261 773.11
381 8821 391.15
199 9258 204.55
101 6528 701.87
315 9930 377.33
491 2433 383.51
282 2206 792.62
289 24 418.51
266 6731 319.64
58 8991 643.32
156 2072 860.41
282 7627 624.12
42 2212 113.40
500 8452 16.99
388 7050 208.30
11 4945 64.77
151 4929 104.37
301 4308 234.26
332 3473 340.90
126 3250 49.49
75 6045 425.65
481 7023 158.23
2 4110 821.23
316 6019 977.26
182 4220 773.50
57 1427 771.52
202 2243 172.55
445 5999 705.11
397 6565 536.52
305 770 420.03
289 9709 393.33
259 8015 523.50
108 6382 376.23
68 131 317.80
194 3847 338.09
234 6028 587.73
480 1036 562.01
4 2448 364.48
454 606 149.03
9 2298 46.03
103 2549 344.94
270 928 869.55
15 4791 421.70
271 8813 179.82
386 8076 745.39
379 2609 658.49
361 7612 817.33
203 5939 283.73
268 5642 832.84
205 2691 952.36
354 7998 291.45
208 7322 159.55
3 9084 946.54
314 7145 573.11
350 8949 283.52
119 451 608.23
66 6291 217.57
16 8894 294.38
15 4527 371.05
324 5326 720.30
159 4340 191.35
413 4291 819.82
436 7024 678.65
261 132 651.89
37 7070 935.33
386 7830 452.09
168 741 224.42
258 5107 814.81
80 5483 152.93
297 1510 248.57
214 4363 912.57
333 5536 114.35
257 9135 175.11
328 7620 173.77
182 396 73.79
464 3112 381.48
108 541 555.76
106 1913 563.65
141 5107 218.39
121 9929 543.25
453 224 426.93
350 3892 877.67
24 7337 330.44
330 5485 216.92
31 3104 384.87
372 2632 121.40
90 4984 439.69
119 3325 72.97
63 5860 808.89
12 6944 937.29
42 1686 240.97
66 7718 397.70
367 8106 870.92
264 154 47.46
355 6262 782.45
108 7115 317.09
383 1558 787.44
176 1166 457.59
338 1581 447.23
103 9394 814.00
300 2708 165.71
490 4281 553.22
468 9668 590.02
275 2461 14.76
6 341 967.34
289 6955 103.29
427 554 792.88
298 8569 288.78
42 5122 40.05
378 8990 739.70
10 2459 234.65
437 4206 560.45
97 8786 227.28
248 4560 741.24
33 4433 135.58
74 6527 937.59
96 9794 143.09
211 2832 183.42
325 1711 495.17
439 422 24.42
198 9022 46.97
405 273 560.61
219 5773 112.07
303 3006 436.71
274 6728 460.45
448 3819 822.28
431 2450 148.62
65 7166 472.20
189 710 506.54
297 1676 474.24
16 2621 219.74
6 4687 774.83
317 4813 288.96
264 7147 509.97
359 9414 465.13
220 3802 661.77
393 2358 69.17
246 4829 28.11
82 6929 761.37
279 2473 392.47
35 2627 177.02
455 6470 361.24
462 1327 960.95
40 2229 268.14
273 6231 80.47
9 8769 288.15
220 9763 857.05
134 8850 347.44
136 6104 842.44
139 2169 815.58
223 3549 928.01
26 9182 430.64
302 7247 181.65
216 1683 622.36
55 5988 362.44
135 7553 764.51
461 5134 885.77
487 1871 590.44
51 7605 514.83
449 2149 656.87
330 4853 403.57
108 4935 581.80
244 245 213.94
39 9468 35.96
96 7188 779.76
474 4176 261.74
3 1710 372.27
313 455 560.76
361 4109 884.65
38 7894 15.82
278 6736 519.70
194 9255 993.55
15 6845 200.66
204 9195 557.48
223 1351 435.35
459 713 597.52
269 2990 123.57
6 481 106.79
462 5973 738.17
435 3534 918.04
369 6559 553.70
198 367 873.87
331 576 569.56
3 6661 735.17
260 3775 472.52
266 2594 976.36
478 894 110.89
497 3114 904.81
90 5465 211.95
23 1708 465.97
88 2546 48.06
166 9830 739.68
191 2045 653.11
349 7798 832.71
45 8074 851.03
365 5559 380.50
243 5830 614.43
228 4025 321.81
194 6814 687.92
468 3057 131.74
215 4456 585.01
159 7388 602.73
484 8384 340.42
122 5885 997.39
440 3099 792.76
260 5640 688.50
59 9136 232.63
210 942 989.19
243 8997 461.85
287 4346 191.98
373 9240 265.34
152 6042 857.88
127 3321 741.30
482 8603 209.11
394 957 879.99
431 8413 475.34
280 2155 821.11
153 7105 483.58
264 4560 748.97
461 496 984.51
4 9873 327.96
70 5769 442.87
98 852 968.74
442 3114 937.33
403 3271 544.47
17 1780 188.55
274 1549 981.09
465 4469 607.40
466 5683 669.34
251 9102 55.73
461 5349 535.69
23 7690 11.57
370 1449 873.22
403 5599 352.79
459 1382 115.79
279 3897 167.86
7 8736 413.63
344 1994 211.67
462 5470 236.58
192 4203 687.69
298 3739 531.58
184 9890 17.76
236 6197 263.45
144 8353 915.26
116 5818 205.46
399 4608 419.27
94 1055 951.46
29 2347 751.59
342 2584 898.97
195 4316 804.48
223 225 736.54
261 3952 245.57
196 9772 801.22
61 3570 466.76
391 3106 521.03
83 5441 732.88
193 9287 775.01
4 5563 759.81
428 37 941.02
480 9715 807.60
382 7783 170.44
273 7803 810.71
36 9424 218.98
221 9310 637.56
206 1757 953.22
300 7341 98.38
109 51 359.11
489 221 282.61
335 7078 628.09
432 1476 235.94
351 626 31.55
378 2499 632.40
11 7797 362.94
261 5514 527.10
283 6993 986.72
17 8057 164.61
326 9822 114.05
42 6767 922.69
108 1140 92.86
367 5380 393.41
394 6905 741.87
300 7171 441.07
343 2571 649.40
77 1766 847.86
419 3607 664.85
354 9360 973.08
446 7159 738.76
242 1137 905.67
481 2378 445.93
227 4691 747.91
151 6482 353.94
176 7253 657.22
394 2463 596.82
163 2726 938.92
219 3515 561.35
40 4464 274.31
6 4335 784.64
477 1866 701.91
374 2312 141.49
122 2046 941.86
96 5850 41.68
440 5618 82.00
466 2782 641.18
385 3551 38.06
366 9742 27.14
487 4528 383.29
444 3938 596.50
422 1448 210.64
362 1470 370.28
381 8141 274.19
438 1524 791.81
489 9114 192.36
386 3686 497.18
152 120 647.11
183 1195 955.20
202 9806 472.16
267 6188 225.15
220 4793 803.53
392 960 83.07
44 2196 372.87
400 3641 764.92
59 3283 376.80
45 6127 833.24
110 9043 92.22
495 2916 95.36
95 8157 371.96
213 7431 312.64
7 6362 198.50
54 9069 458.04
193 8233 546.16
116 3649 635.45
77 4940 193.82
479 225 233.96
29 6705 776.50
315 2974 215.42
52 4042 790.21
352 7459 148.86
397 244 212.21
86 4478 68.86
211 9164 716.27
47 171 907.90
152 5924 332.37
413 540 331.12
236 8446 194.46
102 862 362.87
465 8589 978.44
142 7197 414.02
198 4361 922.01
381 1986 670.79
38 8595 65.91
111 7995 274.18
254 9964 507.12
30 7926 138.98
417 3678 943.73
48 87 793.36
141 5120 830.13
62 8116 661.14
7 8656 271.32
337 5435 989.48
390 9195 271.33
474 7290 226.82
70 6685 509.21
64 4814 528.07
9 7871 338.03
307 9764 432.53
486 1626 617.59
323 4264 591.17
149 9579 939.76
162 3084 784.50
417 9391 282.12
388 1979 626.67
394 2793 889.70
67 8984 12.34
24 5838 242.53
122 2813 654.52
454 8473 951.14
6 8257 605.48
114 5236 667.08
459 3847 561.21
494 5042 712.07
298 6575 706.78
45 3051 512.68
345 266 620.09
47 3130 606.76
255 9589 391.74
488 4532 276.43
486 8530 256.23
109 6767 847.36
492 2607 450.45
452 14 377.96
178 6202 652.65
170 4407 83.71
138 7354 50.66
26 8180 44.64
56 1624 773.03
165 5726 407.40
442 3990 858.77
488 6850 809.70
457 1920 288.88
81 2791 109.25
189 9008 790.05
265 454 821.19
38 2973 441.95
228 6121 856.91
160 8679 394.86
425 8755 557.07
177 8589 936.65
314 844 531.55
433 466 764.12
470 5444 730.33
285 4822 506.93
171 130 416.23
472 3584 949.70
148 9452 681.80
64 7231 440.36
244 1388 457.57
455 478 264.18
410 9341 892.70
419 4082 961.19
372 6811 117.37
240 1926 281.91
72 2973 872.29
98 6829 269.46
393 409 322.01
190 4112 52.00
96 1782 271.38
350 9257 209.67
112 9899 600.20
230 10 175.43
392 2042 297.65
264 8500 494.78
109 6090 429.79
444 8253 311.26
417 9947 244.66
207 6229 945.86
230 313 42.46
353 717 238.69
72 3106 349.00
225 9607 218.96
221 9645 529.13
322 3592 950.85
236 3519 112.23
384 6240 768.90
336 7297 809.38
346 3014 167.17
176 7055 683.57
253 2510 903.07
272 5312 298.98
104 9158 818.89
327 3760 833.36
283 6035 15.11
190 2854 785.58
223 4281 291.63
122 5929 440.83
363 4824 107.97
461 3769 697.51
478 719 404.06
469 7834 956.17
332 8254 615.41
138 1762 623.58
208 3951 327.77
33 848 583.96
459 934 302.15
387 1848 474.06
121 9748 634.63
463 4610 824.12
375 5061 946.70
49 5844 989.20
414 6833 71.45
110 3750 166.14
274 8405 321.65
54 4553 284.39
183 9696 918.27
37 5029 203.10
50 6097 110.09
151 5184 388.65
289 4325 164.81
114 6191 907.87
241 3643 647.83
479 5588 51.33
345 7017 227.70
66 7147 923.64
358 9425 938.10
192 3608 997.67
303 1679 720.76
133 8119 769.63
328 9968 855.42
144 8775 640.53
500 2317 171.89
275 6636 975.31
34 6356 993.45
20 2207 78.20
40 2494 83.14
176 922 852.66
64 1429 13.46
316 670 292.08
34 6780 430.13
232 4047 487.94
400 3619 417.69
451 1695 811.38
8 8899 575.49
467 7387 857.82
384 3825 61.57
352 4838 742.12
57 8417 676.21
232 7226 917.44
164 2859 906.33
208 6388 33.22
234 9112 896.31
27 7576 683.49
489 6322 778.89
309 4310 133.77
71 304 775.09
339 7648 744.76
335 1828 902.24
148 2481 743.56
231 2877 312.34
266 6619 657.99
235 9175 327.80
216 6633 395.90
68 6108 194.78
37 7776 49.28
391 9943 272.39
253 351 611.35
35 7942 161.47
290 7782 37.35
288 5911 106.75
285 1283 819.79
60 7204 271.75
480 2838 962.24
267 521 837.86
467 9753 392.68
326 3435 833.02
443 5755 156.20
409 2371 190.99
201 3587 663.82
163 6922 124.31
4 8284 719.80
281 2803 574.43
69 9167 158.83
282 3263 431.84
283 6608 761.31
267 4647 68.23
153 8727 32.35
67 6151 282.28
162 9721 862.48
276 1841 656.35
438 2809 188.21
363 2496 490.68
475 3902 750.43
167 5815 697.64
101 2822 768.45
254 8238 189.00
320 9452 843.93
292 4846 958.89
158 7176 209.39
407 6630 655.24
24 401 359.59
376 8660 726.93
488 1339 115.84
443 7930 232.99
333 7681 687.95
296 3796 944.56
157 8068 896.58
391 3437 797.01
317 1965 223.51
186 6513 712.60
353 1848 513.18
222 5912 999.39
82 3846 744.72
455 2002 792.81
266 5245 276.06
327 8493 785.18
172 9213 102.07
100 2157 742.50
416 3714 61.14
69 104 991.36
246 4715 171.72
54 1139 277.53
266 1449 725.95
262 6314 1.42
469 9762 672.24
111 1768 97.68
96 8426 850.51
16 4892 333.50
384 8311 798.38
434 6535 77.64
230 7450 712.84
245 7762 788.16
137 2145 567.09
313 2491 286.71
176 2293 283.23
264 6590 130.20
448 661 49.19
83 2179 965.00
282 5371 550.72
57 6072 134.24
469 329 294.52
154 9334 427.00
259 7916 833.74
347 3931 884.81
88 1198 960.12
113 2531 592.63
422 1470 82.30
387 6238 349.15
371 6625 611.18
423 1024 203.45
364 7637 259.43
142 6999 983.78
369 4072 385.59
317 4126 378.10
177 2570 963.40
70 9728 712.79
15 9436 38.52
279 8721 266.31
88 210 785.18
54 8048 172.43
42 1674 130.34
165 2522 613.44
418 573 719.59
332 9394 451.44
95 456 375.59
370 7905 845.56
470 9459 980.41
483 3910 127.22
31 7830 793.89
219 3354 667.67
27 1787 184.43
374 6141 906.06
288 7668 555.04
67 6895 123.81
198 6562 519.81
346 1465 655.84
56 124 33.57
126 5090 665.30
443 7047 582.54
328 8543 884.12
278 4288 347.38
116 7241 129.09
149 6371 319.33
438 9692 474.48
71 5470 620.52
493 7316 906.89
55 2187 501.97
224 2832 10.58
315 3848 689.66
435 5567 166.91
221 9156 464.90
499 4010 262.84
399 5893 619.15
389 2266 607.87
266 7982 618.48
371 223 448.19
377 4563 647.17
378 8663 426.67
361 648 2.84
290 5778 353.12
118 4585 516.13
456 6259 71.25
408 9483 443.10
191 1000 166.53
249 4797 643.61
341 7528 175.58
393 3259 340.22
179 1742 684.24
224 9953 820.36
467 5239 200.32
8 2098 569.32
351 7070 821.74
51 4627 552.33
281 8845 126.16
99 2710 399.41
197 9873 756.69
103 9359 795.75
213 1832 413.23
479 66 620.85
100 2650 301.28
120 302 529.00
441 5828 163.77
51 6288 723.32
399 2706 988.52
61 8170 49.76
24 7642 740.96
337 10000 88.85
257 8623 909.55
217 4248 778.94
257 2697 679.93
233 9668 741.24
277 2674 899.29
245 9407 626.14
319 6972 265.21
53 5532 961.70
217 469 930.89
467 2821 727.38
290 9651 111.51
496 6373 758.17
100 6323 260.45
389 2753 241.36
184 661 887.69
202 6329 124.47
7 9634 824.41
375 9466 192.80
148 5528 373.55
420 8979 685.27
336 7073 705.66
51 4643 116.36
321 7519 863.29
447 3081 811.28
271 8148 206.79
106 9211 861.49
491 1312 753.15
360 7386 216.36
381 8306 878.20
2 9207 252.44
177 399 934.68
105 7696 231.68
332 258 623.44
376 5775 748.04
461 6213 123.89
83 8301 921.22
336 8453 176.62
239 6065 926.72
480 7377 503.34
407 9446 451.92
306 1394 67.53
188 9682 533.54
115 3773 463.66
102 5891 389.61
89 60 832.61
359 9751 128.06
137 2500 223.55
380 2622 282.94
113 6985 745.31
499 2865 569.13
430 3632 924.42
271 9265 98.56
9 6782 83.60
121 4208 738.59
177 7706 337.01
320 8636 738.17
201 5656 854.60
322 9974 347.38
277 4029 663.49
228 7167 349.97
348 2861 517.48
361 6418 498.21
362 8901 821.40
295 2043 323.85
463 4395 222.64
338 3686 315.75
167 2200 232.31
39 9448 302.29
242 3043 859.31
419 4331 972.10
230 434 999.62
273 1408 80.85
406 5643 753.01
86 3067 147.27
191 8469 4.91
474 5279 555.35
430 2175 35.46
210 5951 415.14
240 3862 169.52
334 6061 214.54
140 9760 578.13
163 8008 356.43
192 6467 711.80
163 1786 701.11
371 8886 939.00
60 2336 367.26
394 7976 119.82
56 8781 509.32
161 174 544.67
216 8851 576.45
460 5201 826.04
201 490 939.64
92 386 908.66
156 7352 660.42
253 4178 208.24
19 2954 665.27
83 1458 207.96
288 3995 900.49
207 8034 386.11
240 8821 495.49
122 8352 68.07
454 8900 740.98
402 5066 498.67
106 1675 855.65
397 2327 784.36
433 530 890.37
123 9372 267.00
86 2355 862.77
386 9856 897.13
177 4904 680.76
493 5793 444.20
47 4602 144.47
249 8245 358.45
37 3817 565.49
212 677 439.84
20 6853 288.11
201 4727 290.61
223 3025 987.22
303 5929 649.77
316 4697 911.51
239 5004 512.80
336 1774 269.29
413 8090 112.54
404 6252 106.02
26 8560 705.74
478 9584 787.41
251 1885 884.72
260 1511 457.84
428 7059 505.98
44 3586 725.17
248 5428 931.94
217 94 364.91
432 2716 454.91
38 4975 634.59
313 6478 948.26
200 7747 21.34
126 4358 682.64
481 8312 372.74
57 8209 25.73
178 2247 175.39
171 8823 949.02
492 5313 667.37
105 1882 782.24
136 4101 557.59
178 4602 93.50
373 8214 265.33
100 2048 278.10
195 5558 305.27
344 7417 223.18
395 5553 558.89
366 1859 222.12
149 5988 505.89
158 1848 323.07
254 3075 85.02
3 4392 92.66
266 4478 593.30
442 3070 238.43
354 8750 758.56
480 929 549.09
134 3992 322.65
299 9581 958.85
56 7553 731.72
500 441 534.92
190 5133 352.40
237 5590 103.46
229 1238 350.13
167 5213 38.43
58 9730 497.24
190 7654 20.08
404 1489 564.21
271 8189 585.72
211 5943 376.82
361 7347 571.08
63 2743 317.67
62 2848 737.72
480 2250 514.50
349 9147 22.07
467 5773 495.10
414 3133 898.51
297 2850 591.93
461 6485 881.24
346 7324 759.68
485 6700 908.30
217 475 180.32
185 1812 260.69
391 2523 625.60
257 4872 74.54
77 5606 668.01
130 2732 413.70
226 5805 654.43
210 583 888.38
475 5728 180.10
17 3033 163.18
260 8261 648.37
247 9276 64.12
432 4107 979.02
158 3002 962.19
288 7652 719.17
418 841 184.85
477 7636 383.95
191 6775 649.60
372 4895 740.62
123 3777 960.84
303 949 168.16
399 4953 399.01
197 8670 829.41
425 4049 373.19
36 3887 100.90
225 754 397.05
455 2385 237.05
2 4482 734.15
435 153 294.55
479 9273 822.91
11 826 180.74
141 4682 952.37
181 1813 471.17
8 4957 781.22
489 9114 269.91
124 882 186.23
333 7150 154.04
176 6264 847.27
63 5594 239.92
446 7364 455.30
103 5868 722.42
105 3031 291.44
235 7033 454.05
186 6067 744.33
295 992 113.64
83 3400 995.88
229 1899 853.34
317 5624 692.52
361 6305 111.08
92 8777 394.14
346 244 556.29
205 2795 567.20
33 8757 56.81
68 8812 884.70
193 9181 105.69
392 2280 609.03
486 1511 866.83
471 1841 542.16
109 1122 925.07
313 5778 11.07
189 4438 497.14
56 5520 650.73
372 3429 532.71
110 2584 180.99
211 6543 603.51
205 1536 58.39
58 5201 552.66
297 9024 237.50
367 4461 582.43
131 1593 972.14
2 9139 170.82
90 3431 388.33
277 6191 241.06
139 2787 449.53
250 1028 841.63
314 488 369.29
398 7402 946.64
238 9308 238.53
250 7639 440.37
287 161 353.39
433 9791 215.74
19 9612 206.76
25 947 382.52
92 2859 451.56
43 3490 910.98
371 7338 786.20
362 402 617.55
201 516 693.93
269 1376 826.72
167 4506 912.88
34 7766 960.56
434 6620 816.39
374 4409 593.55
67 9975 793.94
266 4915 679.21
170 4531 608.83
242 2885 704.85
72 5352 366.84
477 5545 653.77
202 4850 858.49
366 5036 15.24
392 6212 930.92
166 4694 157.54
384 6462 134.76
357 428 617.70
30 6854 231.14
139 9756 755.15
399 1214 266.39
373 8697 321.90
84 5349 643.52
303 1523 627.29
18 8073 500.16
60 6452 377.46
380 1335 372.07
448 519 197.41
248 2715 126.05
314 2423 179.21
86 6975 263.23
454 794 174.27
389 9695 137.54
119 5337 888.41
17 6268 923.31
398 3930 681.16
411 333 792.62
479 2345 45.54
212 1919 133.80
423 6709 578.29
477 8505 962.37
161 7783 956.73
162 6970 748.76
417 5973 149.02
298 6957 931.56
424 4832 45.04
173 9313 815.46
237 3879 361.45
82 1715 487.32
7 1568 915.07
458 5261 102.38
246 1882 291.57
206 3322 866.07
427 8992 993.12
484 6142 18.73
160 5943 226.19
221 7886 811.99
320 5355 619.30
127 323 739.85
32 5753 63.52
170 7801 889.66
23 2306 861.63
19 1265 891.00
98 5113 208.43
497 8941 693.50
415 1229 57.32
466 4817 852.95
382 7307 835.29
82 5324 88.14
365 1573 86.43
31 2475 223.46
97 5975 339.01
323 4843 53.25
290 6986 935.27
112 5152 123.60
236 8389 951.74
210 3754 788.40
429 1763 672.39
138 6973 364.24
193 3314 907.07
314 4436 944.84
186 6069 733.20
327 4770 845.98
88 4535 86.18
42 2487 374.42
450 1874 584.38
392 4690 856.27
228 5126 397.56
199 6562 38.48
128 9328 451.94
86 7763 870.47
252 6808 404.12
446 3190 489.72
130 9681 401.88
356 579 455.96
265 2428 896.42
459 1680 912.76
185 4737 819.15
248 4093 857.32
449 2838 175.73
44 2339 611.66
89 7368 171.84
30 493 971.40
167 4515 361.43
57 803 182.06
106 8879 553.07
103 3908 99.99
335 4200 172.94
196 9017 804.96
498 3283 617.96
199 7826 443.79
137 2210 467.33
457 5946 525.36
49 4863 805.45
237 6241 63.03
92 8939 905.68
381 7842 681.57
308 40 69.47
114 6616 164.57
249 3619 199.72
261 180 800.51
82 1644 649.90
83 7037 79.77
260 3239 855.29
83 7990 820.20
306 7 658.68
417 2378 82.88
227 6408 180.33
454 8609 175.32
74 7984 409.03
401 1579 711.27
397 5238 831.43
90 3368 951.63
258 6233 353.56
327 2941 226.64
276 180 573.41
17 7119 767.31
350 9605 144.13
163 867 891.38
14 8241 965.28
146 6870 346.05
386 9530 257.06
67 9831 85.57
447 3295 322.37
47 6770 929.03
78 6874 497.95
120 4500 199.95
296 7920 168.76
478 1116 484.06
374 8209 669.45
38 8362 671.69
163 4327 256.29
432 8858 845.74
51 6259 881.74
60 6679 715.55
423 3320 777.94
247 6098 874.73
68 890 640.73
171 1308 845.37
92 9762 577.91
225 7026 279.72
366 8011 23.79
77 8502 414.57
85 3282 171.77
467 1718 982.63
275 4354 971.43
42 4757 168.96
272 2282 679.31
201 7604 833.69
164 8350 262.17
385 3610 983.96
457 6481 737.04
236 5973 243.85
213 8748 941.11
458 8596 46.17
57 6259 401.29
203 5755 907.47
37 7206 621.17
462 8440 136.60
349 543 114.08
412 5095 927.78
106 8057 404.21
278 4851 388.99
377 9476 806.08
204 162 704.91
169 4512 803.90
418 6634 291.08
331 2913 673.43
322 6364 407.98
119 4780 340.74
335 635 438.57
431 324 872.03
92 1554 639.58
407 7035 594.92
431 1794 816.02
89 3729 614.79
301 734 480.52
176 2721 843.91
178 7061 995.74
440 7155 737.61
25 6077 47.22
106 797 44.63
166 2620 908.88
17 7924 920.20
459 2590 833.72
462 6300 140.92
313 6583 874.60
430 3558 614.15
402 1724 892.32
318 2836 251.01
8 522 281.01
497 7511 367.31
89 5104 67.89
242 184 281.46
38 5396 378.40
50 1599 965.94
35 8414 402.28
356 5605 837.39
62 9470 360.39
232 2919 703.37
125 2957 681.04
122 3898 801.16
286 9968 790.52
302 1025 83.18
149 2902 602.99
174 4417 496.62
57 8067 865.78
127 2290 392.99
496 7725 494.85
345 1488 96.57
497 5601 222.61
218 8962 999.33
293 8277 742.78
487 5823 963.95
195 2809 578.91
110 5442 662.51
404 2191 548.51
164 5879 620.34
401 6300 200.99
117 2835 327.00
343 2433 554.63
177 8750 424.42
271 7265 740.32
321 6871 866.44
319 9778 631.04
374 6202 385.47
175 870 585.59
157 3890 594.09
472 3802 491.68
306 5686 339.42
312 4777 400.65
97 7442 61.13
275 7466 788.40
482 3324 706.73
391 7324 986.42
154 8044 790.01
121 8027 961.42
382 4020 885.00
243 6131 882.65
249 6017 507.03
348 3625 732.52
414 6461 437.24
313 1616 292.13
396 9912 729.08
40 8883 114.33
352 5489 316.90
11 6342 840.60
175 8011 824.58
209 6475 775.10
81 9535 507.33
14 5488 634.55
270 3713 288.14
460 834 919.76
436 6275 854.23
144 2797 506.36
141 7462 434.30
172 2135 37.62
22 8386 130.61
466 9317 274.60
101 2472 479.94
167 8763 936.60
240 5857 70.20
285 2980 710.88
404 8291 737.66
116 9196 317.05
476 4258 326.71
436 4186 394.49
41 8924 131.67
197 520 448.01
389 1938 540.46
415 618 116.21
313 3361 470.70
15 1915 101.99
380 2365 956.34
9 8880 124.33
377 4355 569.70
112 8307 943.65
432 8537 780.68
492 227 278.83
47 2263 802.17
339 8383 281.49
355 6485 168.95
206 3985 78.03
32 186 18.24
483 1272 241.96
484 1430 408.88
155 4365 270.63
415 233 322.24
484 6920 542.12
210 2349 882.08
288 971 946.80
114 1207 844.88
339 8219 213.39
103 4526 117.91
172 7930 987.61
82 1081 10.33
429 7021 904.69
490 6872 241.62
381 692 759.81
465 6635 389.51
261 3856 435.58
341 5369 42.39
379 1487 905.44
392 9585 691.40
51 5885 398.29
211 7048 958.04
125 8032 598.70
338 8695 866.50
340 5289 168.40
67 5148 244.24
4 857 868.66
330 4922 990.13
436 1471 751.22
108 173 911.53
248 2902 815.53
216 3130 260.34
13 822 171.36
363 9855 660.22
12 7380 775.68
489 6160 991.40
23 5079 442.63
348 51 507.25
13 5497 820.12
24 7527 495.70
468 3054 970.24
420 4322 474.88
186 5979 806.34
471 5257 343.21
354 2310 759.93
29 2953 254.02
449 309 785.43
445 1382 743.64
488 9633 296.24
12 8133 78.36
284 6489 789.88
25 2399 398.84
431 382 816.13
295 1033 133.71
369 6011 865.20
430 1165 141.08
423 6573 803.04
348 4977 783.75
105 5972 141.27
287 5761 360.79
235 4958 928.06
473 9313 806.38
112 6048 87.03
452 4131 744.26
281 1003 544.07
131 5401 295.72
234 6367 967.90
276 257 655.54
92 1390 230.07
110 3946 439.39
169 3680 742.92
449 9417 642.45
28 4338 23.77
45 3471 426.83
377 4225 225.63
100 8983 877.64
108 2576 584.46
344 9145 853.29
243 6610 164.55
311 1966 379.29
284 7535 471.89
376 8712 248.21
165 3684 805.21
279 1253 370.31
88 920 607.46
76 1533 224.07
238 278 58.85
226 5989 700.41
346 6766 451.38
442 1974 942.41
486 8520 500.16
105 4609 260.78
356 5144 461.30
300 3146 778.39
374 8339 598.65
161 2022 378.13
491 6314 169.05
469 4630 883.17
300 9290 8.95
42 5414 422.45
459 3513 238.71
316 5863 650.97
162 7898 288.96
386 2239 346.42
402 7866 858.60
346 3386 471.81
354 9257 325.31
271 1290 411.20
74 5177 323.66
208 3879 387.51
123 4480 266.46
400 931 480.73
115 121 72.31
170 4942 996.99
170 542 29.88
147 4396 119.04
115 6449 621.89
167 7027 372.15
301 642 796.81
14 5612 670.13
366 6928 503.89
234 7044 323.74
203 4029 680.69
493 9085 164.20
445 9637 469.95
309 1889 458.37
324 6059 283.79
470 2396 944.68
74 8192 903.80
160 9631 723.86
301 3824 625.06
63 9755 936.05
124 2168 997.73
291 6213 495.25
426 1914 57.82
224 4775 135.59
464 1589 154.53
177 8851 510.11
36 7038 871.06
416 345 490.13
335 4380 730.60
338 3875 729.35
398 1705 184.05
305 667 5.62
306 1162 163.26
437 7235 274.01
242 9173 311.92
260 5132 883.01
442 8977 5.92
10 2976 10.22
19 2010 792.46
411 6588 893.80
356 8006 786.56
374 1568 706.81
354 880 780.50
120 6611 839.38
261 9784 510.33
258 7745 153.34
367 2516 903.80
474 8531 70.74
266 9106 109.50
272 7744 785.49
138 1596 702.68
136 4031 543.32
466 6536 974.98
145 5402 223.75
134 3402 203.33
259 6945 738.12
85 2916 994.50
412 7406 928.43
202 7854 641.26
141 6809 647.55
190 7684 835.31
445 1412 202.50
243 5483 979.72
288 7374 701.71
215 84 675.77
195 7323 357.16
61 2858 155.37
145 5359 933.35
242 8053 12.28
410 9891 676.07
184 9334 929.97
412 197 523.63
297 3268 476.13
320 8196 544.12
414 2086 223.41
141 5320 531.21
18 1174 295.94
128 4759 81.68
108 3961 89.00
382 5757 459.83
42 2686 528.84
295 2563 309.05
27 4942 555.07
6 1902 606.46
208 8424 52.40
185 8907 208.00
82 205 86.83
413 3962 276.25
75 2053 11.63
62 5472 756.38
416 3098 807.06
292 3984 952.73
176 1119 743.75
359 2740 659.73
230 3307 944.55
235 3507 309.70
474 2237 133.26
143 3987 686.95
396 8097 910.42
254 9595 676.67
270 7780 970.48
439 6750 828.12
470 6836 812.43
380 8123 142.88
218 683 678.20
298 3892 86.94
353 6916 482.01
220 607 307.28
101 6960 466.68
173 9509 492.51
144 1700 479.70
320 6677 606.24
237 5540 157.60
296 7455 581.78
121 6331 114.94
33 7697 607.23
196 1814 540.16
283 8485 211.19
480 5762 782.63
468 3460 391.48
498 1602 48.36
310 9083 247.98
450 5252 618.76
473 1918 42.23
104 8511 127.56
250 8485 912.80
206 3361 118.41
59 6596 597.34
64 5034 6.17
176 8954 105.88
7 1643 140.61
485 5379 393.60
352 5030 768.81
306 709 441.33
375 4903 537.92
347 4760 624.61
321 9722 847.17
269 7968 113.62
390 810 439.34
264 3484 569.59
366 149 457.46
397 2777 376.16
18 4321 12.20
193 7742 229.67
134 8588 79.43
129 1264 691.34
46 7186 70.81
297 3955 302.29
471 1447 915.55
195 1086 522.99
385 7618 948.21
239 6812 222.23
271 5019 802.85
169 6636 85.00
176 4053 724.21
421 8131 347.22
372 7896 218.85
82 2486 549.15
391 1210 14.20
371 84 641.22
276 5205 328.17
206 620 540.00
346 7841 830.29
278 4461 756.50
264 8648 74.11
477 9538 812.36
62 3385 887.60
200 5272 905.44
18 7183 532.88
50 1252 682.95
445 8290 150.04
227 8830 614.34
274 1483 461.61
295 7995 719.41
240 7979 724.07
77 4162 277.98
100 8514 716.23
423 8190 947.09
115 2500 162.08
83 9507 197.71
185 8726 396.16
312 8473 67.41
67 4989 101.45
148 8454 172.66
226 4323 172.07
118 9228 57.45
373 5037 731.29
113 3961 993.12
150 5347 12.71
441 9779 73.85
225 2862 716.19
4 313 901.79
500 1106 827.15
469 6586 645.68
373 3724 439.38
194 3619 458.96
370 4700 789.98
52 3263 86.47
296 7757 90.08
36 6007 164.13
234 8861 774.77
114 5621 858.89
464 866 82.36
381 3685 489.48
112 5744 1.13
426 7715 536.03
399 8409 692.73
354 780 388.94
190 4442 775.83
10 5977 535.39
480 5299 620.40
309 9318 33.55
270 2824 774.66
265 6907 278.28
317 9080 706.64
471 5890 333.70
231 3223 457.96
84 1853 534.55
254 9652 988.02
158 7864 189.27
129 8084 117.47
296 7307 919.92
453 4997 175.72
165 7774 374.55
476 8037 876.26
205 9932 800.47
453 979 282.91
17 8444 197.58
36 9160 97.68
489 3124 640.20
205 4430 614.35
185 5941 620.10
103 5395 439.80
339 4229 441.57
214 337 777.18
300 159 76.98
261 1982 393.53
425 2852 569.33
250 4396 305.56
447 6070 929.30
28 3977 930.59
159 3344 697.59
460 9457 387.64
288 5480 745.74
233 4251 264.36
249 2798 67.87
175 3508 317.38
338 7450 358.83
242 5618 797.25
329 2200 390.69
438 1646 145.58
247 3153 183.91
174 3352 442.22
119 7574 198.75
320 3937 306.28
176 1634 384.02
234 37 336.26
161 6498 868.62
91 6430 500.53
328 9349 905.87
36 6589 749.17
469 5245 591.44
205 9201 327.15
16 7102 777.78
313 5414 700.51
90 9215 990.57
471 4760 799.84
455 9759 144.39
311 87 623.19
479 5807 569.85
223 9435 555.68
113 3008 254.67
263 9086 330.87
376 3385 711.53
157 6453 422.09
425 7945 884.51
203 4546 173.74
150 9700 830.40
320 6919 821.30
495 1292 896.72
400 3732 624.31
449 4162 441.05
296 7957 395.62
4 1147 142.80
335 9600 179.75
5 5149 870.00
301 7387 293.48
198 9548 411.49
259 8252 604.50
14 8518 131.99
144 56 11.11
200 3512 899.33
238 744 396.43
403 5996 977.84
360 1799 790.69
368 1883 525.19
367 5229 25.99
199 5114 374.02
486 8101 346.52
424 4592 962.53
176 5495 32.55
88 3387 596.42
131 3696 763.34
49 731 147.45
318 9983 167.91
262 1437 744.20
433 3510 205.33
73 9846 432.65
397 3664 434.34
306 3696 106.91
156 9021 862.43
334 9954 559.07
149 8805 933.65
435 2011 701.42
17 9372 634.74
317 4530 132.44
496 5448 45.33
391 1961 660.62
33 1077 541.76
184 6410 325.31
419 8122 634.19
168 2319 608.24
263 4764 232.02
339 1925 66.68
206 9654 185.98
254 4599 682.19
455 4871 454.39
153 5144 660.46
385 207 530.28
106 4338 651.71
213 8524 562.41
248 6001 552.07
302 1649 268.05
358 1831 73.69
429 8856 505.27
268 7342 566.89
379 405 754.92
198 8801 964.48
118 9605 860.99
154 2432 239.86
248 8241 165.94
490 478 527.70
460 675 328.68
247 5735 595.35
30 6064 572.43
403 8003 61.74
124 4671 64.91
355 8772 608.26
391 5612 702.68
67 4955 838.72
184 999 369.13
315 1244 594.17
135 4542 945.93
255 2408 798.27
30 4464 773.81
162 5401 713.76
141 9015 308.29
242 5465 998.17
82 6830 360.49
130 9879 330.59
345 4607 128.94
330 7228 585.64
348 1509 243.23
403 399 532.05
360 6488 666.08
401 1744 735.85
6 8218 547.53
448 5295 968.85
370 6108 662.74
150 267 995.59
398 1899 777.02
172 1202 220.03
255 4933 674.91
39 6057 858.15
415 2429 651.82
416 8337 395.76
261 2231 815.10
349 941 485.21
309 487 403.09
144 2254 422.17
139 9372 62.72
285 5031 717.97
351 6433 286.92
220 598 390.83
441 9963 155.60
22 3548 845.51
414 8335 415.76
406 2082 859.68
9 1519 931.09
156 1504 298.82
82 603 919.83
170 2770 179.14
39 1985 544.82
62 5945 314.91
267 4020 688.38
149 4332 981.55
408 7658 846.44
116 7596 229.32
153 6286 823.14
142 3510 74.68
286 5076 818.46
68 9139 714.10
187 6759 205.98
478 1282 378.88
256 5350 877.50
96 1940 680.42
496 5136 755.10
431 9181 430.32
41 1845 784.14
230 2107 889.75
284 4511 514.27
429 9136 20.96
393 4060 146.22
13 5153 701.03
139 1235 834.96
500 6365 214.45
188 7926 723.22
105 9793 986.27
267 4088 595.56
26 1897 502.56
445 5200 76.57
460 7245 263.18
66 4258 524.00
253 5142 759.48
229 6568 52.86
170 7986 842.35
75 4378 123.80
13 6433 523.28
454 6991 438.98
313 6259 339.69
19 2332 634.34
153 6121 658.47
440 2350 589.52
146 2492 118.04
313 1935 444.01
461 9049 587.24
23 4181 445.48
11 8380 154.75
123 2534 91.64
271 8203 240.97
439 5993 884.70
319 1548 910.72
245 158 887.63
43 8498 995.12
292 2764 52.03
87 7407 471.81
117 6983 7.90
261 8211 486.66
256 9443 524.69
253 370 303.72
385 5327 923.65
166 3352 153.69
358 3553 944.75
164 9950 965.87
352 9763 291.70
461 2075 681.60
177 4078 329.75
96 9522 364.67
221 8395 97.85
238 1341 717.47
27 287 185.52
369 1183 677.10
262 1370 163.09
418 2116 315.51
29 6582 844.62
491 2090 114.29
114 12 859.91
299 6350 200.01
390 3339 912.44
416 4306 968.23
474 9897 965.52
69 4733 47.21
160 1731 859.36
381 245 811.93
435 1697 708.32
95 5066 765.47
84 9435 661.53
334 7884 408.13
50 9544 990.38
268 4693 989.17
211 8648 853.26
47 384 276.25
72 7084 322.89
435 7559 856.59
270 9729 142.26
265 5517 752.19
278 2028 449.78
349 9925 432.44
193 6644 917.36
438 9046 698.45
318 2057 908.10
157 5627 199.86
154 4455 913.37
72 2491 272.05
247 6036 581.20
175 4771 376.04
62 7870 194.07
228 4353 653.83
380 6015 616.81
30 7758 714.27
179 474 780.15
420 5625 732.68
28 3438 812.02
449 5882 667.69
483 7236 717.54
131 5540 20.23
450 7617 47.63
415 6139 565.86
330 1672 37.97
345 8797 904.76
181 148 795.62
119 1198 716.81
160 8518 678.38
435 3429 920.14
180 2589 72.95
10 1518 546.27
334 8408 8.94
495 6483 676.98
122 20 619.58
344 620 95.56
365 7918 384.13
136 4575 496.05
401 1051 337.66
71 6643 664.08
464 1828 117.27
137 2335 418.24
412 8517 207.51
485 95 451.15
193 1914 985.36
419 7011 534.43
446 4940 185.72
481 1063 756.09
254 3321 137.82
198 3842 785.03
237 2440 901.80
200 716 549.75
205 6096 854.13
96 3994 263.54
440 7501 974.00
163 642 328.00
383 9387 459.36
133 9111 888.67
18 7283 617.00
258 9668 954.90
362 4594 768.83
397 8747 773.32
320 1929 226.10
245 9671 569.84
51 5132 694.27
248 1338 620.93
300 1127 583.05
99 7792 566.60
476 8375 683.01
415 355 476.31
61 5626 728.42
296 5748 701.43
473 521 990.72
243 5785 677.14
103 4716 49.54
47 4198 444.87
143 4194 164.26
251 1865 493.37
482 4357 766.76
167 6766 477.91
182 4522 333.04
234 9821 52.22
347 8389 671.64
11 7455 527.85
93 5357 27.29
390 8034 680.08
327 1850 213.93
238 2461 361.19
17 2770 202.27
472 2193 534.05
31 5947 961.87
359 5978 509.51
353 2274 522.87
346 8532 324.88
197 7046 889.40
119 9570 225.30
73 4660 49.25
494 333 327.76
87 5268 520.11
151 9503 226.82
488 7255 601.24
258 125 900.02
482 2043 287.02
414 1229 255.08
412 2444 315.72
286 2828 743.33
46 8456 959.79
112 1647 125.32
193 4871 340.51
313 7902 301.76
426 5049 358.74
77 1189 807.61
245 9628 114.65
263 8850 603.31
412 8576 74.54
47 6828 391.61
235 9817 28.09
276 3579 86.09
103 2593 346.84
24 1399 165.94
497 3108 147.38
88 3493 925.11
441 9203 21.85
223 6753 785.66
317 6348 65.04
237 6485 409.06
301 2800 404.14
330 2718 664.41
118 9708 348.52
209 4941 44.48
246 1314 773.40
383 72 514.51
193 5733 86.49
369 9910 464.55
5 8165 361.98
336 5732 623.18
500 2742 538.36
150 1405 482.28
58 5899 66.55
148 9432 825.97
2 4335 383.78
23 2158 745.50
156 8879 288.80
272 6992 306.21
215 970 401.91
232 3149 459.46
347 3154 160.24
318 231 238.62
434 8108 917.05
175 8096 419.39
409 2524 143.73
307 7944 843.52
137 9944 704.65
116 7995 146.35
475 9179 346.12
287 6938 710.59
285 7885 530.02
450 9688 367.73
346 3672 487.86
327 557 884.01
99 7933 140.81
69 8560 854.13
483 4923 475.76
67 3671 689.20
86 2403 389.34
16 192 274.37
40 2653 643.96
205 4302 360.84
320 3110 667.35
373 5942 838.68
268 5925 854.15
468 8840 545.25
323 8018 624.26
297 1669 136.38
176 8996 803.88
281 2764 952.93
84 9769 968.95
63 3423 41.09
401 3992 446.73
84 2383 753.90
292 3800 225.54
112 8710 981.03
250 8220 221.17
92 7464 928.26
211 5951 57.98
45 6826 538.73
405 3728 316.24
253 9742 242.01
386 2281 993.28
328 6286 101.64
319 4148 281.70
141 9699 560.85
475 4468 794.46
122 3277 904.55
182 6169 104.24
499 4318 81.71
278 7208 62.50
306 7948 44.90
358 957 305.69
181 8221 968.24
138 6590 918.88
465 7172 796.50
22 4148 4.44
399 7712 562.73
485 9773 133.59
356 340 179.06
446 1777 872.64
108 9816 492.68
318 3999 431.28
247 532 14.67
277 6898 479.50
369 6785 602.39
88 6162 950.50
400 5760 723.65
121 857 518.24
495 6853 721.48
108 9024 589.83
111 5725 585.52
13 7611 835.25
499 4678 521.28
220 5341 686.13
457 8625 686.55
4 9156 747.37
496 2180 191.68
293 2917 449.30
401 5705 958.54
308 1393 624.05
57 2644 167.09
206 2365 26.44
462 4216 191.83
437 5161 124.01
126 9599 172.77
368 7999 964.07
2 8821 579.06
364 9328 439.58
474 76 759.96
70 8708 119.01
120 6430 107.13
352 760 963.23
331 1785 569.80
400 4635 227.96
465 4713 494.86
231 4435 475.35
374 6128 364.14
357 3735 943.39
335 6904 784.01
316 5367 40.91
280 5084 418.36
271 928 630.63
66 5331 94.41
113 9432 513.75
196 6656 566.93
308 113 780.68
284 2475 36.46
202 8384 537.97
182 398 489.35
424 9811 399.54
414 2404 156.97
370 5645 83.07
267 1336 548.28
347 9394 200.73
253 1448 996.36
453 2150 236.61
342 1346 463.01
45 4406 477.18
64 3134 506.98
398 5373 951.56
32 7385 469.21
355 8407 25.42
144 3299 801.62
198 9557 688.08
183 3490 66.20
9 3720 783.53
459 2576 809.90
73 7116 20.05
176 2237 917.39
368 6228 885.08
355 6615 340.03
151 3162 627.03
264 8467 346.69
31 7131 245.36
279 799 729.10
456 3390 627.70
128 7571 502.71
155 3437 329.46
376 2682 97.49
461 1326 128.28
327 6335 142.50
323 9472 421.74
182 9157 420.29
5 8964 649.88
38 102 74.58
311 6636 635.99
405 7219 335.29
336 6936 311.98
109 9421 586.68
235 8751 138.17
392 9631 140.54
401 5986 412.01
68 8634 725.40
183 9115 591.91
370 7741 671.08
123 4319 480.30
26 2777 972.41
317 4597 526.51
323 2578 14.12
320 2957 866.68
77 7462 689.77
187 3486 76.71
122 6751 424.33
102 9501 949.29
191 3500 411.56
95 7116 384.42
8 2501 501.34
247 9236 670.07
405 1785 146.17
193 872 233.00
234 9329 777.39
292 2700 476.62
295 6937 178.26
270 4635 580.51
113 8993 196.87
137 3443 696.92
343 3659 116.41
253 5590 556.42
169 6679 728.87
193 8583 602.03
482 4690 388.33
188 9228 486.23
118 6408 4.15
443 8644 906.62
395 3764 141.66
140 4372 912.67
155 3854 912.71
31 9822 39.13
216 3486 236.51
461 7634 735.95
39 7333 298.22
465 2720 48.68
339 6220 783.96
136 760 230.31
91 2340 833.41
454 1455 863.99
19 2941 339.53
159 6938 807.89
430 4007 890.33
174 1740 749.31
73 4740 424.04
344 8403 869.26
198 2948 423.31
139 2218 427.31
56 2601 764.25
364 636 917.36
105 3427 408.52
419 7560 390.76
145 3260 997.84
330 4717 365.88
159 3472 503.57
487 1184 248.15
242 8252 65.30
283 6795 851.90
376 7388 480.93
18 1890 634.33
421 447 796.99
116 2534 828.88
341 2963 651.76
407 8415 569.12
98 5170 803.21
442 159 875.06
104 619 208.05
227 4924 20.76
364 257 662.98
377 495 643.01
260 1593 551.18
458 9620 180.41
239 1099 620.70
51 9712 479.41
136 8524 527.00
162 5580 148.54
12 4740 65.05
307 5775 36.06
13 7786 959.13
329 5706 635.69
406 1350 889.33
145 3064 289.00
202 9163 998.62
405 7569 380.33
160 178 689.27
28 2666 569.33
93 9958 209.38
434 4796 566.59
267 3746 846.40
180 2581 420.25
324 5883 799.93
303 6017 230.07
118 4523 564.92
302 274 445.18
337 1968 720.22
204 8494 695.01
13 1581 925.00
455 7859 819.66
219 7447 240.99
332 643 325.11
139 1815 519.52
303 8091 372.24
200 8553 321.46
427 3279 71.08
76 3460 616.65
40 2820 639.09
181 6348 223.43
20 7525 711.54
396 2234 844.04
174 6603 667.20
457 1891 307.44
68 4545 156.17
71 4477 608.53
212 2463 152.95
115 8486 748.18
152 8255 240.74
233 7777 523.96
408 2279 40.40
330 8196 194.72
323 4279 236.58
438 9968 408.01
483 3434 837.68
445 9505 807.80
257 1183 209.15
80 882 825.44
495 2008 995.07
271 3960 452.81
419 3733 342.17
43 146 804.67
65 5606 960.15
288 5058 269.34
206 6538 271.77
89 7968 738.48
493 8995 175.48
71 5383 864.77
52 8770 326.42
468 8633 177.32
160 7698 679.81
191 6650 166.45
88 2712 152.49
357 6245 541.35
29 8088 596.39
240 9874 451.47
475 8131 574.07
190 5787 419.72
311 2489 691.44
474 8352 50.41
115 7276 334.49
35 9515 591.35
399 8886 604.77
133 6054 731.26
74 6435 374.98
227 8123 181.86
330 2192 382.16
493 4214 843.84
294 9791 282.75
208 9177 330.79
128 5887 618.23
322 4044 797.37
446 2921 25.47
233 2297 321.13
405 184 905.78
248 1312 47.45
420 5045 888.37
44 766 599.34
314 5740 163.00
486 6470 922.38
400 126 273.86
434 204 367.43
223 7063 87.20
193 5704 746.12
475 2928 853.59
287 216 222.04
74 4006 807.64
469 1764 793.83
5 7734 742.97
346 2133 175.44
11 5513 159.59
357 9819 773.41
135 5887 159.72
468 2087 5.11
302 8829 853.84
230 6587 627.03
393 7289 528.55
276 4660 58.92
147 5488 212.47
43 7741 308.22
248 5978 895.59
190 4141 295.76
24 938 428.48
430 5380 595.62
445 9723 223.45
112 5997 111.98
55 2027 306.44
428 4414 280.91
109 1999 499.59
343 6225 750.85
416 8033 676.14
77 4935 263.29
475 8572 860.55
146 1653 999.11
491 7017 327.24
284 3236 710.57
150 7488 137.47
275 1615 936.03
325 3079 213.47
241 9483 507.82
370 2515 778.88
372 3950 11.46
57 1064 81.46
74 9493 859.93
384 6940 930.94
400 8869 994.14
353 4062 770.67
241 6657 933.89
177 6708 526.84
231 6243 265.26
368 9555 188.29
45 6531 850.62
106 3263 85.90
28 6970 266.46
210 6795 872.66
140 6509 84.97
187 7328 592.85
248 3013 366.74
23 9468 663.69
416 649 217.80
134 8959 58.91
402 381 490.97
292 6619 996.11
178 9955 425.28
135 2884 436.72
188 3737 567.43
361 8728 813.31
104 7031 235.60
156 4860 318.84
200 4268 673.53
84 4483 936.06
84 8744 739.04
403 9158 813.41
310 9807 110.29
368 7196 642.77
349 3241 848.32
85 7676 291.00
458 911 74.23
374 8472 234.61
494 6484 418.39
119 6528 224.91
406 6196 728.94
93 9923 994.11
385 5015 638.27
477 1229 460.63
377 2483 113.56
177 4288 899.25
332 8405 962.55
304 5720 219.27
137 7530 291.86
117 6079 810.53
409 2851 523.01
436 8917 742.44
240 2146 326.15
106 4498 313.01
199 1747 110.96
449 6346 731.12
139 9054 569.30
401 650 717.22
237 11 252.82
499 6656 41.17
114 5563 6.25
482 6388 164.50
306 5347 547.31
444 8614 870.64
348 7931 117.70
97 4519 196.21
208 8556 842.43
247 8680 818.92
98 71 596.93
439 7143 48.16
286 5913 185.01
20 8400 157.61
78 9805 789.12
121 3559 987.53
263 445 742.71
291 6781 757.11
162 6291 189.04
367 2761 586.58
410 8930 560.98
171 7906 774.50
169 1872 185.83
163 4789 753.48
442 1517 279.72
317 6973 506.02
278 2528 564.98
251 1374 65.48
161 8833 803.93
395 7616 456.91
233 9494 635.27
8 6616 573.22
430 2363 535.98
210 2949 271.67
497 408 768.00
238 85 847.94
417 5430 264.72
43 6240 958.25
103 8259 731.92
424 8038 386.42
429 2630 376.49
315 851 486.22
326 4654 416.50
400 5172 418.12
231 5279 686.50
13 7110 463.44
46 6455 12.25
440 1248 297.76
163 247 520.21
116 3887 862.00
473 4441 183.67
199 8308 726.71
200 6490 97.25
324 2863 944.63
218 6326 861.46
15 5032 947.54
141 8948 203.61
208 154 568.34
186 740 474.62
285 9451 175.89
231 2207 721.86
307 9814 144.55
334 6391 71.92
422 561 656.94
321 106 333.10
81 7631 139.52
20 9582 882.09
452 6835 958.49
224 7254 75.62
385 6966 791.75
178 5144 315.03
70 9680 121.01
62 4517 395.03
283 5510 301.00
129 2745 784.81
423 6679 512.36
493 1077 556.09
361 7347 739.57
64 4450 155.22
480 416 194.92
301 8718 270.46
53 2087 299.24
120 8157 730.10
290 42 893.28
193 3418 575.40
23 5850 345.21
397 2295 387.71
402 1483 329.90
52 235 346.70
71 7136 409.04
419 5939 156.34
165 8440 956.37
53 1527 306.53
42 931 771.31
324 5769 659.59
181 6803 380.31
49 7250 114.78
294 7452 469.45
350 1997 847.05
450 3842 378.29
11 6224 585.94
376 712 22.54
27 8288 194.33
493 3744 940.36
448 4865 769.13
244 5434 925.15
486 2597 50.73
138 917 888.24
211 5273 702.06
462 4930 488.75
87 192 335.49
223 1937 384.86
367 2590 643.59
414 7967 746.09
55 6877 629.25
475 7223 479.08
290 8914 650.71
320 5126 198.22
83 1911 913.39
418 207 637.37
217 1349 983.69
473 3530 140.38
190 9655 864.04
58 9303 511.39
39 6858 128.41
288 8067 254.52
362 3324 668.59
445 9743 951.00
402 2447 838.92
260 3662 732.92
24 7392 121.71
330 1322 623.14
57 2249 230.43
487 1977 751.14
196 3511 195.33
185 4736 353.98
268 2050 830.48
145 8281 42.37
14 4858 359.34
463 3496 772.48
65 2306 83.70
121 3640 505.09
243 6182 469.00
191 5087 576.51
88 1767 863.26
337 686 380.65
290 1890 125.27
417 7011 10.39
213 6280 64.43
459 2866 974.55
494 5485 841.29
57 1206 958.63
171 5251 435.15
79 1001 704.44
155 8593 318.45
496 9048 574.34
160 7665 494.57
309 4253 337.99
468 6928 713.96
338 8376 568.11
36 6919 555.21
233 4854 696.66
116 722 891.12
392 8276 478.52
320 5435 358.09
44 7520 264.98
430 7820 254.84
332 5851 490.58
135 4568 87.58
287 8055 919.95
6 4836 310.84
2 8900 837.08
234 6015 983.78
159 6811 451.33
342 7584 675.24
161 7648 134.21
327 4176 494.51
348 8447 555.98
256 6701 220.78
166 860 234.40
360 82 879.70
435 6081 580.75
212 6769 530.45
167 2920 850.82
372 5429 871.06
228 5699 73.95
64 2169 734.12
200 8522 379.71
172 5515 993.22
466 6092 126.98
305 5475 889.84
30 3595 707.23
254 8358 628.18
397 8372 877.26
200 9083 354.51
321 5567 34.76
475 219 391.44
45 8533 736.55
419 4414 914.05
29 4280 964.99
490 5216 846.55
435 2079 841.11
164 2496 74.88
483 8808 563.28
393 8556 299.72
186 8788 79.91
489 6018 287.17
272 157 742.68
136 8374 667.59
29 7126 434.59
91 5411 157.79
264 86 575.43
325 7371 643.50
247 3669 348.38
484 5784 395.60
496 6944 964.13
127 3530 363.20
394 2157 539.21
415 3634 950.75
144 8217 475.99
115 2958 697.56
466 5470 915.44
142 2154 426.16
163 8036 115.12
156 704 919.50
354 7927 225.63
80 1823 641.74
362 6809 134.68
174 1856 125.84
467 2544 375.05
12 1002 509.27
196 3106 899.97
27 5177 839.84
110 873 213.23
387 760 98.80
138 1987 223.67
411 6183 236.49
117 8057 701.93
456 7068 675.92
483 2449 689.71
381 2729 808.72
238 7272 11.60
97 2955 804.66
256 3441 577.00
148 3307 218.36
331 3361 898.09
9 1653 590.76
463 9946 701.66
42 7953 802.35
314 9098 399.43
330 2967 273.89
297 528 438.33
302 5389 283.37
440 2403 82.44
346 4904 342.77
417 3181 787.11
261 8187 181.89
57 1316 87.66
201 4471 536.36
177 3327 462.49
50 9636 65.03
199 3517 675.76
37 2639 917.51
209 1499 748.55
39 7501 283.23
26 6292 283.74
74 570 18.53
183 9828 705.53
218 6185 739.74
13 2396 862.10
478 6555 789.30
356 6843 489.31
479 9284 934.66
383 3852 566.54
270 6582 99.33
50 8536 91.86
87 5674 790.69
218 5679 588.02
480 4232 214.86
457 677 290.38
320 9981 739.01
263 710 88.82
156 3090 28.34
226 6310 960.10
466 9561 853.16
53 8647 207.42
151 3454 615.48
329 694 736.78
491 5136 192.49
494 118 8.18
371 7463 985.62
295 6815 715.28
113 6998 611.61
126 458 996.96
14 471 370.65
481 591 754.22
157 1993 639.48
332 1093 233.76
89 2436 553.95
190 5198 22.97
191 4950 560.80
235 7729 225.87
394 1074 395.45
353 254 593.69
259 176 86.14
469 5590 963.27
240 7351 348.51
475 553 472.71
83 5909 331.09
140 2879 58.84
321 5402 616.28
311 8796 768.97
15 7127 747.92
198 4135 654.44
282 4330 546.34
188 5386 824.25
238 8052 542.06
42 2155 131.95
377 2555 93.22
32 8833 596.85
403 9426 825.31
78 1555 840.17
270 3619 100.74
239 4237 977.78
5 5300 424.99
433 5553 705.60
224 8021 244.99
305 3480 893.71
51 7548 490.16
253 1378 346.12
165 3276 920.14
306 2261 2.25
184 2901 587.29
9 903 270.25
120 3485 625.06
116 4923 511.16
425 9170 507.86
383 8088 280.78
203 8213 486.43
440 5277 755.63
277 8105 216.52
338 3000 980.48
116 6514 631.58
259 2588 575.84
152 6914 884.98
221 268 115.76
419 3207 281.58
91 2876 26.01
7 2815 934.50
415 9323 136.12
329 8845 324.96
341 6335 890.84
124 5922 611.64
496 1827 870.23
137 8304 12.11
354 6499 96.51
89 2393 302.44
132 121 115.40
272 3335 480.95
125 9417 885.00
223 7206 434.59
152 820 680.44
353 77 615.06
82 8916 273.03
185 9599 368.18
360 888 451.48
387 887 143.45
200 6322 926.09
207 9817 809.51
186 5064 907.55
62 8473 115.60
452 8263 300.25
499 8442 151.85
38 6867 348.40
78 1858 907.22
198 6640 67.97
279 8036 106.02
15 7850 896.79
251 4444 975.25
406 2264 693.99
411 1953 435.88
196 5792 795.99
331 9084 480.77
497 4624 666.72
98 5499 702.13
110 3854 588.40
476 3671 936.36
217 4999 213.68
25 7556 257.56
396 2450 2.87
161 5919 680.38
327 9693 692.17
48 1824 539.84
231 7071 419.61
160 950 709.62
196 2165 593.18
156 2387 324.31
192 3047 645.85
247 9594 28.82
204 3627 947.98
316 1810 996.10
183 6812 667.24
289 3134 323.83
491 4110 414.51
351 3602 958.86
147 9054 675.59
6 1585 301.68
86 7057 404.58
212 6038 466.84
443 5039 723.15
36 8585 734.42
364 1662 210.65
481 3869 308.67
432 4144 222.21
53 1000 6.30
150 8598 775.44
215 281 598.66
477 7957 480.96
208 1930 49.79
93 2387 127.44
198 8704 665.49
178 3005 517.22
207 2703 833.11
344 4261 665.32
19 7516 792.03
294 4817 20.26
49 5215 745.24
426 4927 603.31
471 3151 38.79
74 4826 429.19
109 4677 177.51
461 3244 477.61
440 6269 943.04
439 2753 44.63
492 7714 313.07
380 3238 320.34
249 2157 430.81
35 4469 978.44
15 165 781.69
12 2905 770.63
180 142 907.08
170 7457 951.50
267 8892 498.68
85 3171 999.11
206 3666 759.35
321 9692 653.56
240 4283 629.77
430 4333 13.14
51 3078 378.43
418 1846 808.94
183 1661 966.84
436 4013 198.05
169 9089 437.22
279 5088 455.21
35 8964 303.09
196 4213 918.08
498 9014 454.30
314 5519 288.17
205 4502 588.76
417 9112 896.51
466 7264 742.03
440 6139 950.01
292 1328 450.45
191 1054 296.64
169 4577 120.44
248 3746 347.75
335 3713 87.98
381 7723 613.06
492 4028 278.10
388 3694 164.06
293 9356 246.36
23 2929 141.61
3 4731 750.19
297 6294 32.54
298 4466 420.18
431 5875 59.75
483 6210 657.99
449 9248 154.33
386 7854 643.46
244 9762 960.34
477 1851 786.74
456 9977 227.79
281 9524 231.77
363 2618 517.88
442 4223 793.24
408 4680 455.79
277 2256 538.15
482 3847 127.39
207 6644 348.74
93 5568 351.99
444 1752 496.95
22 4324 734.52
35 5008 90.24
211 4546 315.83
180 410 169.66
151 7782 727.05
291 7915 116.16
242 4049 242.00
443 6144 389.48
486 9029 36.44
225 9688 223.24
37 5153 985.89
358 350 29.07
456 4471 790.95
481 6874 561.68
83 1137 69.41
13 9466 107.24
484 499 325.06
144 1379 642.65
177 3630 629.18
251 5273 907.02
31 531 272.01
89 3691 643.68
361 4322 125.70
425 3580 574.52
25 3875 395.07
422 436 312.22
287 9739 463.83
110 5014 907.60
308 7110 982.58
448 4207 850.68
214 890 23.52
321 1449 349.25
350 2958 76.04
338 553 391.20
367 6276 782.88
170 7189 512.95
201 345 354.56
405 3262 18.77
384 5826 299.85
56 2730 602.07
452 2749 435.61
387 3396 862.52
454 7525 457.10
57 960 704.49
485 1428 674.80
85 6554 375.74
240 1867 775.33
93 7077 543.14
398 8543 583.70
122 2712 282.16
283 517 709.55
343 2064 993.94
229 7249 180.12
126 6391 294.74
387 6018 467.94
25 603 795.53
430 5200 467.18
338 9993 107.51
397 2006 588.60
41 1831 117.25
427 9853 694.17
239 1130 276.21
30 4353 303.53
274 1143 913.36
351 3738 236.31
153 8452 114.75
90 2225 830.64
394 5268 889.94
237 1895 668.22
20 1396 221.39
39 6301 197.26
403 5274 313.79
451 8825 908.64
380 4928 897.78
171 5125 847.43
267 1326 501.16
16 3871 456.40
119 6774 497.47
91 5866 851.43
379 5662 744.51
185 5595 908.59
444 2998 273.70
243 9142 748.52
363 5308 277.17
483 3308 507.10
334 8036 52.47
168 1141 325.47
125 748 345.17
446 4947 239.37
236 6994 733.57
232 1529 587.32
370 6238 976.21
45 5803 714.28
150 708 956.38
409 5017 840.77
460 4836 334.87
461 9113 804.08
262 6160 146.83
184 1756 803.38
113 2561 726.79
50 9549 918.70
117 1875 563.56
452 187 846.30
406 1694 41.40
497 2977 281.46
488 7295 54.94
39 2182 186.59
327 8665 754.58
346 4947 677.47
311 5101 197.21
249 6096 509.29
213 8412 634.62
140 5172 514.66
397 56 486.10
414 7140 484.89
303 8109 322.60
483 8737 702.74
262 9761 847.87
286 5865 377.28
187 8711 377.18
258 7787 882.27
31 8716 293.83
255 2846 909.47
272 568 888.60
305 4569 433.54
449 5098 516.35
318 1145 642.55
416 1383 970.59
291 7778 233.17
76 936 980.11
387 1335 578.25
265 131 546.19
114 9079 511.00
357 6082 116.36
87 4429 535.58
477 9975 45.06
478 7918 442.15
383 8536 991.72
441 7401 408.31
463 7777 982.07
40 5079 808.49
300 291 808.30
427 3620 807.50
114 4817 833.92
484 5817 142.46
173 6753 264.14
160 1492 698.05
342 4802 365.73
246 6139 330.64
285 5544 292.33
265 84 249.17
156 1385 162.85
69 2706 568.94
384 3421 129.05
47 8812 180.46
426 2800 783.49
109 6997 943.80
108 3103 554.40
276 8898 638.44
44 9578 565.63
493 4575 750.31
65 7485 239.43
96 4614 105.09
270 1740 683.81
394 8838 249.35
427 31 650.12
196 6546 655.59
324 6883 78.21
198 4903 516.46
58 6268 369.20
107 3870 699.61
52 5927 65.29
64 6171 62.22
313 6087 392.71
409 1953 642.55
19 4177 985.97
105 1673 470.93
359 493 513.53
474 7122 23.24
496 3870 751.98
187 9162 252.55
360 1572 656.94
253 8234 861.80
425 3495 596.04
395 3884 429.96
28 4942 205.28
22 977 706.24
45 7520 176.74
329 6319 779.44
184 9585 932.70
175 4493 898.51
119 2577 132.48
258 4042 79.93
313 628 212.05
34 9388 565.76
112 926 684.45
233 2205 743.10
406 6715 181.91
491 6504 903.80
135 8509 652.04
461 6369 108.61
232 5989 16.79
49 7126 699.43
396 9595 976.78
122 2880 422.85
66 476 996.88
8 8850 876.98
448 65 408.90
136 3704 147.68
459 430 92.76
452 7471 807.01
261 7866 754.06
470 8103 451.98
468 247 401.93
411 1359 640.58
342 3942 928.83
307 2260 350.24
67 4390 743.52
29 9484 647.42
481 433 684.39
259 1532 87.91
17 7892 194.31
117 6340 821.71
63 8262 49.62
313 8738 322.65
469 765 571.53
423 8608 918.67
289 7439 842.40
320 1795 69.54
283 9753 61.97
164 1804 627.53
440 4128 347.25
297 6253 621.99
411 2710 624.09
363 5952 803.88
201 6813 454.43
184 5045 610.05
240 602 46.90
127 9575 701.31
54 8833 504.44
170 1535 893.70
291 5801 680.10
371 8619 967.96
369 5996 519.32
254 6729 50.28
326 2729 374.53
264 3457 289.53
24 7096 283.89
275 2946 90.47
384 4763 254.04
237 9840 784.25
269 2250 472.13
192 3346 28.51
422 4523 464.19
342 4017 799.11
352 8912 146.13
275 9544 503.72
481 2159 110.79
473 6542 473.21
146 4243 55.96
273 2355 749.22
100 5069 462.42
373 7082 284.47
142 3857 6.05
438 4811 732.52
61 3051 481.56
77 3967 183.91
118 1771 906.99
81 3678 837.36
89 1785 638.24
173 1900 481.41
231 4917 830.12
317 3981 693.42
409 4314 900.87
433 8852 528.95
233 2902 88.89
298 6075 78.18
446 8810 928.27
35 7340 744.98
432 6751 222.10
37 8094 749.43
150 4740 772.76
270 8329 155.00
149 2581 225.16
138 1947 867.48
106 3003 178.19
176 8450 91.95
277 669 15.78
378 7454 563.79
315 1835 130.57
382 9864 249.66
439 7185 92.42
83 1050 640.44
204 3756 139.35
87 4303 69.10
339 8757 157.79
233 9665 556.27
1
500
1 1 6.55 0.00 17.65 
16 149 8.12 544.19 581.05 418 7.15 642.66 677.25 293 9.96 774.76 833.98 48 4.30 710.37 753.20 359 8.83 770.27 821.93 393 1.58 480.17 515.46 462 4.71 765.64 823.59 29 4.21 721.35 782.19 471 3.72 388.49 425.77 464 5.47 539.02 577.01 34 9.08 900.94 961.79 210 7.20 826.55 873.11 397 2.46 862.22 900.74 108 4.25 588.98 642.64 281 6.00 904.58 944.67 348 5.55 690.29 752.71 
16 242 9.79 823.28 879.37 27 4.44 848.26 894.72 298 2.42 802.83 842.06 416 7.87 981.15 1017.21 321 1.49 856.99 915.64 288 3.38 776.56 821.30 318 1.96 910.15 953.81 45 9.62 1041.33 1096.31 194 6.66 1002.61 1045.12 279 9.02 869.27 924.04 445 8.63 848.48 906.13 496 3.52 889.54 928.89 286 7.53 1057.19 1098.73 489 6.29 1012.50 1048.09 472 7.88 1062.09 1113.30 376 5.59 575.30 618.47 
16 330 7.07 1016.82 1061.06 244 5.32 1083.39 1143.49 246 6.67 1159.08 1194.83 263 4.19 852.92 893.75 494 9.82 874.07 914.89 153 1.79 849.83 892.35 356 2.09 837.53 890.62 152 2.56 1161.94 1221.67 311 6.35 823.67 876.36 479 1.91 883.29 917.74 335 5.91 834.98 871.78 199 6.67 918.31 963.13 232 2.63 1034.33 1072.42 417 1.93 879.18 918.74 383 7.71 1098.88 1135.10 349 3.66 819.40 859.85 
16 449 6.04 1386.33 1451.23 182 6.26 1207.20 1250.68 124 9.85 1220.29 1260.40 487 6.74 1204.71 1245.84 248 8.93 989.50 1028.96 327 2.12 1449.29 1509.46 186 6.35 1276.14 1316.87 439 7.98 1185.59 1247.60 207 6.25 1440.43 1484.07 256 9.22 1588.58 1640.87 290 9.86 1203.92 1256.62 171 2.89 1379.51 1432.39 98 8.11 1542.33 1598.38 196 4.00 1536.95 1591.49 400 5.93 1579.87 1621.77 314 7.28 1182.43 1231.03 
16 90 8.33 1650.88 1715.94 123 9.72 1219.52 1256.21 219 2.05 1660.38 1705.30 189 2.13 1891.05 1956.75 53 8.91 1590.74 1630.85 154 6.35 1907.08 1971.84 420 4.97 1964.98 2025.12 284 2.88 1866.65 1929.66 442 5.14 1531.71 1576.93 31 9.30 1719.99 1755.68 337 7.92 1941.97 1998.81 326 4.54 1570.91 1606.26 309 4.22 1656.65 1697.72 343 4.71 1945.28 1983.92 193 6.92 1691.44 1725.10 44 9.29 1729.12 1765.80 
16 83 9.75 2022.38 2077.99 453 8.55 1830.63 1874.19 164 2.61 2089.65 2140.87 467 5.01 2044.64 2092.07 316 7.40 2198.27 2260.93 78 7.34 2033.97 2071.19 409 6.62 1788.39 1846.25 38 7.96 1926.99 1970.75 364 6.88 2282.90 2322.43 7 1.57 1815.55 1852.46 143 4.03 2088.60 2141.75 342 8.36 1922.74 1974.95 455 5.42 2033.42 2099.73 132 5.06 1946.94 1988.68 64 2.24 1778.13 1820.65 39 1.93 1731.38 1767.89 
16 146 2.48 1820.19 1862.36 178 6.12 2366.41 2406.29 55 3.39 2511.03 2550.06 224 5.61 2228.60 2294.28 319 4.40 2324.62 2364.09 107 5.57 2003.21 2050.06 466 1.75 2537.20 2583.06 388 5.32 2182.54 2245.61 167 6.89 2262.94 2318.45 100 5.43 2429.04 2463.64 440 8.25 2203.31 2258.50 425 3.58 2592.96 2641.48 408 2.40 2433.95 2471.38 272 8.06 2246.83 2289.24 203 5.47 2104.90 2157.00 312 6.49 2255.62 2305.62 
16 302 5.29 2550.98 2584.32 365 4.80 2490.39 2538.67 392 3.73 2474.13 2522.03 192 5.26 2677.62 2727.65 317 5.26 2525.76 2584.52 347 6.70 2313.88 2358.87 9 1.27 2521.72 2569.05 350 8.24 2400.24 2452.35 374 4.47 2560.83 2600.56 68 7.08 2462.06 2512.28 138 2.91 2619.17 2655.46 74 5.21 2666.35 2716.05 414 9.97 2572.13 2625.34 322 8.41 2564.01 2597.94 101 2.37 2862.10 2900.91 475 6.97 2402.56 2465.90 
16 247 1.90 2575.81 2611.50 116 8.34 2835.96 2885.16 252 4.71 3012.62 3077.71 258 3.73 2822.96 2878.89 345 9.94 2536.11 2590.85 369 6.11 3252.79 3313.54 363 3.91 2917.53 2974.07 91 8.64 2766.86 2816.55 261 7.35 2935.33 2988.13 40 7.92 2896.25 2935.94 415 1.35 2664.18 2714.12 236 6.65 2919.62 2954.13 202 6.39 2685.62 2750.67 157 5.16 2698.25 2740.14 21 7.45 2582.32 2641.13 106 1.21 2666.27 2722.94 
16 389 3.88 2841.32 2906.54 159 4.73 2899.06 2954.89 23 3.89 3256.15 3295.42 328 1.36 3151.73 3186.65 243 9.65 3127.11 3171.10 260 7.55 3016.49 3050.48 217 7.20 3043.73 3107.88 133 2.66 3129.94 3163.34 340 5.72 2810.55 2852.41 273 9.30 3104.04 3157.42 77 9.55 2885.83 2944.11 111 3.09 2876.82 2940.13 128 5.10 3262.76 3312.16 488 1.38 3057.61 3100.82 114 6.37 3201.54 3266.63 131 5.15 3006.63 3042.01 
16 329 1.06 3482.08 3541.91 151 7.51 3312.78 3364.31 122 9.93 3513.07 3550.75 294 8.89 3130.88 3171.98 352 4.62 3204.01 3254.10 325 3.63 3593.45 3636.66 285 1.77 3376.70 3438.56 438 2.96 3247.87 3285.90 381 3.55 3343.09 3394.11 33 1.43 3592.00 3652.52 476 7.10 3770.68 3819.60 443 9.47 3388.22 3424.69 303 2.88 3332.80 3395.92 201 4.41 3437.03 3478.97 99 7.32 3249.94 3316.26 276 1.55 2998.50 3035.07 
16 145 8.15 3619.39 3670.39 62 3.37 3590.79 3630.66 334 3.03 3707.64 3755.01 113 3.37 3848.51 3899.37 251 4.40 3490.71 3545.58 86 3.60 3525.29 3590.51 105 4.90 3738.19 3771.67 71 1.71 4066.90 4119.26 355 5.59 3515.55 3556.82 32 5.47 3052.53 3111.18 483 1.82 3565.06 3622.24 160 8.97 3216.33 3272.72 109 7.48 3862.31 3899.00 36 1.72 3402.86 3451.96 308 4.78 3505.80 3557.23 446 9.35 3816.09 3868.65 
16 271 5.81 3861.08 3901.20 125 5.85 3854.99 3913.35 63 1.85 3937.47 3997.17 454 1.96 3945.62 3992.61 386 4.11 4200.10 4251.71 59 1.67 3557.00 3619.89 481 8.91 3950.42 3990.98 277 3.86 3797.38 3846.64 61 7.40 3807.09 3870.58 180 4.09 3875.05 3938.30 469 4.38 4090.97 4137.58 377 7.42 3929.70 3985.43 474 3.05 3942.76 4004.31 491 6.42 4018.19 4070.25 490 6.68 4049.10 4099.69 218 8.30 3886.10 3952.12 
16 421 8.52 4652.41 4706.33 147 5.18 4403.15 4469.15 52 6.30 4228.92 4275.83 54 9.31 4165.39 4212.74 398 4.36 4085.17 4119.95 150 2.52 4372.09 4419.65 82 1.41 3895.63 3932.39 65 4.17 4196.74 4232.94 170 8.70 4083.91 4136.28 452 1.50 4250.15 4292.50 197 5.80 4152.35 4212.34 144 2.70 4218.09 4280.65 280 7.88 3950.09 3993.96 448 9.78 4030.51 4077.32 227 5.13 4092.28 4150.91 104 9.14 4087.63 4149.95 
16 269 7.83 4487.14 4550.78 450 1.67 4532.28 4584.07 176 8.25 4322.56 4369.15 221 8.57 4275.71 4313.77 220 8.97 4619.62 4671.41 183 7.28 4394.33 4440.27 13 4.74 4274.38 4316.08 130 9.21 4359.86 4403.70 89 1.32 4125.05 4178.43 174 4.57 4483.43 4523.39 307 5.15 4358.37 4413.58 103 6.05 4242.89 4299.92 20 7.93 4380.58 4432.47 173 3.88 4591.65 4635.65 206 7.48 4517.53 4569.01 434 7.90 4513.65 4574.57 
1 500 4.76 4659.22 4711.26 
