150 0 0 1 15
9
8
9
9
7
6
5
9
6
10
9
2
7
6
9
8
9
8
6
5
8
11
7
3
8
10
3
7
4
13
8
8
9
11
7
10
8
10
7
11
10
8
7
9
3
7
5
5
6
11
3
10
8
8
9
9
12
7
13
4
7
8
10
8
10
7
13
5
12
7
4
11
10
9
10
9
4
18
7
3
5
7
11
7
4
10
10
9
9
8
10
11
9
5
14
5
8
6
8
8
15
8
7
12
10
10
4
6
4
8
5
12
10
9
7
9
9
9
4
6
12
8
8
8
7
10
7
6
9
9
10
8
7
3
8
10
10
9
5
9
10
6
7
5
10
10
6
6
7
6
61 5573 40.53
131 4530 597.90
130 2359 542.74
21 317 58.10
16 9730 631.90
29 3122 424.15
94 1303 842.42
68 4100 906.40
2 1 423.73
48 7537 655.87
125 2249 930.50
148 5273 345.04
67 8059 255.36
118 505 445.23
16 5213 790.40
29 9838 695.72
3 1317 558.12
87 8709 288.14
55 4189 146.67
129 8908 579.68
62 5385 564.99
25 1092 147.27
139 1948 151.02
90 7223 20.91
133 5253 554.85
4 7560 687.64
80 9594 388.76
8 584 928.86
47 4666 180.61
43 4840 190.72
148 2285 476.69
147 2758 257.83
138 9600 980.43
149 2079 985.49
5 4589 160.38
52 7854 670.40
37 3301 768.00
104 4875 838.34
53 8556 173.38
13 4945 130.90
57 4899 317.41
6 5331 882.98
108 5110 400.40
11 7906 418.46
51 783 516.42
37 1073 495.55
79 317 116.32
7 2191 758.12
34 6082 144.75
80 7829 214.86
35 941 196.01
82 1302 596.32
8 471 843.12
120 861 864.03
73 9923 529.98
25 7944 540.74
127 1388 533.53
28 4706 116.90
94 6341 950.32
67 5963 797.76
79 3209 279.07
9 6793 553.55
58 6447 302.15
140 2148 3.74
112 2797 70.79
23 4684 199.00
86 4856 48.25
10 6797 414.12
54 5419 892.44
76 9817 408.91
87 3631 773.26
132 6405 693.48
118 2887 76.04
139 9499 6.63
123 8982 275.28
22 9216 673.87
53 2927 903.50
11 9352 331.09
9 1101 227.40
65 4658 803.58
117 1914 601.35
47 5746 748.27
71 3792 665.60
19 5267 155.37
25 7242 605.38
55 2532 486.16
12 3837 49.98
47 7749 685.00
13 5197 712.70
50 3807 737.90
6 1273 564.70
121 1093 335.73
7 3607 997.02
64 4727 839.92
104 3755 851.37
14 8314 662.46
56 80 785.64
100 5665 805.18
87 9316 405.65
57 5940 801.60
61 7826 626.36
15 346 97.53
73 4763 831.40
12 9556 570.51
55 5756 600.14
38 8618 454.23
90 1232 741.20
4 1211 375.08
74 1329 102.53
83 6111 590.64
16 535 969.89
54 82 104.00
97 4360 276.73
28 8638 645.77
48 9560 445.15
45 8421 575.36
29 3612 687.19
100 8338 717.76
17 5300 960.39
67 9254 775.49
43 5672 507.34
93 1970 952.16
123 605 104.18
77 4448 827.30
147 8676 487.68
57 3829 275.32
115 1000 624.27
18 6715 341.89
134 6850 786.24
56 5150 71.16
110 6324 500.36
25 3545 57.53
7 9615 404.90
1 6765 669.01
83 61 596.73
19 78 487.75
12 5398 306.76
70 7508 687.33
68 1378 37.30
57 1334 560.91
110 6484 860.60
20 3837 105.98
16 7859 378.98
52 9426 420.18
30 3393 966.67
98 6220 451.19
21 669 394.21
108 4507 454.64
5 3662 624.21
96 1440 830.79
86 6829 255.72
100 4219 4.75
20 8251 453.04
118 4556 596.44
22 4177 980.23
61 2157 126.43
114 4920 331.79
41 5212 108.12
148 8229 491.99
36 8020 329.65
51 3093 185.01
91 56 648.94
17 804 331.71
72 7090 702.09
135 2516 198.90
23 6872 983.37
38 9426 95.28
109 5258 334.59
17 5241 949.97
19 8096 126.82
116 618 488.70
43 8341 751.81
24 5893 574.07
131 7152 444.82
21 2835 10.24
25 9310 650.62
120 116 731.66
64 7736 992.92
126 6028 589.06
63 965 943.20
78 1053 542.58
107 7082 331.79
73 8607 910.99
26 8466 280.84
56 14 647.59
41 2847 740.43
116 5574 181.55
38 9476 680.58
85 9860 814.00
77 3807 148.53
81 733 619.95
86 315 222.70
4 6915 78.05
27 5272 696.69
145 1628 686.73
90 4322 503.04
28 921 776.26
64 9945 552.82
36 8477 461.85
97 8941 822.85
7 2380 206.36
18 7882 444.57
54 9346 575.66
29 6543 609.22
147 7656 454.36
112 7193 908.13
101 3461 405.28
30 4163 738.37
66 597 938.67
5 1456 269.85
79 2323 228.63
18 1562 261.00
11 4175 842.64
105 1108 811.07
20 5600 908.54
119 8723 955.69
101 6748 685.84
91 5431 357.16
138 8664 665.53
48 6296 924.23
31 7016 10.53
25 2810 35.25
128 226 924.92
85 8320 703.76
18 9749 596.37
14 7001 466.51
26 3728 557.41
126 7093 897.81
32 9108 997.07
128 1723 453.59
34 3174 782.35
56 8356 926.83
61 1090 791.42
76 8983 918.07
85 8311 660.43
140 7645 554.25
33 7626 143.03
44 6533 749.77
4 8396 789.60
26 3855 476.86
50 178 321.41
43 3809 477.47
66 331 282.50
96 6964 902.23
13 3891 602.06
34 2626 340.83
97 1770 400.41
86 1834 785.30
23 9140 912.40
137 2564 456.94
100 1632 504.24
20 5084 867.55
82 1920 391.94
77 8184 294.55
58 5864 203.63
85 6530 480.13
35 475 469.96
122 1674 506.97
2 8834 42.79
24 6340 996.67
90 8970 637.36
60 5995 697.27
66 4698 602.62
36 7365 664.67
21 8125 468.10
108 1844 318.85
122 9834 666.25
4 5280 112.92
68 6811 826.40
99 3358 122.65
59 9764 703.94
63 5978 591.44
98 1661 53.02
37 3284 317.08
96 9439 123.23
2 5682 317.91
81 8319 364.21
45 5710 297.06
4 301 608.84
86 3346 996.03
123 1366 898.69
38 6330 747.93
106 6620 449.79
117 5279 901.95
113 6843 513.74
115 5174 209.80
66 6590 885.65
31 5760 850.92
134 1963 26.08
64 8135 738.24
127 6944 500.19
39 7568 94.58
78 9477 900.85
22 7043 844.83
70 1 638.89
66 2432 956.45
6 6211 244.31
36 1017 432.66
40 9916 695.62
59 1946 673.31
25 8703 582.23
136 5644 372.59
45 2847 290.60
116 1176 50.86
37 4073 626.67
57 2997 572.99
47 1851 320.57
19 2030 828.26
58 811 768.12
41 3656 609.08
22 5793 957.50
107 1504 979.41
144 217 237.36
71 2025 185.31
57 2569 818.27
62 4549 546.72
102 8363 549.35
75 6877 680.52
143 2445 340.53
42 2472 744.23
150 9041 834.83
21 447 970.05
108 4089 494.48
131 5872 947.90
129 2791 966.70
91 2803 985.93
97 5465 415.51
43 9831 181.96
26 4438 715.33
59 7462 777.56
73 9114 448.63
83 8828 510.22
138 6265 771.42
117 7843 501.13
44 7231 610.27
59 4978 604.01
82 2315 771.79
138 3210 427.64
137 222 788.06
46 9785 489.17
95 9759 1.58
26 2239 77.73
16 2165 652.02
45 7538 167.66
11 1603 78.72
8 4781 388.27
46 6519 242.83
110 3330 800.88
118 9389 74.35
77 6158 257.97
104 9548 259.05
69 8909 732.65
29 8136 616.19
47 728 495.94
62 7829 964.95
102 1505 854.28
23 9981 613.17
89 5184 718.10
48 6320 543.63
5 8041 402.36
1 1042 994.55
26 6884 153.81
21 5289 510.20
49 8852 568.76
45 9113 413.39
16 593 835.10
1 9732 132.71
15 8709 716.93
78 7196 885.15
50 2729 615.72
43 5834 598.76
86 6035 494.73
99 8355 598.95
90 7806 281.98
24 1845 431.55
35 5368 285.02
108 5771 825.01
67 7437 979.77
9 9874 347.50
106 1432 42.87
51 4367 505.60
129 502 397.61
23 8668 681.46
52 7669 29.39
65 6807 710.84
16 9091 845.91
43 8423 468.05
58 9635 140.47
42 3172 371.83
89 330 78.01
4 1715 466.02
40 2912 979.04
17 966 338.11
53 4780 220.30
21 2435 89.71
28 6936 551.75
129 4125 420.07
66 8021 956.20
150 8926 673.41
25 9860 145.50
68 8094 143.53
54 2379 244.16
72 1337 423.12
49 5404 981.81
124 4234 811.87
146 6226 125.09
25 3224 364.97
59 3345 755.84
116 5003 7.51
55 2751 557.21
65 7980 423.65
50 2768 447.07
14 9610 931.92
95 7258 233.31
15 2041 992.19
85 9644 724.45
53 807 866.06
129 7947 629.76
56 3595 131.07
138 5277 171.08
38 3724 26.88
140 5503 475.55
32 350 828.39
40 8072 425.60
100 5768 339.14
103 3104 259.01
39 6722 670.04
57 1666 382.57
112 6534 710.51
38 8292 681.16
40 1648 625.74
82 9702 135.10
146 1933 137.35
97 6027 99.71
13 5835 533.83
78 2279 300.39
129 7943 632.98
8 739 238.65
24 7563 234.41
58 4868 797.75
8 1233 793.64
53 8672 783.69
73 3912 253.63
114 8147 664.49
133 4244 979.46
83 5975 458.30
59 8982 142.87
114 4746 180.60
99 5383 95.67
124 8997 190.27
127 562 39.29
125 2432 854.01
131 6677 582.27
122 5260 680.38
33 3860 192.65
42 784 821.19
68 4762 191.95
41 6926 389.27
31 284 739.74
60 9097 448.41
150 1554 421.96
116 7711 846.55
91 1770 142.55
61 606 195.01
89 4420 918.21
12 2685 410.59
112 9810 372.79
79 5259 649.78
140 4675 398.28
128 8200 741.60
62 9052 255.23
44 8667 394.56
9 111 739.83
70 1627 80.33
84 9416 512.45
42 3434 914.28
111 313 829.41
98 3085 26.86
63 5048 399.46
75 1039 646.65
127 364 604.81
28 6336 820.63
112 3238 48.19
89 6037 226.99
98 5300 453.82
17 3255 195.64
106 4368 783.69
103 6810 413.72
64 5166 573.99
3 6135 893.55
97 5665 839.14
29 1023 709.06
90 9165 789.63
67 4317 140.09
126 2932 298.87
43 1941 358.82
65 3192 687.92
104 2138 320.68
142 7990 970.22
97 4641 325.89
130 1988 563.44
56 3826 233.83
12 4989 470.42
76 8317 112.69
61 9879 53.91
39 3705 221.90
66 9872 87.38
29 9374 852.88
19 3969 644.22
53 3494 834.52
1 5851 230.35
88 7521 248.90
124 6894 444.61
67 4943 437.95
135 530 317.93
46 9284 750.13
80 1543 432.63
5 6600 790.75
99 4471 885.45
75 1316 368.38
23 6524 838.11
27 919 377.47
138 2769 91.23
52 2973 682.27
147 4680 70.13
48 5150 276.15
68 2663 12.73
78 5952 730.44
62 2444 848.29
97 6943 207.51
149 2157 92.64
69 908 295.25
64 7338 582.99
129 186 830.96
40 5129 181.91
17 7256 420.16
80 1626 578.10
115 2927 318.54
104 2792 926.56
35 7958 428.87
61 2406 788.83
78 4468 148.63
123 221 359.27
70 9483 63.64
104 9635 29.28
97 9653 545.72
47 6329 415.88
10 7138 947.77
143 6331 499.82
145 1261 352.08
71 738 860.14
38 8112 121.95
114 3325 357.98
43 4605 122.53
72 5010 976.50
86 133 151.84
66 3452 794.24
31 6656 91.94
82 5855 854.16
135 4295 182.13
104 8141 269.33
9 4454 789.29
17 9927 650.94
96 6469 663.05
107 5345 267.61
73 3844 4.58
49 1252 247.59
114 55 480.53
122 6836 705.50
125 7848 118.34
115 9726 462.52
27 6854 459.93
119 2577 93.98
68 5000 932.71
94 9145 286.91
74 2773 456.19
57 7006 787.10
149 7652 890.52
22 5294 636.51
147 3555 516.85
80 3188 563.71
123 6431 985.91
1 2663 199.79
101 6824 543.67
75 9143 696.00
11 805 698.99
81 2952 301.26
84 7495 800.50
131 9334 857.51
52 3825 842.94
42 1392 547.22
110 827 41.14
9 4419 517.07
12 1632 788.72
76 5301 92.82
2 5120 562.77
104 6197 695.94
80 3536 100.10
56 6881 961.06
19 4158 638.42
140 8985 627.03
99 5054 963.35
110 317 857.12
77 4647 164.66
109 9762 902.09
74 6505 548.19
124 8348 681.47
78 9415 227.84
61 4256 943.47
65 9794 994.09
31 1833 531.25
129 1335 290.67
124 6592 856.19
136 5970 581.66
32 7382 324.20
85 6968 32.99
49 4673 466.98
113 6084 671.02
74 1616 522.64
4 5618 434.53
140 2207 509.72
116 654 662.82
11 5443 759.13
100 4021 382.14
16 4143 59.32
79 502 419.64
13 8082 429.50
68 6072 905.04
18 9036 229.41
81 8186 618.85
125 150 207.68
84 5883 814.15
80 7619 546.23
147 603 700.74
105 6674 915.58
81 7706 384.82
63 444 448.36
53 9201 851.93
6 1226 40.31
43 8164 651.20
82 8283 704.17
51 8971 536.28
148 6127 604.55
11 5568 831.40
125 549 266.67
74 2881 764.96
1 8567 944.89
83 1255 310.04
139 7213 490.09
48 894 619.61
51 260 788.39
58 7552 925.43
77 7072 739.26
45 5873 244.86
22 5068 502.39
13 7774 507.88
105 1274 170.32
144 3572 413.05
84 159 752.07
40 9112 914.80
30 3992 667.82
130 3743 126.64
83 4866 982.64
124 9760 870.17
80 3512 752.32
85 6888 724.84
115 6356 973.82
84 2688 696.36
44 4158 984.67
86 8687 403.53
145 9643 785.11
106 6079 461.80
118 1872 908.51
133 2119 550.15
32 304 935.75
150 4008 820.84
117 8447 734.40
135 4348 932.75
24 9458 683.93
87 6299 105.99
69 1873 260.61
130 3044 16.94
49 6520 977.72
149 7289 857.70
146 6817 443.60
52 4375 405.42
67 5860 758.24
111 6797 356.43
132 4403 830.22
88 7366 489.76
103 6421 770.25
143 5173 281.29
97 1552 187.74
64 8020 710.48
84 4944 64.50
82 4839 797.77
53 1573 750.20
99 9826 429.51
89 7258 587.24
97 269 463.08
122 6809 394.35
145 3315 30.04
142 8298 61.02
121 4085 597.22
56 4633 798.05
67 1513 857.55
139 9302 529.38
90 10000 554.03
73 420 418.11
138 1584 820.43
68 6904 979.37
140 2142 646.19
28 5799 291.40
104 738 323.55
35 3190 976.53
91 8891 319.49
93 4754 558.25
73 973 737.52
3 5475 807.39
6 7556 799.56
139 1100 73.69
65 1489 583.60
55 5398 161.59
148 1505 661.04
123 7563 619.71
92 2334 259.89
89 8674 923.09
124 4287 576.15
149 1974 482.54
3 2807 193.27
83 3825 54.68
68 9953 112.19
35 4042 943.89
64 5688 649.30
50 6244 107.56
141 7725 396.89
93 3065 349.46
15 8045 635.54
88 3521 529.92
37 8787 726.42
139 6143 6.59
87 3566 452.88
56 2250 951.57
92 1260 477.34
1 9 69.11
94 3512 587.67
142 385 154.55
10 6117 492.08
58 4735 500.43
126 6720 607.48
95 5136 490.47
6 9763 143.09
20 9277 57.59
5 3122 793.85
28 4890 519.38
57 5450 806.83
116 3969 2.35
52 4721 488.28
120 3 621.15
69 5747 993.66
142 4060 816.74
103 9092 932.54
7 415 226.45
99 7097 242.43
96 5915 336.94
79 1681 266.02
98 7424 291.02
8 4583 782.15
71 9324 42.42
97 8465 118.52
80 3699 568.14
100 9389 8.10
87 6560 754.06
95 1915 221.46
85 3772 779.76
53 5352 840.16
120 3776 920.35
98 4123 531.55
90 1435 780.07
50 3463 215.18
58 1813 69.59
148 2799 999.76
1 9365 164.25
99 8420 53.07
26 1098 923.91
76 5071 353.50
14 5626 949.01
146 4579 127.87
97 2593 438.31
9 9869 418.54
52 3827 860.85
100 2695 423.06
105 251 665.92
34 9294 981.05
49 8697 384.65
2 7953 290.58
64 1870 358.31
19 9497 774.16
18 2097 522.15
101 4157 103.41
3 5523 431.50
81 1971 451.43
18 7401 221.97
149 7395 68.28
4 8197 371.48
109 6838 928.45
126 2384 621.23
61 8870 643.11
42 3870 972.93
129 3149 469.04
150 6985 154.79
75 5719 320.12
52 5420 378.11
96 565 483.76
102 5376 623.02
39 4737 718.96
29 5971 735.87
101 7457 94.78
11 8451 600.04
85 8135 66.20
78 7290 752.73
137 2503 188.69
103 4682 441.22
6 6011 51.23
29 6518 93.21
20 7547 503.55
90 2043 667.86
85 8724 322.63
13 8547 280.03
104 2874 870.47
4 2713 558.77
34 2773 885.98
75 9966 396.14
7 7641 863.18
30 4336 787.75
77 3673 395.99
6 6932 236.74
122 4591 882.85
31 4820 342.41
19 769 868.25
123 5419 429.92
105 1785 178.02
52 1546 258.04
89 112 171.41
126 7924 590.84
22 2917 394.42
62 4871 94.75
59 9358 169.99
68 2638 460.97
87 6816 405.16
18 7630 505.89
106 1538 728.31
62 8222 153.27
95 8708 528.06
128 4906 539.71
142 3824 180.21
33 6616 590.90
60 1686 348.90
80 9388 1.65
75 2620 586.57
149 9549 200.61
107 5720 939.07
65 5094 377.35
30 637 678.27
57 2008 244.06
108 8029 477.92
2 7526 606.73
148 1611 739.35
112 1954 252.28
78 4868 451.38
89 8376 635.98
109 331 751.74
146 2355 78.63
50 8025 264.97
142 4610 57.62
110 5348 327.70
137 3351 683.45
46 1424 87.30
25 8794 482.71
118 9587 200.78
57 3659 500.76
125 8783 680.61
131 7161 883.86
111 4988 897.39
15 8295 972.13
25 3281 183.00
45 4735 385.79
105 229 610.13
112 9559 4.38
66 9266 212.87
103 4258 76.21
96 2572 974.84
39 5338 230.73
124 2889 724.27
119 7591 514.17
149 7667 249.51
100 4030 360.41
53 7970 146.31
140 3003 38.48
24 477 27.63
113 7487 432.79
100 7943 629.78
150 4177 154.54
142 6901 525.80
11 4592 494.42
18 8955 748.60
130 1311 846.00
133 3383 320.43
89 8234 765.64
101 6821 41.21
114 5549 972.24
56 6809 993.54
10 2755 305.55
36 9988 76.35
136 8539 786.90
94 6457 565.91
51 3310 783.73
6 2307 380.09
26 43 8.96
115 8912 826.64
52 976 826.39
139 8146 212.06
40 7780 186.89
33 4205 92.35
108 774 849.92
95 2140 197.70
116 6252 811.02
62 934 725.02
35 5560 902.04
60 4344 248.04
88 7730 477.81
57 3031 313.59
12 7632 870.45
107 520 335.66
141 2503 477.97
117 8425 374.12
131 7320 408.10
69 4189 167.40
103 8424 49.14
136 217 153.38
38 6124 34.57
108 6667 701.71
34 554 315.90
110 3194 584.86
118 1599 376.52
18 7752 340.21
105 388 401.86
2 7978 949.58
39 2868 485.00
1 869 216.40
34 1016 553.28
109 5774 495.33
139 6819 494.77
119 2129 449.02
14 1601 674.89
145 2509 457.95
105 183 509.33
120 7151 642.87
144 1508 648.81
118 3803 689.73
10 9815 272.95
57 97 79.59
105 7534 468.72
121 1305 984.18
16 9595 482.58
22 5871 785.31
131 8247 746.54
59 6482 20.78
27 4501 722.99
79 8621 445.46
25 1597 319.87
80 6692 774.98
55 2117 75.12
106 7421 341.25
38 4767 366.73
122 911 840.25
127 5247 72.60
47 5783 902.17
5 5409 453.82
40 1918 622.84
120 8403 558.91
63 319 152.15
84 7394 447.36
123 2748 599.80
27 5619 56.25
74 21 157.07
9 4675 213.05
111 7375 773.87
106 8984 377.14
109 4588 228.84
71 1938 789.74
124 31 889.23
142 3148 102.91
67 389 829.23
140 9364 459.78
61 8684 632.77
131 5123 906.23
80 2304 736.89
24 411 864.50
125 4146 657.21
8 9586 239.26
41 7807 938.21
146 48 919.62
22 8016 854.68
24 9885 771.45
15 818 573.71
126 269 704.51
137 6026 510.80
10 2770 749.24
51 3686 783.14
144 9736 73.54
64 7089 640.40
145 3331 855.54
99 7309 285.56
19 9739 972.45
147 2592 400.94
127 7102 75.12
62 2522 648.56
96 9453 373.46
38 7343 263.96
29 6647 419.50
35 4653 359.45
56 4242 108.19
128 9384 476.95
68 9616 219.15
73 9571 360.26
101 5579 633.34
43 2648 440.89
44 5377 813.62
129 2401 874.21
20 7905 391.78
55 7306 643.79
44 3689 657.68
119 2788 162.42
37 8939 398.72
21 3994 267.13
48 6088 442.28
78 6749 183.13
130 1810 805.24
40 6113 628.09
76 4207 958.46
38 4730 385.53
7 9552 548.76
74 3676 673.76
147 4448 478.78
37 7120 916.45
71 5063 570.07
131 3177 624.57
77 4142 517.32
128 67 646.05
27 4826 137.34
17 9170 962.06
30 7565 725.26
51 4590 426.76
62 1821 728.62
5 5187 969.57
114 8371 890.24
132 8875 722.21
130 1985 814.98
12 1717 615.69
31 2169 6.81
50 1455 384.89
116 6356 979.82
54 899 837.61
11 7105 434.12
133 6524 868.38
120 8157 912.54
52 8698 830.51
11 9952 620.67
13 3628 434.03
66 4678 508.39
14 1623 856.19
134 1505 174.19
5 6073 906.59
82 1393 493.84
135 6817 900.44
17 6309 117.08
27 4533 925.01
102 3285 29.60
148 1371 311.17
149 5945 399.35
132 4868 407.12
37 7610 354.43
136 3861 976.86
45 8733 885.10
122 8488 412.08
36 1750 921.95
128 6109 730.17
24 5353 265.31
104 3087 275.87
32 5487 544.27
118 7471 782.36
64 1421 804.71
137 3880 203.24
147 7583 98.96
66 2307 975.38
46 596 731.45
114 5083 212.84
139 8923 380.99
26 8158 22.10
83 1727 668.01
125 9708 473.72
30 1142 613.07
138 5000 528.89
22 7626 127.34
62 9318 839.91
23 2631 212.08
66 8590 34.97
118 3937 855.63
136 7705 704.90
91 7242 478.75
40 9706 42.79
139 1477 786.64
129 8206 687.75
62 313 609.69
25 39 357.25
58 5168 833.11
140 5875 274.55
117 4326 948.01
20 4950 149.73
22 3976 762.20
85 5674 176.96
4 5138 379.77
16 2665 354.87
100 2434 804.45
98 2154 5.78
141 8460 704.98
123 9191 583.19
46 2917 761.72
116 14 455.71
140 8860 900.96
78 7955 304.00
146 5874 532.90
88 5492 559.45
64 5802 626.59
145 2551 739.22
142 5905 464.02
133 6613 149.37
7 603 203.40
90 1261 279.72
26 6064 713.96
49 4607 159.96
143 9559 84.50
6 3824 8.49
37 9023 3.73
72 1272 939.87
18 4163 571.71
77 1231 905.90
62 1313 741.25
144 5565 600.99
21 7800 913.14
130 6118 75.48
2 8606 714.91
54 4931 172.67
145 1483 731.15
45 7301 273.17
63 1549 902.97
123 4171 223.40
150 9996 579.26
36 1977 714.63
97 5737 492.86
129 2176 7.24
126 1982 221.56
21 7963 966.67
146 9838 437.17
84 8865 74.47
17 5721 499.98
35 1518 747.88
91 1321 206.24
27 8144 633.01
90 8527 475.29
79 2790 661.42
62 2386 142.54
128 8680 458.05
147 4090 829.23
97 795 479.35
58 2410 891.50
9 4102 412.09
87 2734 68.36
29 3515 711.29
148 1419 946.60
65 942 118.22
89 2412 498.90
76 9016 7.18
88 3331 442.48
46 5770 829.19
149 5652 435.08
17 2742 483.69
64 8175 744.89
12 4252 735.58
144 8233 364.51
120 5551 68.06
105 2797 950.09
150 2523 174.75
100 3467 488.91
87 647 257.50
83 1244 566.84
113 1223 385.86
24 6309 140.31
1 4888 494.68
120
74
22 115 1.67 799.93 841.30 126 2.37 821.28 867.89 82 9.70 193.80 235.58 73 9.15 688.56 730.56 94 9.93 977.73 1015.21 7 9.23 604.87 649.55 46 3.98 714.74 763.99 120 2.45 0.00 32.58 146 2.94 192.00 241.88 136 2.43 912.36 948.85 62 9.71 334.32 384.63 105 5.87 447.77 489.68 142 3.10 670.92 731.39 71 2.59 748.87 811.37 128 8.28 651.86 698.12 54 1.24 524.41 562.18 140 9.94 535.42 572.85 58 2.82 425.39 486.47 21 2.08 296.11 352.35 5 5.00 789.92 855.42 90 8.68 662.21 722.24 48 1.60 862.17 906.72 
15 131 3.29 729.82 792.70 17 3.99 697.42 741.31 77 5.95 820.56 877.39 8 7.79 290.67 350.70 133 6.02 829.07 876.87 101 9.44 265.83 320.68 13 7.76 589.72 642.01 91 5.62 393.31 457.94 125 7.06 454.57 513.05 6 7.99 527.36 565.23 92 5.49 655.49 715.54 130 6.12 391.12 449.88 11 8.72 575.97 637.01 147 7.57 734.71 782.06 52 2.11 642.88 699.85 
6 69 3.97 952.97 998.21 39 9.75 689.93 744.64 43 2.57 837.35 892.44 114 5.53 1106.96 1167.84 72 2.00 1305.35 1357.19 107 2.68 895.49 932.48 
9 99 7.06 1233.61 1297.97 89 4.62 1388.63 1455.20 12 4.09 1418.09 1461.50 32 8.13 1435.55 1469.23 137 6.20 1702.78 1747.63 119 8.91 1384.54 1435.62 85 7.89 1131.89 1190.47 26 5.47 1134.87 1168.91 111 4.61 1812.74 1861.27 
5 61 4.78 1745.33 1804.48 53 4.95 1536.00 1602.37 36 2.59 1989.76 2051.43 127 8.49 1734.60 1771.91 148 6.98 1685.37 1738.85 
3 81 5.66 2190.91 2231.46 121 9.74 2682.36 2728.70 42 2.34 2488.87 2555.02 
6 4 9.79 2979.60 3027.71 55 2.70 2769.62 2811.16 19 7.18 2808.54 2853.41 33 7.21 2910.75 2946.63 66 3.00 2851.72 2908.47 22 9.27 2942.05 3002.88 
20 70 4.42 3217.03 3251.67 143 6.86 3387.92 3438.66 57 7.95 3092.35 3139.16 23 3.15 3281.11 3333.55 83 3.30 3543.86 3577.93 15 4.77 3757.09 3813.47 112 9.12 3462.18 3499.73 84 7.35 3173.73 3219.26 10 3.75 3292.22 3326.02 24 5.35 3260.49 3305.84 44 8.93 3654.99 3716.36 118 5.91 3365.63 3404.69 102 5.17 3189.85 3230.63 49 9.74 3458.29 3493.14 86 4.59 3394.74 3459.80 29 8.31 3251.25 3301.52 56 7.66 2907.37 2940.97 76 2.12 3301.13 3357.75 88 8.23 3107.73 3156.27 14 8.05 3694.54 3755.49 
11 117 3.83 3546.03 3595.34 124 4.53 3556.64 3608.34 1 9.38 3351.27 3385.19 116 3.97 3175.75 3217.38 31 4.80 3578.62 3642.30 59 1.72 3596.73 3635.38 30 2.74 3850.35 3892.98 98 1.87 3396.47 3429.85 67 4.58 3551.12 3600.53 20 2.20 3391.94 3455.66 106 6.17 3390.98 3426.02 
6 35 8.18 3887.00 3943.45 65 9.61 3886.08 3941.02 3 1.20 3948.56 4002.18 108 7.75 3861.12 3919.58 64 3.16 3780.27 3817.28 109 8.74 4188.86 4247.76 
12 51 7.17 4326.66 4364.56 135 6.49 4240.17 4279.74 75 5.60 4278.93 4341.88 79 1.24 4366.98 4421.31 28 2.48 4271.38 4306.39 95 5.28 4332.86 4380.24 129 1.60 4467.98 4512.60 97 3.07 4132.07 4192.46 18 8.59 4476.98 4514.51 145 1.12 4455.53 4510.57 25 6.46 4106.98 4140.70 110 1.91 4325.74 4377.34 
6 87 2.96 4619.59 4684.52 34 5.30 4610.13 4674.82 132 7.85 4650.07 4697.06 138 1.24 4712.22 4769.90 47 6.87 4637.66 4701.95 123 8.60 4467.36 4508.05 
15 103 1.88 4835.02 4877.70 93 9.73 5535.70 5600.83 149 7.98 4962.79 5026.12 27 7.09 4530.53 4574.58 60 1.15 5055.71 5112.25 63 2.60 5319.17 5372.40 80 1.96 4848.56 4901.65 45 8.48 5043.75 5107.61 100 3.23 4796.79 4848.76 2 7.81 5080.40 5146.29 104 6.52 4985.18 5031.92 122 4.60 5507.63 5557.97 37 8.55 4840.10 4901.90 139 5.23 5059.84 5107.58 141 1.01 5289.95 5337.87 
12 144 3.69 5333.27 5391.11 78 5.43 5404.61 5468.89 113 2.35 5452.32 5487.78 96 9.62 4976.06 5029.50 40 2.07 5403.51 5469.30 38 6.19 5139.49 5194.82 134 1.48 5175.79 5210.68 150 9.18 5052.08 5116.31 41 3.65 5600.83 5657.32 9 5.22 5361.47 5419.10 50 3.41 5476.34 5541.64 16 4.51 5479.01 5513.12 
2 68 7.71 5621.31 5679.00 74 8.81 5945.08 5984.57 
