150 1200 0 1 15
9
8
9
9
7
6
5
9
6
10
9
2
7
6
9
8
9
8
6
5
8
11
7
3
8
10
3
7
4
13
8
8
9
11
7
10
8
10
7
11
10
8
7
9
3
7
5
5
6
11
3
10
8
8
9
9
12
7
13
4
7
8
10
8
10
7
13
5
12
7
4
11
10
9
10
9
4
18
7
3
5
7
11
7
4
10
10
9
9
8
10
11
9
5
14
5
8
6
8
8
15
8
7
12
10
10
4
6
4
8
5
12
10
9
7
9
9
9
4
6
12
8
8
8
7
10
7
6
9
9
10
8
7
3
8
10
10
9
5
9
10
6
7
5
10
10
6
6
7
6
61 5573.0 40.53
131 4530.0 597.9
130 2359.0 542.74
21 317.0 58.1
16 9730.0 631.9
29 3122.0 424.15
94 1303.0 842.42
68 4100.0 906.4
2 1.0 423.73
48 7537.0 655.87
125 2249.0 930.5
148 5273.0 345.04
67 8059.0 255.36
118 505.0 445.23
16 5213.0 790.4
29 9838.0 695.72
3 1317.0 558.12
87 8709.0 288.14
55 4189.0 146.67
129 8908.0 579.68
62 5385.0 564.99
25 1092.0 147.27
139 1948.0 151.02
90 7223.0 20.91
133 5253.0 554.85
4 7560.0 687.64
80 9594.0 388.76
8 584.0 928.86
47 4666.0 180.61
43 4840.0 190.72
148 2285.0 476.69
147 2758.0 257.83
138 9600.0 980.43
149 2079.0 985.49
5 4589.0 160.38
52 7854.0 670.4
37 3301.0 768.0
104 4875.0 838.34
53 8556.0 173.38
13 4945.0 130.9
57 4899.0 317.41
6 5331.0 882.98
108 5110.0 400.4
11 7906.0 418.46
51 783.0 516.42
37 1073.0 495.55
79 317.0 116.32
7 2191.0 758.12
34 6082.0 144.75
80 7829.0 214.86
35 941.0 196.01
82 1302.0 596.32
8 471.0 843.12
120 861.0 864.03
73 9923.0 529.98
25 7944.0 540.74
127 1388.0 533.53
28 4706.0 116.9
94 6341.0 950.32
67 5963.0 797.76
79 3209.0 279.07
9 6793.0 553.55
58 6447.0 302.15
140 2148.0 3.74
112 2797.0 70.79
23 4684.0 199.0
86 4856.0 48.25
10 6797.0 414.12
54 5419.0 892.44
76 9817.0 408.91
87 3631.0 773.26
132 6405.0 693.48
118 2887.0 76.04
139 9499.0 6.63
123 8982.0 275.28
22 9216.0 673.87
53 2927.0 903.5
11 9352.0 331.09
9 1101.0 227.4
65 4658.0 803.58
117 1914.0 601.35
47 5746.0 748.27
71 3792.0 665.6
19 5267.0 155.37
25 7242.0 605.38
55 2532.0 486.16
12 3837.0 49.98
47 7749.0 685.0
13 5197.0 712.7
50 3807.0 737.9
6 1273.0 564.7
121 1093.0 335.73
7 3607.0 997.02
64 4727.0 839.92
104 3755.0 851.37
14 8314.0 662.46
56 80.0 785.64
100 5665.0 805.18
87 9316.0 405.65
57 5940.0 801.6
61 7826.0 626.36
15 346.0 97.53
73 4763.0 831.4
12 9556.0 570.51
55 5756.0 600.14
38 8618.0 454.23
90 1232.0 741.2
4 1211.0 375.08
74 1329.0 102.53
83 6111.0 590.64
16 535.0 969.89
54 82.0 104.0
97 4360.0 276.73
28 8638.0 645.77
48 9560.0 445.15
45 8421.0 575.36
29 3612.0 687.19
100 8338.0 717.76
17 5300.0 960.39
67 9254.0 775.49
43 5672.0 507.34
93 1970.0 952.16
123 605.0 104.18
77 4448.0 827.3
147 8676.0 487.68
57 3829.0 275.32
115 1000.0 624.27
18 6715.0 341.89
134 6850.0 786.24
56 5150.0 71.16
110 6324.0 500.36
25 3545.0 57.53
7 9615.0 404.9
1 6765.0 669.01
83 61.0 596.73
19 78.0 487.75
12 5398.0 306.76
70 7508.0 687.33
68 1378.0 37.3
57 1334.0 560.91
110 6484.0 860.6
20 3837.0 105.98
16 7859.0 378.98
52 9426.0 420.18
30 3393.0 966.67
98 6220.0 451.19
21 669.0 394.21
108 4507.0 454.64
5 3662.0 624.21
96 1440.0 830.79
86 6829.0 255.72
100 4219.0 4.75
20 8251.0 453.04
118 4556.0 596.44
22 4177.0 980.23
61 2157.0 126.43
114 4920.0 331.79
41 5212.0 108.12
148 8229.0 491.99
36 8020.0 329.65
51 3093.0 185.01
91 56.0 648.94
17 804.0 331.71
72 7090.0 702.09
135 2516.0 198.9
23 6872.0 983.37
38 9426.0 95.28
109 5258.0 334.59
17 5241.0 949.97
19 8096.0 126.82
116 618.0 488.7
43 8341.0 751.81
24 5893.0 574.07
131 7152.0 444.82
21 2835.0 10.24
25 9310.0 650.62
120 116.0 731.66
64 7736.0 992.92
126 6028.0 589.06
63 965.0 943.2
78 1053.0 542.58
107 7082.0 331.79
73 8607.0 910.99
26 8466.0 280.84
56 14.0 647.59
41 2847.0 740.43
116 5574.0 181.55
38 9476.0 680.58
85 9860.0 814.0
77 3807.0 148.53
81 733.0 619.95
86 315.0 222.7
4 6915.0 78.05
27 5272.0 696.69
145 1628.0 686.73
90 4322.0 503.04
28 921.0 776.26
64 9945.0 552.82
36 8477.0 461.85
97 8941.0 822.85
7 2380.0 206.36
18 7882.0 444.57
54 9346.0 575.66
29 6543.0 609.22
147 7656.0 454.36
112 7193.0 908.13
101 3461.0 405.28
30 4163.0 738.37
66 597.0 938.67
5 1456.0 269.85
79 2323.0 228.63
18 1562.0 261.0
11 4175.0 842.64
105 1108.0 811.07
20 5600.0 908.54
119 8723.0 955.69
101 6748.0 685.84
91 5431.0 357.16
138 8664.0 665.53
48 6296.0 924.23
31 7016.0 10.53
25 2810.0 35.25
128 226.0 924.92
85 8320.0 703.76
18 9749.0 596.37
14 7001.0 466.51
26 3728.0 557.41
126 7093.0 897.81
32 9108.0 997.07
128 1723.0 453.59
34 3174.0 782.35
56 8356.0 926.83
61 1090.0 791.42
76 8983.0 918.07
85 8311.0 660.43
140 7645.0 554.25
33 7626.0 143.03
44 6533.0 749.77
4 8396.0 789.6
26 3855.0 476.86
50 178.0 321.41
43 3809.0 477.47
66 331.0 282.5
96 6964.0 902.23
13 3891.0 602.06
34 2626.0 340.83
97 1770.0 400.41
86 1834.0 785.3
23 9140.0 912.4
137 2564.0 456.94
100 1632.0 504.24
20 5084.0 867.55
82 1920.0 391.94
77 8184.0 294.55
58 5864.0 203.63
85 6530.0 480.13
35 475.0 469.96
122 1674.0 506.97
2 8834.0 42.79
24 6340.0 996.67
90 8970.0 637.36
60 5995.0 697.27
66 4698.0 602.62
36 7365.0 664.67
21 8125.0 468.1
108 1844.0 318.85
122 9834.0 666.25
4 5280.0 112.92
68 6811.0 826.4
99 3358.0 122.65
59 9764.0 703.94
63 5978.0 591.44
98 1661.0 53.02
37 3284.0 317.08
96 9439.0 123.23
2 5682.0 317.91
81 8319.0 364.21
45 5710.0 297.06
4 301.0 608.84
86 3346.0 996.03
123 1366.0 898.69
38 6330.0 747.93
106 6620.0 449.79
117 5279.0 901.95
113 6843.0 513.74
115 5174.0 209.8
66 6590.0 885.65
31 5760.0 850.92
134 1963.0 26.08
64 8135.0 738.24
127 6944.0 500.19
39 7568.0 94.58
78 9477.0 900.85
22 7043.0 844.83
70 1.0 638.89
66 2432.0 956.45
6 6211.0 244.31
36 1017.0 432.66
40 9916.0 695.62
59 1946.0 673.31
25 8703.0 582.23
136 5644.0 372.59
45 2847.0 290.6
116 1176.0 50.86
37 4073.0 626.67
57 2997.0 572.99
47 1851.0 320.57
19 2030.0 828.26
58 811.0 768.12
41 3656.0 609.08
22 5793.0 957.5
107 1504.0 979.41
144 217.0 237.36
71 2025.0 185.31
57 2569.0 818.27
62 4549.0 546.72
102 8363.0 549.35
75 6877.0 680.52
143 2445.0 340.53
42 2472.0 744.23
150 9041.0 834.83
21 447.0 970.05
108 4089.0 494.48
131 5872.0 947.9
129 2791.0 966.7
91 2803.0 985.93
97 5465.0 415.51
43 9831.0 181.96
26 4438.0 715.33
59 7462.0 777.56
73 9114.0 448.63
83 8828.0 510.22
138 6265.0 771.42
117 7843.0 501.13
44 7231.0 610.27
59 4978.0 604.01
82 2315.0 771.79
138 3210.0 427.64
137 222.0 788.06
46 9785.0 489.17
95 9759.0 1.58
26 2239.0 77.73
16 2165.0 652.02
45 7538.0 167.66
11 1603.0 78.72
8 4781.0 388.27
46 6519.0 242.83
110 3330.0 800.88
118 9389.0 74.35
77 6158.0 257.97
104 9548.0 259.05
69 8909.0 732.65
29 8136.0 616.19
47 728.0 495.94
62 7829.0 964.95
102 1505.0 854.28
23 9981.0 613.17
89 5184.0 718.1
48 6320.0 543.63
5 8041.0 402.36
1 1042.0 994.55
26 6884.0 153.81
21 5289.0 510.2
49 8852.0 568.76
45 9113.0 413.39
16 593.0 835.1
1 9732.0 132.71
15 8709.0 716.93
78 7196.0 885.15
50 2729.0 615.72
43 5834.0 598.76
86 6035.0 494.73
99 8355.0 598.95
90 7806.0 281.98
24 1845.0 431.55
35 5368.0 285.02
108 5771.0 825.01
67 7437.0 979.77
9 9874.0 347.5
106 1432.0 42.87
51 4367.0 505.6
129 502.0 397.61
23 8668.0 681.46
52 7669.0 29.39
65 6807.0 710.84
16 9091.0 845.91
43 8423.0 468.05
58 9635.0 140.47
42 3172.0 371.83
89 330.0 78.01
4 1715.0 466.02
40 2912.0 979.04
17 966.0 338.11
53 4780.0 220.3
21 2435.0 89.71
28 6936.0 551.75
129 4125.0 420.07
66 8021.0 956.2
150 8926.0 673.41
25 9860.0 145.5
68 8094.0 143.53
54 2379.0 244.16
72 1337.0 423.12
49 5404.0 981.81
124 4234.0 811.87
146 6226.0 125.09
25 3224.0 364.97
59 3345.0 755.84
116 5003.0 7.51
55 2751.0 557.21
65 7980.0 423.65
50 2768.0 447.07
14 9610.0 931.92
95 7258.0 233.31
15 2041.0 992.19
85 9644.0 724.45
53 807.0 866.06
129 7947.0 629.76
56 3595.0 131.07
138 5277.0 171.08
38 3724.0 26.88
140 5503.0 475.55
32 350.0 828.39
40 8072.0 425.6
100 5768.0 339.14
103 3104.0 259.01
39 6722.0 670.04
57 1666.0 382.57
112 6534.0 710.51
38 8292.0 681.16
40 1648.0 625.74
82 9702.0 135.1
146 1933.0 137.35
97 6027.0 99.71
13 5835.0 533.83
78 2279.0 300.39
129 7943.0 632.98
8 739.0 238.65
24 7563.0 234.41
58 4868.0 797.75
8 1233.0 793.64
53 8672.0 783.69
73 3912.0 253.63
114 8147.0 664.49
133 4244.0 979.46
83 5975.0 458.3
59 8982.0 142.87
114 4746.0 180.6
99 5383.0 95.67
124 8997.0 190.27
127 562.0 39.29
125 2432.0 854.01
131 6677.0 582.27
122 5260.0 680.38
33 3860.0 192.65
42 784.0 821.19
68 4762.0 191.95
41 6926.0 389.27
31 284.0 739.74
60 9097.0 448.41
150 1554.0 421.96
116 7711.0 846.55
91 1770.0 142.55
61 606.0 195.01
89 4420.0 918.21
12 2685.0 410.59
112 9810.0 372.79
79 5259.0 649.78
140 4675.0 398.28
128 8200.0 741.6
62 9052.0 255.23
44 8667.0 394.56
9 111.0 739.83
70 1627.0 80.33
84 9416.0 512.45
42 3434.0 914.28
111 313.0 829.41
98 3085.0 26.86
63 5048.0 399.46
75 1039.0 646.65
127 364.0 604.81
28 6336.0 820.63
112 3238.0 48.19
89 6037.0 226.99
98 5300.0 453.82
17 3255.0 195.64
106 4368.0 783.69
103 6810.0 413.72
64 5166.0 573.99
3 6135.0 893.55
97 5665.0 839.14
29 1023.0 709.06
90 9165.0 789.63
67 4317.0 140.09
126 2932.0 298.87
43 1941.0 358.82
65 3192.0 687.92
104 2138.0 320.68
142 7990.0 970.22
97 4641.0 325.89
130 1988.0 563.44
56 3826.0 233.83
12 4989.0 470.42
76 8317.0 112.69
61 9879.0 53.91
39 3705.0 221.9
66 9872.0 87.38
29 9374.0 852.88
19 3969.0 644.22
53 3494.0 834.52
1 5851.0 230.35
88 7521.0 248.9
124 6894.0 444.61
67 4943.0 437.95
135 530.0 317.93
46 9284.0 750.13
80 1543.0 432.63
5 6600.0 790.75
99 4471.0 885.45
75 1316.0 368.38
23 6524.0 838.11
27 919.0 377.47
138 2769.0 91.23
52 2973.0 682.27
147 4680.0 70.13
48 5150.0 276.15
68 2663.0 12.73
78 5952.0 730.44
62 2444.0 848.29
97 6943.0 207.51
149 2157.0 92.64
69 908.0 295.25
64 7338.0 582.99
129 186.0 830.96
40 5129.0 181.91
17 7256.0 420.16
80 1626.0 578.1
115 2927.0 318.54
104 2792.0 926.56
35 7958.0 428.87
61 2406.0 788.83
78 4468.0 148.63
123 221.0 359.27
70 9483.0 63.64
104 9635.0 29.28
97 9653.0 545.72
47 6329.0 415.88
10 7138.0 947.77
143 6331.0 499.82
145 1261.0 352.08
71 738.0 860.14
38 8112.0 121.95
114 3325.0 357.98
43 4605.0 122.53
72 5010.0 976.5
86 133.0 151.84
66 3452.0 794.24
31 6656.0 91.94
82 5855.0 854.16
135 4295.0 182.13
104 8141.0 269.33
9 4454.0 789.29
17 9927.0 650.94
96 6469.0 663.05
107 5345.0 267.61
73 3844.0 4.58
49 1252.0 247.59
114 55.0 480.53
122 6836.0 705.5
125 7848.0 118.34
115 9726.0 462.52
27 6854.0 459.93
119 2577.0 93.98
68 5000.0 932.71
94 9145.0 286.91
74 2773.0 456.19
57 7006.0 787.1
149 7652.0 890.52
22 5294.0 636.51
147 3555.0 516.85
80 3188.0 563.71
123 6431.0 985.91
1 2663.0 199.79
101 6824.0 543.67
75 9143.0 696.0
11 805.0 698.99
81 2952.0 301.26
84 7495.0 800.5
131 9334.0 857.51
52 3825.0 842.94
42 1392.0 547.22
110 827.0 41.14
9 4419.0 517.07
12 1632.0 788.72
76 5301.0 92.82
2 5120.0 562.77
104 6197.0 695.94
80 3536.0 100.1
56 6881.0 961.06
19 4158.0 638.42
140 8985.0 627.03
99 5054.0 963.35
110 317.0 857.12
77 4647.0 164.66
109 9762.0 902.09
74 6505.0 548.19
124 8348.0 681.47
78 9415.0 227.84
61 4256.0 943.47
65 9794.0 994.09
31 1833.0 531.25
129 1335.0 290.67
124 6592.0 856.19
136 5970.0 581.66
32 7382.0 324.2
85 6968.0 32.99
49 4673.0 466.98
113 6084.0 671.02
74 1616.0 522.64
4 5618.0 434.53
140 2207.0 509.72
116 654.0 662.82
11 5443.0 759.13
100 4021.0 382.14
16 4143.0 59.32
79 502.0 419.64
13 8082.0 429.5
68 6072.0 905.04
18 9036.0 229.41
81 8186.0 618.85
125 150.0 207.68
84 5883.0 814.15
80 7619.0 546.23
147 603.0 700.74
105 6674.0 915.58
81 7706.0 384.82
63 444.0 448.36
53 9201.0 851.93
6 1226.0 40.31
43 8164.0 651.2
82 8283.0 704.17
51 8971.0 536.28
148 6127.0 604.55
11 5568.0 831.4
125 549.0 266.67
74 2881.0 764.96
1 8567.0 944.89
83 1255.0 310.04
139 7213.0 490.09
48 894.0 619.61
51 260.0 788.39
58 7552.0 925.43
77 7072.0 739.26
45 5873.0 244.86
22 5068.0 502.39
13 7774.0 507.88
105 1274.0 170.32
144 3572.0 413.05
84 159.0 752.07
40 9112.0 914.8
30 3992.0 667.82
130 3743.0 126.64
83 4866.0 982.64
124 9760.0 870.17
80 3512.0 752.32
85 6888.0 724.84
115 6356.0 973.82
84 2688.0 696.36
44 4158.0 984.67
86 8687.0 403.53
145 9643.0 785.11
106 6079.0 461.8
118 1872.0 908.51
133 2119.0 550.15
32 304.0 935.75
150 4008.0 820.84
117 8447.0 734.4
135 4348.0 932.75
24 9458.0 683.93
87 6299.0 105.99
69 1873.0 260.61
130 3044.0 16.94
49 6520.0 977.72
149 7289.0 857.7
146 6817.0 443.6
52 4375.0 405.42
67 5860.0 758.24
111 6797.0 356.43
132 4403.0 830.22
88 7366.0 489.76
103 6421.0 770.25
143 5173.0 281.29
97 1552.0 187.74
64 8020.0 710.48
84 4944.0 64.5
82 4839.0 797.77
53 1573.0 750.2
99 9826.0 429.51
89 7258.0 587.24
97 269.0 463.08
122 6809.0 394.35
145 3315.0 30.04
142 8298.0 61.02
121 4085.0 597.22
56 4633.0 798.05
67 1513.0 857.55
139 9302.0 529.38
90 10000.0 554.03
73 420.0 418.11
138 1584.0 820.43
68 6904.0 979.37
140 2142.0 646.19
28 5799.0 291.4
104 738.0 323.55
35 3190.0 976.53
91 8891.0 319.49
93 4754.0 558.25
73 973.0 737.52
3 5475.0 807.39
6 7556.0 799.56
139 1100.0 73.69
65 1489.0 583.6
55 5398.0 161.59
148 1505.0 661.04
123 7563.0 619.71
92 2334.0 259.89
89 8674.0 923.09
124 4287.0 576.15
149 1974.0 482.54
3 2807.0 193.27
83 3825.0 54.68
68 9953.0 112.19
35 4042.0 943.89
64 5688.0 649.3
50 6244.0 107.56
141 7725.0 396.89
93 3065.0 349.46
15 8045.0 635.54
88 3521.0 529.92
37 8787.0 726.42
139 6143.0 6.59
87 3566.0 452.88
56 2250.0 951.57
92 1260.0 477.34
1 9.0 69.11
94 3512.0 587.67
142 385.0 154.55
10 6117.0 492.08
58 4735.0 500.43
126 6720.0 607.48
95 5136.0 490.47
6 9763.0 143.09
20 9277.0 57.59
5 3122.0 793.85
28 4890.0 519.38
57 5450.0 806.83
116 3969.0 2.35
52 4721.0 488.28
120 3.0 621.15
69 5747.0 993.66
142 4060.0 816.74
103 9092.0 932.54
7 415.0 226.45
99 7097.0 242.43
96 5915.0 336.94
79 1681.0 266.02
98 7424.0 291.02
8 4583.0 782.15
71 9324.0 42.42
97 8465.0 118.52
80 3699.0 568.14
100 9389.0 8.1
87 6560.0 754.06
95 1915.0 221.46
85 3772.0 779.76
53 5352.0 840.16
120 3776.0 920.35
98 4123.0 531.55
90 1435.0 780.07
50 3463.0 215.18
58 1813.0 69.59
148 2799.0 999.76
1 9365.0 164.25
99 8420.0 53.07
26 1098.0 923.91
76 5071.0 353.5
14 5626.0 949.01
146 4579.0 127.87
97 2593.0 438.31
9 9869.0 418.54
52 3827.0 860.85
100 2695.0 423.06
105 251.0 665.92
34 9294.0 981.05
49 8697.0 384.65
2 7953.0 290.58
64 1870.0 358.31
19 9497.0 774.16
18 2097.0 522.15
101 4157.0 103.41
3 5523.0 431.5
81 1971.0 451.43
18 7401.0 221.97
149 7395.0 68.28
4 8197.0 371.48
109 6838.0 928.45
126 2384.0 621.23
61 8870.0 643.11
42 3870.0 972.93
129 3149.0 469.04
150 6985.0 154.79
75 5719.0 320.12
52 5420.0 378.11
96 565.0 483.76
102 5376.0 623.02
39 4737.0 718.96
29 5971.0 735.87
101 7457.0 94.78
11 8451.0 600.04
85 8135.0 66.2
78 7290.0 752.73
137 2503.0 188.69
103 4682.0 441.22
6 6011.0 51.23
29 6518.0 93.21
20 7547.0 503.55
90 2043.0 667.86
85 8724.0 322.63
13 8547.0 280.03
104 2874.0 870.47
4 2713.0 558.77
34 2773.0 885.98
75 9966.0 396.14
7 7641.0 863.18
30 4336.0 787.75
77 3673.0 395.99
6 6932.0 236.74
122 4591.0 882.85
31 4820.0 342.41
19 769.0 868.25
123 5419.0 429.92
105 1785.0 178.02
52 1546.0 258.04
89 112.0 171.41
126 7924.0 590.84
22 2917.0 394.42
62 4871.0 94.75
59 9358.0 169.99
68 2638.0 460.97
87 6816.0 405.16
18 7630.0 505.89
106 1538.0 728.31
62 8222.0 153.27
95 8708.0 528.06
128 4906.0 539.71
142 3824.0 180.21
33 6616.0 590.9
60 1686.0 348.9
80 9388.0 1.65
75 2620.0 586.57
149 9549.0 200.61
107 5720.0 939.07
65 5094.0 377.35
30 637.0 678.27
57 2008.0 244.06
108 8029.0 477.92
2 7526.0 606.73
148 1611.0 739.35
112 1954.0 252.28
78 4868.0 451.38
89 8376.0 635.98
109 331.0 751.74
146 2355.0 78.63
50 8025.0 264.97
142 4610.0 57.62
110 5348.0 327.7
137 3351.0 683.45
46 1424.0 87.3
25 8794.0 482.71
118 9587.0 200.78
57 3659.0 500.76
125 8783.0 680.61
131 7161.0 883.86
111 4988.0 897.39
15 8295.0 972.13
25 3281.0 183.0
45 4735.0 385.79
105 229.0 610.13
112 9559.0 4.38
66 9266.0 212.87
103 4258.0 76.21
96 2572.0 974.84
39 5338.0 230.73
124 2889.0 724.27
119 7591.0 514.17
149 7667.0 249.51
100 4030.0 360.41
53 7970.0 146.31
140 3003.0 38.48
24 477.0 27.63
113 7487.0 432.79
100 7943.0 629.78
150 4177.0 154.54
142 6901.0 525.8
11 4592.0 494.42
18 8955.0 748.6
130 1311.0 846.0
133 3383.0 320.43
89 8234.0 765.64
101 6821.0 41.21
114 5549.0 972.24
56 6809.0 993.54
10 2755.0 305.55
36 9988.0 76.35
136 8539.0 786.9
94 6457.0 565.91
51 3310.0 783.73
6 2307.0 380.09
26 43.0 8.96
115 8912.0 826.64
52 976.0 826.39
139 8146.0 212.06
40 7780.0 186.89
33 4205.0 92.35
108 774.0 849.92
95 2140.0 197.7
116 6252.0 811.02
62 934.0 725.02
35 5560.0 902.04
60 4344.0 248.04
88 7730.0 477.81
57 3031.0 313.59
12 7632.0 870.45
107 520.0 335.66
141 2503.0 477.97
117 8425.0 374.12
131 7320.0 408.1
69 4189.0 167.4
103 8424.0 49.14
136 217.0 153.38
38 6124.0 34.57
108 6667.0 701.71
34 554.0 315.9
110 3194.0 584.86
118 1599.0 376.52
18 7752.0 340.21
105 388.0 401.86
2 7978.0 949.58
39 2868.0 485.0
1 869.0 216.4
34 1016.0 553.28
109 5774.0 495.33
139 6819.0 494.77
119 2129.0 449.02
14 1601.0 674.89
145 2509.0 457.95
105 183.0 509.33
120 7151.0 642.87
144 1508.0 648.81
118 3803.0 689.73
10 9815.0 272.95
57 97.0 79.59
105 7534.0 468.72
121 1305.0 984.18
16 9595.0 482.58
22 5871.0 785.31
131 8247.0 746.54
59 6482.0 20.78
27 4501.0 722.99
79 8621.0 445.46
25 1597.0 319.87
80 6692.0 774.98
55 2117.0 75.12
106 7421.0 341.25
38 4767.0 366.73
122 911.0 840.25
127 5247.0 72.6
47 5783.0 902.17
5 5409.0 453.82
40 1918.0 622.84
120 8403.0 558.91
63 319.0 152.15
84 7394.0 447.36
123 2748.0 599.8
27 5619.0 56.25
74 21.0 157.07
9 4675.0 213.05
111 7375.0 773.87
106 8984.0 377.14
109 4588.0 228.84
71 1938.0 789.74
124 31.0 889.23
142 3148.0 102.91
67 389.0 829.23
140 9364.0 459.78
61 8684.0 632.77
131 5123.0 906.23
80 2304.0 736.89
24 411.0 864.5
125 4146.0 657.21
8 9586.0 239.26
41 7807.0 938.21
146 48.0 919.62
22 8016.0 854.68
24 9885.0 771.45
15 818.0 573.71
126 269.0 704.51
137 6026.0 510.8
10 2770.0 749.24
51 3686.0 783.14
144 9736.0 73.54
64 7089.0 640.4
145 3331.0 855.54
99 7309.0 285.56
19 9739.0 972.45
147 2592.0 400.94
127 7102.0 75.12
62 2522.0 648.56
96 9453.0 373.46
38 7343.0 263.96
29 6647.0 419.5
35 4653.0 359.45
56 4242.0 108.19
128 9384.0 476.95
68 9616.0 219.15
73 9571.0 360.26
101 5579.0 633.34
43 2648.0 440.89
44 5377.0 813.62
129 2401.0 874.21
20 7905.0 391.78
55 7306.0 643.79
44 3689.0 657.68
119 2788.0 162.42
37 8939.0 398.72
21 3994.0 267.13
48 6088.0 442.28
78 6749.0 183.13
130 1810.0 805.24
40 6113.0 628.09
76 4207.0 958.46
38 4730.0 385.53
7 9552.0 548.76
74 3676.0 673.76
147 4448.0 478.78
37 7120.0 916.45
71 5063.0 570.07
131 3177.0 624.57
77 4142.0 517.32
128 67.0 646.05
27 4826.0 137.34
17 9170.0 962.06
30 7565.0 725.26
51 4590.0 426.76
62 1821.0 728.62
5 5187.0 969.57
114 8371.0 890.24
132 8875.0 722.21
130 1985.0 814.98
12 1717.0 615.69
31 2169.0 6.81
50 1455.0 384.89
116 6356.0 979.82
54 899.0 837.61
11 7105.0 434.12
133 6524.0 868.38
120 8157.0 912.54
52 8698.0 830.51
11 9952.0 620.67
13 3628.0 434.03
66 4678.0 508.39
14 1623.0 856.19
134 1505.0 174.19
5 6073.0 906.59
82 1393.0 493.84
135 6817.0 900.44
17 6309.0 117.08
27 4533.0 925.01
102 3285.0 29.6
148 1371.0 311.17
149 5945.0 399.35
132 4868.0 407.12
37 7610.0 354.43
136 3861.0 976.86
45 8733.0 885.1
122 8488.0 412.08
36 1750.0 921.95
128 6109.0 730.17
24 5353.0 265.31
104 3087.0 275.87
32 5487.0 544.27
118 7471.0 782.36
64 1421.0 804.71
137 3880.0 203.24
147 7583.0 98.96
66 2307.0 975.38
46 596.0 731.45
114 5083.0 212.84
139 8923.0 380.99
26 8158.0 22.1
83 1727.0 668.01
125 9708.0 473.72
30 1142.0 613.07
138 5000.0 528.89
22 7626.0 127.34
62 9318.0 839.91
23 2631.0 212.08
66 8590.0 34.97
118 3937.0 855.63
136 7705.0 704.9
91 7242.0 478.75
40 9706.0 42.79
139 1477.0 786.64
129 8206.0 687.75
62 313.0 609.69
25 39.0 357.25
58 5168.0 833.11
140 5875.0 274.55
117 4326.0 948.01
20 4950.0 149.73
22 3976.0 762.2
85 5674.0 176.96
4 5138.0 379.77
16 2665.0 354.87
100 2434.0 804.45
98 2154.0 5.78
141 8460.0 704.98
123 9191.0 583.19
46 2917.0 761.72
116 14.0 455.71
140 8860.0 900.96
78 7955.0 304.0
146 5874.0 532.9
88 5492.0 559.45
64 5802.0 626.59
145 2551.0 739.22
142 5905.0 464.02
133 6613.0 149.37
7 603.0 203.4
90 1261.0 279.72
26 6064.0 713.96
49 4607.0 159.96
143 9559.0 84.5
6 3824.0 8.49
37 9023.0 3.73
72 1272.0 939.87
18 4163.0 571.71
77 1231.0 905.9
62 1313.0 741.25
144 5565.0 600.99
21 7800.0 913.14
130 6118.0 75.48
2 8606.0 714.91
54 4931.0 172.67
145 1483.0 731.15
45 7301.0 273.17
63 1549.0 902.97
123 4171.0 223.4
150 9996.0 579.26
36 1977.0 714.63
97 5737.0 492.86
129 2176.0 7.24
126 1982.0 221.56
21 7963.0 966.67
146 9838.0 437.17
84 8865.0 74.47
17 5721.0 499.98
35 1518.0 747.88
91 1321.0 206.24
27 8144.0 633.01
90 8527.0 475.29
79 2790.0 661.42
62 2386.0 142.54
128 8680.0 458.05
147 4090.0 829.23
97 795.0 479.35
58 2410.0 891.5
9 4102.0 412.09
87 2734.0 68.36
29 3515.0 711.29
148 1419.0 946.6
65 942.0 118.22
89 2412.0 498.9
76 9016.0 7.18
88 3331.0 442.48
46 5770.0 829.19
149 5652.0 435.08
17 2742.0 483.69
64 8175.0 744.89
12 4252.0 735.58
144 8233.0 364.51
120 5551.0 68.06
105 2797.0 950.09
150 2523.0 174.75
100 3467.0 488.91
87 647.0 257.5
83 1244.0 566.84
113 1223.0 385.86
24 6309.0 140.31
1 4888.0 494.68
120
74
1 120 2.59 0.0 30.02
6 42 6.12 1021.63 1065.05 81 7.06 726.33 763.32 96 3.75 2623.69 2673.0 113 7.35 2772.88 2833.82 121 7.99 919.56 983.92 150 7.66 2517.93 2567.34
5 36 2.57 1124.15 1172.67 53 9.75 969.92 1003.96 61 3.97 954.84 1013.41 127 2.0 986.61 1052.97 148 5.53 1215.56 1274.7
12 18 8.91 1392.48 1440.59 25 7.89 1121.42 1162.97 28 4.62 1521.71 1575.18 51 4.95 1583.0 1643.83 75 8.13 1491.52 1537.86 79 4.09 1536.28 1576.83 95 2.68 1533.53 1595.21 97 4.78 1319.36 1376.11 110 5.47 1533.39 1578.26 129 7.06 1398.11 1435.42 135 6.2 1594.24 1660.38 145 4.61 1657.8 1693.68
11 1 6.98 1854.57 1901.38 20 2.34 1596.45 1652.83 30 7.21 2137.47 2182.82 31 9.74 2030.41 2064.47 59 3.0 1900.4 1961.78 67 2.7 1836.26 1881.79 98 7.18 1867.16 1900.97 106 9.79 1954.5 1992.06 116 5.66 1543.19 1595.62 117 2.59 1926.2 1960.85 124 8.49 2095.99 2146.73
6 4 9.27 2182.17 2221.23 19 6.86 2274.44 2309.29 22 3.15 2055.17 2105.44 33 7.95 2094.21 2159.26 55 4.42 2106.85 2147.63 66 3.3 1971.13 2004.73
9 9 4.59 2695.35 2737.98 16 9.74 2636.27 2674.92 38 8.93 2272.65 2306.58 40 5.35 2450.75 2502.45 41 8.31 2174.88 2208.26 50 5.17 2424.26 2487.94 78 9.12 2572.01 2620.55 134 5.91 2294.88 2336.51 144 4.77 2400.62 2457.23
6 39 8.23 2375.6 2410.64 43 8.05 2479.5 2535.94 69 2.12 3036.55 3100.27 72 9.38 3000.25 3058.71 107 4.53 2841.67 2895.29 114 3.83 2715.7 2770.65
15 2 7.75 3366.53 3421.58 27 2.74 3364.3 3403.87 37 8.74 3114.64 3166.24 45 6.17 3247.17 3294.54 60 1.72 3166.6 3204.51 63 3.97 3396.29 3433.3 80 4.8 3106.62 3165.53 93 4.58 3794.64 3848.96 100 8.18 3081.17 3125.79 103 2.2 3048.53 3083.54 104 1.2 3050.76 3088.29 122 7.17 3457.14 3522.08 139 3.16 3042.34 3076.05 141 9.61 3385.29 3445.68 149 1.87 3243.69 3306.64
15 6 1.24 3086.53 3152.42 8 6.49 3631.0 3695.69 11 6.46 3327.48 3384.02 13 3.07 3315.7 3380.84 17 5.28 3594.07 3634.75 52 8.59 3475.11 3538.44 77 1.24 3437.87 3495.55 91 5.3 3297.9 3361.75 92 2.96 3563.17 3616.26 101 2.48 3182.92 3247.22 125 7.85 3417.49 3469.46 130 1.91 3617.68 3670.91 131 1.6 3918.06 3960.74 133 5.6 3607.04 3654.03 147 1.12 3593.78 3637.83
9 12 7.98 3388.23 3436.15 26 7.09 3748.97 3806.81 32 1.96 3993.26 4046.7 85 8.6 3703.61 3753.94 89 9.73 3569.51 3617.25 99 2.6 3634.46 3669.92 111 1.15 3954.12 4018.41 119 6.87 3769.71 3816.45 137 1.88 3998.36 4060.16
20 10 3.65 4405.34 4444.61 14 5.43 4455.1 4494.59 15 1.48 4523.74 4558.31 23 2.07 4239.61 4297.59 24 8.55 3990.61 4048.25 29 8.48 4128.32 4194.12 44 3.41 4277.36 4318.79 49 7.81 3806.65 3841.54 56 3.69 4009.18 4066.87 57 9.62 4198.76 4264.45 70 1.01 3988.48 4022.58 76 5.23 3975.64 4040.94 83 6.19 4270.47 4336.46 84 5.22 3836.62 3877.64 86 3.23 3980.01 4035.33 88 2.35 4418.95 4469.73 102 6.52 4532.83 4597.06 112 9.18 3974.63 4008.97 118 4.51 4203.87 4243.12 143 4.6 3720.39 3776.88
6 3 3.17 4512.15 4571.29 35 7.71 4514.86 4576.01 64 3.34 4343.59 4386.66 65 8.81 4511.74 4564.52 108 4.58 4133.58 4190.68 109 3.28 4577.02 4633.5
6 34 4.06 4986.81 5041.8 47 1.85 4945.81 4980.49 87 2.12 4624.56 4669.52 123 9.59 5026.81 5068.67 132 5.3 5203.3 5263.91 138 5.47 4571.95 4627.64
1 74 5.58 5186.81 5242.01
