150 0 0 1 45
4
4
4
4
4
4
4
4
4
4
4
4
4
4
4
4
4
4
4
4
4
4
4
4
4
4
4
4
4
4
4
4
4
4
4
4
4
4
4
4
4
4
4
4
4
4
4
4
4
4
4
4
4
4
4
4
4
4
4
4
4
4
4
4
4
4
4
4
4
4
4
4
4
4
4
4
4
4
4
4
4
4
4
4
4
4
4
4
4
4
4
4
4
4
4
4
4
4
4
4
4
4
4
4
4
4
4
4
4
4
4
4
4
4
4
4
4
4
4
4
4
4
4
4
4
4
4
4
4
4
4
4
4
4
4
4
4
4
4
4
4
4
4
4
4
4
4
4
4
4
145 1713 40.53
6 5267 597.90
7 6 542.74
2 1 58.10
146 639 631.90
8 7738 424.15
3 7560 842.42
1 1317 906.40
147 2927 423.73
9 3194 655.87
4 5331 930.50
2 4589 345.04
148 8263 255.36
10 6829 445.23
5 471 790.40
3 2191 695.72
149 7269 558.12
11 2054 288.14
6 6797 146.67
4 6793 579.68
150 8025 564.99
1 1602 147.27
12 7093 151.02
5 9352 20.91
12 5180 554.85
13 946 687.64
1 9 388.76
8 3837 928.86
14 7644 180.61
2 7277 190.72
9 8314 476.69
7 5197 257.83
15 2140 980.43
3 4180 985.49
10 535 160.38
8 346 670.40
16 812 768.00
4 6810 838.34
11 6715 173.38
9 5300 130.90
17 9527 317.41
5 8369 882.98
12 3837 400.40
10 78 418.46
7 1053 516.42
18 3901 495.55
6 8292 116.32
11 669 758.12
18 8420 144.75
19 6926 214.86
7 818 196.01
14 4177 596.32
20 7773 843.12
8 6299 864.03
15 5893 529.98
13 6872 540.74
21 4227 533.53
9 2137 116.90
16 8466 950.32
14 9310 797.76
22 1941 279.07
10 3891 553.55
17 921 302.15
15 5272 3.74
23 1920 70.79
11 9481 199.00
18 4163 48.25
16 6543 414.12
13 3688 892.44
24 2442 408.91
12 2694 773.26
17 7016 693.48
24 4242 76.04
25 1366 6.63
13 2842 275.28
20 9108 673.87
26 6014 903.50
14 7843 331.09
21 2626 227.40
19 7626 803.58
27 8288 601.35
15 2823 748.27
22 7365 665.60
20 475 155.37
28 9885 605.38
16 114 486.16
23 6330 49.98
21 3284 685.00
29 2338 712.70
17 9838 737.90
24 9916 564.70
22 7568 335.73
19 3274 997.02
30 2196 839.92
18 8202 851.37
23 3656 662.46
30 7140 785.64
31 6964 805.18
19 3984 405.65
26 2472 801.60
32 6966 626.36
20 1770 97.53
27 7231 831.40
25 9831 570.51
33 6699 600.14
21 1579 454.23
28 6519 741.20
26 7538 375.08
34 565 102.53
22 2573 590.64
29 6320 969.89
27 728 104.00
35 2272 276.73
23 1017 645.77
30 2729 445.15
28 8852 575.36
25 5771 687.19
36 7002 717.76
24 6351 960.39
29 4367 775.49
36 8724 507.34
37 7630 952.16
25 7952 104.18
32 7669 827.30
38 5542 487.68
26 7534 275.32
33 2379 624.27
31 4780 341.89
39 3299 786.24
27 6338 71.16
34 3595 500.36
32 2751 57.53
40 1432 404.90
28 5986 669.01
35 4868 596.73
33 1666 487.75
41 4856 306.76
29 3190 687.33
36 9097 37.30
34 8982 560.91
31 7587 860.60
42 8137 105.98
30 1175 378.98
35 606 420.18
42 8371 966.67
43 7394 451.19
31 5264 394.21
38 9052 454.64
44 1354 624.21
32 5883 830.79
39 5166 255.72
37 5048 4.75
45 3109 453.04
33 7034 596.44
40 9872 980.23
38 3192 126.43
46 5184 331.79
34 1618 108.12
41 2663 491.99
39 4943 329.65
47 2590 185.01
35 8607 648.94
42 9483 331.71
40 908 702.09
37 7002 198.90
48 3933 983.37
36 5572 95.28
41 738 334.59
48 3893 949.97
49 4762 126.82
37 3162 488.70
44 5010 751.81
50 2795 574.07
38 5289 444.82
45 2773 10.24
43 3844 650.62
51 3700 731.66
39 5885 992.92
46 5301 589.06
44 9143 943.20
52 6722 542.58
40 4311 331.79
47 9415 910.99
45 4647 280.84
53 5142 647.59
41 3705 740.43
48 7619 181.55
46 502 680.58
43 9358 814.00
54 7212 148.53
42 4471 619.95
47 7706 222.70
54 6060 78.05
55 4610 696.69
43 3881 686.73
50 8283 503.04
56 3218 776.26
44 784 552.82
51 159 461.85
49 1255 822.85
57 5175 206.36
45 2541 444.57
52 8687 575.66
50 6888 609.22
58 4021 454.36
46 6766 908.13
53 7366 405.28
51 6299 738.37
59 9870 938.67
47 7290 269.85
54 10000 228.63
52 7258 261.00
49 3623 842.64
60 6705 811.07
48 9453 908.54
53 8891 955.69
60 5398 685.84
61 5420 357.16
49 9407 665.53
56 2334 924.23
62 8297 10.53
50 4607 35.25
57 3512 924.92
55 3065 703.76
63 2744 596.37
51 6617 466.51
58 5915 557.41
56 5136 897.81
64 5465 997.07
52 6060 453.59
59 4123 782.35
57 8465 926.83
65 2668 791.42
53 1505 918.07
60 2695 660.43
58 8420 554.25
55 4553 143.03
66 2469 749.77
54 3440 789.60
59 4157 476.86
66 4019 321.41
67 6944 477.47
55 5231 282.50
62 5376 902.23
68 8176 602.06
56 150 340.83
63 2874 400.41
61 4682 785.30
69 1609 912.40
57 6434 456.94
64 1538 504.24
62 1785 867.55
70 7082 391.94
58 9184 294.55
65 8029 203.63
63 5720 480.13
71 5828 469.96
59 9706 506.97
66 5348 42.79
64 331 996.67
61 2406 637.36
72 9921 697.27
60 8444 602.62
65 4988 664.67
72 832 468.10
73 2797 318.85
61 4560 666.25
68 9559 112.92
74 1713 826.40
62 221 122.65
69 5549 703.94
67 7487 591.44
75 4960 53.02
63 7074 317.08
70 6252 123.23
68 8912 317.91
76 1632 364.21
64 4369 297.06
71 1599 608.84
69 8425 996.03
77 7834 898.69
65 7521 747.93
72 7151 449.79
70 2129 901.95
67 4218 513.74
78 4367 209.80
66 6961 885.65
71 1305 850.92
78 4727 26.08
79 5851 738.24
67 7543 500.19
74 911 94.58
80 669 900.85
68 43 844.83
75 31 638.89
73 2748 956.45
81 3900 244.31
69 800 432.66
76 269 695.62
74 4146 673.31
82 3860 582.23
70 9038 372.59
77 9384 290.60
75 7102 50.86
83 6594 626.67
71 7471 572.99
78 1810 320.57
76 2401 828.26
73 2900 768.12
84 5390 609.08
72 64 957.50
77 3177 979.41
84 1051 237.36
85 8164 185.31
73 5188 818.27
80 8875 546.72
86 6865 549.35
74 5443 680.52
81 1505 340.53
79 6524 744.23
87 94 834.83
75 2160 970.05
82 3861 494.48
80 6817 947.90
88 5213 966.70
76 6272 985.93
83 5000 415.51
81 3880 181.96
89 2208 715.33
77 7097 777.56
84 5875 448.63
82 1477 510.22
79 2165 771.42
90 707 501.13
78 2805 610.27
83 8460 604.01
90 8025 771.79
91 7242 427.64
79 3721 788.06
86 5905 489.17
92 507 1.58
80 3104 77.73
87 5565 652.02
85 9559 167.66
93 4574 78.72
81 1039 388.27
88 9838 242.83
86 1483 800.88
94 4468 74.35
82 7763 257.97
89 1419 259.05
87 4090 732.65
95 2861 616.19
83 554 495.94
90 2523 964.95
88 5652 854.28
85 5278 613.17
96 6960 718.10
84 1604 543.63
89 4888 402.36
96 6692 994.55
97 6816 153.81
85 2972 510.20
92 4643 568.76
98 576 413.39
86 4781 835.10
93 1261 132.71
91 9616 716.93
99 5427 885.15
87 5203 615.72
94 3195 598.76
92 1999 494.73
100 8567 598.95
88 1504 281.98
95 1268 431.55
93 6296 285.02
101 3778 825.01
89 8341 979.77
96 6220 347.50
94 6516 42.87
91 8641 505.60
102 5765 397.61
90 5781 681.46
95 8035 29.39
102 2439 710.84
103 6797 845.91
91 3314 468.05
98 2480 140.47
104 357 371.83
92 9874 78.01
99 3896 466.02
97 4767 979.04
105 9739 338.11
93 17 220.30
100 284 89.71
98 2034 551.75
106 3515 420.07
94 294 956.20
101 4268 673.41
99 9022 145.50
107 6080 143.53
95 4899 244.16
102 9480 423.12
100 1421 981.81
97 7120 811.87
108 5532 125.09
96 7394 364.97
101 4106 755.84
108 2638 7.51
109 3572 557.21
97 5366 423.65
104 1313 447.07
110 9748 931.92
98 1226 233.31
105 923 992.19
103 8861 724.45
111 2517 866.06
99 1884 629.76
106 711 131.07
104 1623 171.08
112 8135 26.88
100 6145 475.55
107 2532 828.39
105 3656 425.60
113 2448 339.14
101 1260 259.01
108 7836 670.04
106 1352 382.57
103 3831 710.51
114 6953 681.16
102 9546 625.74
107 4556 135.10
114 811 137.35
115 2638 99.71
103 8386 533.83
110 3497 300.39
116 1167 632.98
104 2592 238.65
111 8094 234.41
109 4526 797.75
117 1138 793.64
105 4246 783.69
112 6520 253.63
110 9322 664.49
118 61 979.46
106 8984 458.30
113 6800 142.87
111 2154 180.60
119 5997 95.67
107 7610 190.27
114 2503 39.29
112 9094 854.01
109 4600 582.27
120 826 680.38
108 4521 192.65
113 8613 821.19
120 2330 191.95
121 3755 389.27
109 6659 739.74
116 4715 448.41
122 1237 421.96
110 2097 846.55
117 6007 142.55
115 5063 195.01
123 297 918.21
111 5473 410.59
118 7563 372.79
116 8180 649.78
124 4945 398.28
112 1761 741.60
119 9519 255.23
117 4625 394.56
125 9345 739.83
113 4322 80.33
120 4396 512.45
118 6331 914.28
115 7958 829.41
126 3599 26.86
114 6878 399.46
119 8252 646.65
126 4916 604.81
127 5003 820.63
115 8367 48.19
122 6894 226.99
128 6723 453.82
116 9739 195.64
123 9877 783.69
121 7026 413.72
129 7572 573.99
117 804 893.55
124 8517 839.14
122 9549 709.06
130 2307 789.63
118 7699 140.09
125 5377 298.87
123 2895 358.82
131 5629 687.92
119 2503 320.68
126 1035 970.22
124 5147 325.89
121 33 563.44
132 6170 233.83
120 7695 470.42
125 4143 112.69
132 2663 53.91
133 2250 221.90
121 7497 87.38
128 5771 852.88
134 6534 644.22
122 6821 834.52
129 4403 230.35
127 8771 248.90
135 7445 444.61
123 364 437.95
130 8697 317.93
128 7302 750.13
136 477 432.63
124 2218 790.75
131 8012 885.45
129 7161 368.38
137 1251 838.11
125 6530 377.47
132 7421 91.23
130 7069 682.27
127 6651 70.13
138 4845 276.15
126 3717 12.73
131 192 730.44
138 4255 848.29
139 9145 207.51
127 2339 92.64
134 8865 295.25
140 5939 582.99
128 1661 830.96
135 4636 181.91
133 5253 420.16
141 4969 578.10
129 1599 318.54
136 7138 926.56
134 653 428.87
142 4419 788.83
130 6624 148.63
137 6681 359.27
135 4892 63.64
143 7724 29.28
131 9497 545.72
138 1997 415.88
136 6824 947.77
133 1870 499.82
144 4431 352.08
132 6214 860.14
137 9171 121.95
144 9640 357.98
145 4680 122.53
133 180 976.50
140 8664 151.84
146 4462 794.24
134 7223 91.94
141 5443 854.16
139 8905 182.13
147 2055 269.33
135 538 789.29
142 4506 650.94
140 1393 663.05
148 3728 267.61
136 5195 4.58
143 2157 247.59
141 9899 480.53
149 9654 705.50
137 654 118.34
144 3159 462.52
142 4463 459.93
139 1342 93.98
150 704 932.71
138 9777 286.91
143 5150 456.19
1 6064 787.10
150 7963 890.52
139 3293 636.51
146 8820 516.85
2 3477 563.71
140 7437 985.91
147 4678 199.79
145 4400 543.67
3 5100 696.00
141 1715 698.99
148 3654 301.26
146 8071 800.50
4 8348 857.51
142 9402 842.94
149 9997 547.22
147 2117 41.14
5 3296 517.07
143 2551 788.72
150 6309 92.82
148 1537 562.77
6 6321 695.94
145 9466 100.10
144 1240 961.06
149 6167 638.42
120
74
3 76 6.64 2773.82 2824.45 25 9.67 3064.84 3125.06 120 8.71 0.00 16.69 
7 133 2.47 536.63 586.23 102 9.12 1199.55 1253.57 132 5.93 236.17 302.63 47 7.13 4046.61 4107.17 52 3.04 4193.43 4257.85 94 9.49 1261.54 1302.39 37 9.95 3906.61 3948.00 
1 137 5.78 651.16 695.70 
4 123 3.61 1972.03 2014.20 149 8.70 1392.48 1435.49 100 6.23 2861.29 2920.68 114 3.91 1864.53 1899.24 
4 121 1.29 2938.42 2975.67 67 5.20 5652.21 5704.47 131 7.04 2858.68 2892.25 78 5.70 4744.71 4803.17 
1 95 4.91 4173.27 4213.96 
2 144 5.58 6897.53 6956.85 91 6.96 5020.95 5082.29 
5 136 7.83 7803.41 7867.42 71 4.43 8405.88 8456.92 105 1.53 6127.32 6186.65 98 4.77 5332.61 5373.09 84 4.86 6576.38 6612.00 
4 130 9.14 7958.54 8025.20 82 3.06 6665.48 6704.26 80 6.57 6330.93 6366.00 129 2.86 8193.36 8257.49 
2 85 8.33 7049.50 7094.59 143 5.91 8789.71 8854.68 
3 139 7.30 9365.82 9403.39 5 9.24 10026.71 10074.64 145 4.46 9483.50 9530.77 
3 138 5.03 10005.79 10067.81 135 8.67 9793.90 9841.31 35 1.35 11697.93 11753.45 
1 87 6.86 12818.67 12884.70 
5 108 7.33 14454.41 14500.54 122 5.82 15596.29 15639.29 65 6.44 15195.93 15241.18 97 8.48 14273.17 14332.30 41 3.39 17153.27 17203.99 
2 125 7.88 15688.35 15725.10 58 9.50 16262.37 16310.06 
5 103 3.78 17033.89 17082.25 34 5.41 18076.99 18117.70 3 6.57 18368.02 18403.60 142 8.09 17358.21 17403.91 128 9.33 17299.93 17364.21 
5 77 7.65 19456.50 19510.53 12 3.20 18991.36 19046.12 93 5.52 17803.81 17869.57 66 5.57 20167.98 20216.93 115 2.53 17699.54 17738.01 
5 13 4.71 20204.01 20247.99 26 7.77 21226.14 21272.06 81 9.23 18821.48 18870.92 2 7.01 19316.59 19370.68 127 2.13 18215.42 18272.71 
1 96 9.84 19838.55 19896.41 
5 49 8.83 23580.26 23616.72 109 7.77 21469.17 21522.49 40 7.52 24115.42 24150.93 118 9.76 21855.00 21913.41 72 7.26 22650.39 22689.98 
4 126 9.86 21798.10 21846.13 46 4.63 24454.98 24489.99 141 8.06 23385.02 23421.43 29 5.15 25069.88 25119.98 
2 18 9.18 24341.76 24397.34 88 5.95 23341.95 23386.01 
3 63 9.42 25393.11 25435.76 73 8.39 25839.25 25901.60 101 7.61 24674.87 24726.81 
5 64 9.39 25896.66 25959.53 111 7.15 25418.77 25465.29 54 1.95 27279.09 27341.19 112 3.34 25231.64 25291.22 140 1.14 26688.04 26734.55 
4 86 9.80 27445.57 27486.77 69 8.72 27145.78 27208.54 89 4.99 26662.62 26707.34 61 4.64 26790.13 26852.40 
5 7 7.82 30268.94 30316.58 110 4.20 29175.07 29214.31 45 8.47 28457.14 28499.05 15 5.40 30957.86 30996.88 1 7.93 30655.02 30708.03 
4 117 3.53 29951.20 29997.66 16 2.68 31243.11 31279.57 106 7.39 30125.74 30164.71 42 1.57 30206.76 30255.45 
3 148 8.18 32322.67 32369.49 79 7.75 32692.59 32742.77 21 4.86 31772.49 31830.09 
5 10 6.28 32812.49 32850.90 90 5.16 33438.46 33489.38 50 4.54 34613.01 34664.32 57 1.26 35105.68 35144.99 134 1.54 33667.78 33720.79 
5 113 6.37 34766.49 34811.44 92 8.18 34556.33 34589.68 51 8.72 35078.62 35131.49 68 5.76 35984.21 36024.21 33 5.98 34898.64 34963.27 
1 8 4.76 36539.48 36585.38 
5 27 8.38 38384.70 38440.63 9 9.81 37023.16 37064.60 119 6.81 39122.79 39172.03 75 3.62 41514.03 41567.57 24 3.91 37550.46 37608.43 
2 19 9.79 38559.51 38601.23 146 3.87 38522.52 38570.89 
4 147 6.02 38723.10 38777.62 44 7.64 41107.46 41165.84 150 8.26 39673.70 39709.62 38 8.19 40491.37 40533.51 
5 104 1.65 42119.91 42155.14 11 6.25 40387.95 40432.19 70 2.45 43546.75 43602.86 43 6.95 40958.47 40994.68 30 6.57 41781.22 41830.63 
5 62 3.33 42380.17 42420.17 4 9.31 41508.64 41558.65 59 6.18 42448.32 42504.33 99 5.34 42807.12 42869.91 14 2.73 41711.56 41774.80 
1 56 1.48 42711.47 42777.21 
2 23 2.00 45406.30 45445.70 17 9.49 45777.93 45824.10 
5 20 6.84 46577.27 46630.93 6 1.96 46509.51 46542.96 36 4.57 46434.53 46474.93 116 4.14 48599.22 48635.06 39 6.72 47173.29 47239.12 
2 83 5.77 50360.70 50401.70 32 7.54 47838.16 47895.62 
2 22 1.05 49115.04 49165.50 55 5.07 49620.74 49662.37 
5 94 9.56 52704.09 52749.42 52 5.29 51109.42 51147.60 37 1.61 50505.62 50540.20 102 6.29 52998.82 53033.05 47 2.38 50648.62 50696.36 
4 107 5.42 53255.26 53309.57 53 5.50 51303.24 51341.69 31 6.46 50893.31 50944.15 48 5.41 50831.53 50881.33 
2 28 2.28 52844.89 52903.17 60 1.51 51790.68 51852.21 
1 74 8.14 53192.05 53236.04 
