1250 0 0 1 7
2
3
3
3
3
3
3
3
3
3
3
3
3
3
3
3
3
3
3
3
3
3
3
3
2
3
4
4
4
4
4
4
4
4
4
4
4
4
4
4
4
4
4
4
4
4
4
4
4
3
3
4
4
4
4
4
4
4
4
4
4
4
4
4
4
4
4
4
4
4
4
4
4
4
3
3
4
4
4
4
4
4
4
4
4
4
4
4
4
4
4
4
4
4
4
4
4
4
4
3
3
4
4
4
4
4
4
4
4
4
4
4
4
4
4
4
4
4
4
4
4
4
4
4
3
3
4
4
4
4
4
4
4
4
4
4
4
4
4
4
4
4
4
4
4
4
4
4
4
3
3
4
4
4
4
4
4
4
4
4
4
4
4
4
4
4
4
4
4
4
4
4
4
4
3
3
4
4
4
4
4
4
4
4
4
4
4
4
4
4
4
4
4
4
4
4
4
4
4
3
3
4
4
4
4
4
4
4
4
4
4
4
4
4
4
4
4
4
4
4
4
4
4
4
3
3
4
4
4
4
4
4
4
4
4
4
4
4
4
4
4
4
4
4
4
4
4
4
4
3
3
4
4
4
4
4
4
4
4
4
4
4
4
4
4
4
4
4
4
4
4
4
4
4
3
3
4
4
4
4
4
4
4
4
4
4
4
4
4
4
4
4
4
4
4
4
4
4
4
3
3
4
4
4
4
4
4
4
4
4
4
4
4
4
4
4
4
4
4
4
4
4
4
4
3
3
4
4
4
4
4
4
4
4
4
4
4
4
4
4
4
4
4
4
4
4
4
4
4
3
3
4
4
4
4
4
4
4
4
4
4
4
4
4
4
4
4
4
4
4
4
4
4
4
3
3
4
4
4
4
4
4
4
4
4
4
4
4
4
4
4
4
4
4
4
4
4
4
4
3
3
4
4
4
4
4
4
4
4
4
4
4
4
4
4
4
4
4
4
4
4
4
4
4
3
3
4
4
4
4
4
4
4
4
4
4
4
4
4
4
4
4
4
4
4
4
4
4
4
3
3
4
4
4
4
4
4
4
4
4
4
4
4
4
4
4
4
4
4
4
4
4
4
4
3
3
4
4
4
4
4
4
4
4
4
4
4
4
4
4
4
4
4
4
4
4
4
4
4
3
3
4
4
4
4
4
4
4
4
4
4
4
4
4
4
4
4
4
4
4
4
4
4
4
3
3
4
4
4
4
4
4
4
4
4
4
4
4
4
4
4
4
4
4
4
4
4
4
4
3
3
4
4
4
4
4
4
4
4
4
4
4
4
4
4
4
4
4
4
4
4
4
4
4
3
3
4
4
4
4
4
4
4
4
4
4
4
4
4
4
4
4
4
4
4
4
4
4
4
3
3
4
4
4
4
4
4
4
4
4
4
4
4
4
4
4
4
4
4
4
4
4
4
4
3
3
4
4
4
4
4
4
4
4
4
4
4
4
4
4
4
4
4
4
4
4
4
4
4
3
3
4
4
4
4
4
4
4
4
4
4
4
4
4
4
4
4
4
4
4
4
4
4
4
3
3
4
4
4
4
4
4
4
4
4
4
4
4
4
4
4
4
4
4
4
4
4
4
4
3
3
4
4
4
4
4
4
4
4
4
4
4
4
4
4
4
4
4
4
4
4
4
4
4
3
3
4
4
4
4
4
4
4
4
4
4
4
4
4
4
4
4
4
4
4
4
4
4
4
3
3
4
4
4
4
4
4
4
4
4
4
4
4
4
4
4
4
4
4
4
4
4
4
4
3
3
4
4
4
4
4
4
4
4
4
4
4
4
4
4
4
4
4
4
4
4
4
4
4
3
3
4
4
4
4
4
4
4
4
4
4
4
4
4
4
4
4
4
4
4
4
4
4
4
3
3
4
4
4
4
4
4
4
4
4
4
4
4
4
4
4
4
4
4
4
4
4
4
4
3
3
4
4
4
4
4
4
4
4
4
4
4
4
4
4
4
4
4
4
4
4
4
4
4
3
3
4
4
4
4
4
4
4
4
4
4
4
4
4
4
4
4
4
4
4
4
4
4
4
3
3
4
4
4
4
4
4
4
4
4
4
4
4
4
4
4
4
4
4
4
4
4
4
4
3
3
4
4
4
4
4
4
4
4
4
4
4
4
4
4
4
4
4
4
4
4
4
4
4
3
3
4
4
4
4
4
4
4
4
4
4
4
4
4
4
4
4
4
4
4
4
4
4
4
3
3
4
4
4
4
4
4
4
4
4
4
4
4
4
4
4
4
4
4
4
4
4
4
4
3
3
4
4
4
4
4
4
4
4
4
4
4
4
4
4
4
4
4
4
4
4
4
4
4
3
3
4
4
4
4
4
4
4
4
4
4
4
4
4
4
4
4
4
4
4
4
4
4
4
3
3
4
4
4
4
4
4
4
4
4
4
4
4
4
4
4
4
4
4
4
4
4
4
4
3
3
4
4
4
4
4
4
4
4
4
4
4
4
4
4
4
4
4
4
4
4
4
4
4
3
3
4
4
4
4
4
4
4
4
4
4
4
4
4
4
4
4
4
4
4
4
4
4
4
3
3
4
4
4
4
4
4
4
4
4
4
4
4
4
4
4
4
4
4
4
4
4
4
4
3
3
4
4
4
4
4
4
4
4
4
4
4
4
4
4
4
4
4
4
4
4
4
4
4
3
3
4
4
4
4
4
4
4
4
4
4
4
4
4
4
4
4
4
4
4
4
4
4
4
3
3
4
4
4
4
4
4
4
4
4
4
4
4
4
4
4
4
4
4
4
4
4
4
4
3
2
3
3
3
3
3
3
3
3
3
3
3
3
3
3
3
3
3
3
3
3
3
3
3
2
2 6752 40.53
26 7229 597.90
3 6387 542.74
1 603 58.10
27 3125 631.90
4 6550 424.15
2 487 842.42
28 6849 906.40
5 5479 423.73
3 4397 655.87
29 4612 930.50
6 7872 345.04
4 3473 255.36
30 5395 445.23
7 5887 790.40
5 6725 695.72
31 7125 558.12
8 4514 288.14
6 4877 146.67
32 6384 579.68
9 6707 564.99
7 778 147.27
33 5611 151.02
10 5526 20.91
8 5924 554.85
34 7422 687.64
11 2589 388.76
9 6317 928.86
35 6759 180.61
12 9538 190.72
10 6008 476.69
36 5429 257.83
13 489 980.43
11 6977 985.49
37 2034 160.38
14 5090 670.40
12 9573 768.00
38 3302 838.34
15 6567 173.38
13 7879 130.90
39 6712 317.41
16 9376 882.98
14 1551 400.40
40 277 418.46
17 4949 516.42
15 2271 495.55
41 5158 116.32
18 6153 758.12
16 4178 144.75
42 5483 214.86
19 785 196.01
17 478 596.32
43 7797 843.12
20 6149 864.03
18 125 529.98
44 8133 540.74
21 5034 533.53
19 1030 116.90
45 242 950.32
22 4101 797.76
20 1932 279.07
46 2054 553.55
23 5874 302.15
21 5267 3.74
47 6518 70.79
24 4299 199.00
22 5630 48.25
48 2838 414.12
25 8745 892.44
23 9380 408.91
49 5191 773.26
24 9879 693.48
50 9251 76.04
27 4577 6.63
51 9934 275.28
1 1736 673.87
28 1874 903.50
26 9867 331.09
52 8645 227.40
2 844 803.58
29 9839 601.35
27 9694 748.27
53 18 665.60
3 1662 155.37
30 1667 605.38
28 8183 486.16
54 555 49.98
4 4925 685.00
31 328 712.70
29 7719 737.90
55 5183 564.70
5 2715 335.73
32 3460 997.02
30 6336 839.92
56 5036 851.37
6 1762 662.46
33 1212 785.64
31 7488 805.18
57 6958 405.65
7 1811 801.60
34 4380 626.36
32 5515 97.53
58 5576 831.40
8 6892 570.51
35 8417 600.14
33 2172 454.23
59 2327 741.20
9 9963 375.08
36 6021 102.53
34 8681 590.64
60 4469 969.89
10 5872 104.00
37 2276 276.73
35 2127 645.77
61 5624 445.15
11 1864 575.36
38 5825 687.19
36 8191 717.76
62 7505 960.39
12 8863 775.49
39 3811 507.34
37 4818 952.16
63 9919 104.18
13 2160 827.30
40 416 487.68
38 6599 275.32
64 7691 624.27
14 451 341.89
41 7730 786.24
39 8905 71.16
65 9360 500.36
15 3249 57.53
42 1285 404.90
40 9974 669.01
66 6043 596.73
16 8555 487.75
43 3015 306.76
41 4759 687.33
67 8919 37.30
17 5189 560.91
44 9026 860.60
42 4628 105.98
68 9906 378.98
18 5419 420.18
45 7412 966.67
43 9300 451.19
69 7911 394.21
19 8401 454.64
46 7191 624.21
44 1617 830.79
70 6520 255.72
20 6943 4.75
47 9173 453.04
45 5941 596.44
71 9517 980.23
21 6140 126.43
48 8563 331.79
46 5950 108.12
72 5691 491.99
22 40 329.65
49 4278 185.01
47 3637 648.94
73 40 331.71
23 5142 702.09
50 7516 198.90
48 3531 983.37
74 2598 95.28
24 3053 334.59
49 3488 949.97
75 3500 126.82
25 8986 488.70
52 7053 751.81
76 7514 574.07
26 4605 444.82
53 9455 10.24
51 6231 650.62
77 9291 731.66
27 8412 992.92
54 3350 589.06
52 3915 943.20
78 7830 542.58
28 9432 331.79
55 9287 910.99
53 3233 280.84
79 7934 647.59
29 6970 740.43
56 7595 181.55
54 3989 680.58
80 8291 814.00
30 5001 148.53
57 7407 619.95
55 9660 222.70
81 4372 78.05
31 2208 696.69
58 593 686.73
56 3435 503.04
82 9441 776.26
32 9867 552.82
59 800 461.85
57 4781 822.85
83 2201 206.36
33 1865 444.57
60 6250 575.66
58 471 609.22
84 6463 454.36
34 4599 908.13
61 5754 405.28
59 5023 738.37
85 4759 938.67
35 329 269.85
62 3607 228.63
60 5577 261.00
86 3963 842.64
36 8641 811.07
63 8500 908.54
61 9994 955.69
87 1862 685.84
37 9797 357.16
64 2399 665.53
62 4190 924.23
88 7192 10.53
38 4421 35.25
65 6857 924.92
63 6615 703.76
89 3477 596.37
39 4513 466.51
66 8709 557.41
64 9567 897.81
90 9900 997.07
40 5094 453.59
67 1035 782.35
65 6208 926.83
91 2568 791.42
41 9055 918.07
68 2453 660.43
66 5773 554.25
92 9672 143.03
42 4780 749.77
69 2726 789.60
67 7400 476.86
93 1047 321.41
43 8209 477.47
70 1771 282.50
68 2408 902.23
94 1025 602.06
44 2613 340.83
71 6565 400.41
69 3413 785.30
95 6433 912.40
45 1579 456.94
72 5373 504.24
70 6615 867.55
96 6636 391.94
46 6096 294.55
73 6166 203.63
71 7658 480.13
97 717 469.96
47 9639 506.97
74 3264 42.79
72 9708 996.67
98 1923 637.36
48 9731 697.27
75 4351 602.62
73 8043 664.67
99 9734 468.10
49 5363 318.85
74 4723 666.25
100 1197 112.92
50 1756 826.40
77 2171 122.65
101 8348 703.94
51 2951 591.44
78 4467 53.02
76 2854 317.08
102 9561 123.23
52 7248 317.91
79 6828 364.21
77 5433 297.06
103 7899 608.84
53 5576 996.03
80 435 898.69
78 8997 747.93
104 6920 449.79
54 309 901.95
81 7053 513.74
79 7896 209.80
105 3427 885.65
55 2584 850.92
82 9390 26.08
80 1016 738.24
106 4342 500.19
56 9444 94.58
83 8327 900.85
81 4891 844.83
107 7600 638.89
57 6298 956.45
84 4633 244.31
82 8394 432.66
108 7912 695.62
58 6058 673.31
85 7186 582.23
83 8084 372.59
109 6876 290.60
59 9770 50.86
86 7894 626.67
84 2042 572.99
110 6813 320.57
60 5778 828.26
87 5358 768.12
85 5207 609.08
111 6699 957.50
61 4986 979.41
88 7902 237.36
86 7827 185.31
112 2224 818.27
62 4142 546.72
89 9036 549.35
87 8232 680.52
113 7700 340.53
63 457 744.23
90 7570 834.83
88 8798 970.05
114 1531 494.48
64 4430 947.90
91 8284 966.70
89 8456 985.93
115 1073 415.51
65 9201 181.96
92 9110 715.33
90 797 777.56
116 9802 448.63
66 4801 510.22
93 4737 771.42
91 5145 501.13
117 7242 610.27
67 5175 604.01
94 2133 771.79
92 8396 427.64
118 6684 788.06
68 4482 489.17
95 6364 1.58
93 9804 77.73
119 3088 652.02
69 2858 167.66
96 6605 78.72
94 2034 388.27
120 3812 242.83
70 9230 800.88
97 2541 74.35
95 34 257.97
121 9671 259.05
71 1399 732.65
98 7307 616.19
96 8757 495.94
122 8570 964.95
72 4753 854.28
99 8491 613.17
97 8345 718.10
123 8863 543.63
73 2376 402.36
100 4733 994.55
98 4571 153.81
124 9485 510.20
74 6887 568.76
99 6053 413.39
125 1120 835.10
75 7028 132.71
102 5148 716.93
126 4270 885.15
76 6584 615.72
103 7869 598.76
101 7169 494.73
127 487 598.95
77 2783 281.98
104 7430 431.55
102 4353 285.02
128 3142 825.01
78 1992 979.77
105 8327 347.50
103 4623 42.87
129 1116 505.60
79 9259 397.61
106 1279 681.46
104 5789 29.39
130 6370 710.84
80 4310 845.91
107 9281 468.05
105 5389 140.47
131 4298 371.83
81 989 78.01
108 2689 466.02
106 3169 979.04
132 2373 338.11
82 4183 220.30
109 7829 89.71
107 1630 551.75
133 2959 420.07
83 9165 956.20
110 7887 673.41
108 4758 145.50
134 3391 143.53
84 5802 244.16
111 2283 423.12
109 8555 981.81
135 5120 811.87
85 9739 125.09
112 4307 364.97
110 6661 755.84
136 8740 7.51
86 6838 557.21
113 5379 423.65
111 6816 447.07
137 4938 931.92
87 1037 233.31
114 3805 992.19
112 6599 724.45
138 5179 866.06
88 1861 629.76
115 8234 131.07
113 1593 171.08
139 5070 26.88
89 6830 475.55
116 2162 828.39
114 7370 425.60
140 6465 339.14
90 4677 259.01
117 6298 670.04
115 6761 382.57
141 1634 710.51
91 2747 681.16
118 9514 625.74
116 5882 135.10
142 5503 137.35
92 813 99.71
119 8004 533.83
117 1948 300.39
143 5967 632.98
93 1929 238.65
120 2374 234.41
118 5342 797.75
144 3616 793.64
94 6590 783.69
121 8422 253.63
119 5986 664.49
145 5222 979.46
95 4265 458.30
122 6224 142.87
120 4168 180.60
146 2842 95.67
96 2663 190.27
123 5343 39.29
121 8297 854.01
147 9642 582.27
97 6002 680.38
124 2356 192.65
122 8610 821.19
148 1992 191.95
98 7690 389.27
125 3279 739.74
123 1763 448.41
149 2413 421.96
99 726 846.55
124 6663 142.55
150 5845 195.01
100 171 918.21
127 1572 410.59
151 8500 372.79
101 7833 649.78
128 8795 398.28
126 6532 741.60
152 1785 255.23
102 8527 394.56
129 4524 739.83
127 3838 80.33
153 970 512.45
103 3102 914.28
130 2535 829.41
128 6359 26.86
154 954 399.46
104 6148 646.65
131 6980 604.81
129 1734 820.63
155 3452 48.19
105 2720 226.99
132 2994 453.82
130 4338 195.64
156 969 783.69
106 5550 413.72
133 4353 573.99
131 7895 893.55
157 8614 839.14
107 9696 709.06
134 7641 789.63
132 9324 140.09
158 464 298.87
108 3203 358.82
135 6512 687.92
133 853 320.68
159 6500 970.22
109 3707 325.89
136 6415 563.44
134 3833 233.83
160 1492 470.42
110 1079 112.69
137 9814 53.91
135 9231 221.90
161 5725 87.38
111 9336 852.88
138 3258 644.22
136 9069 834.52
162 6935 230.35
112 4198 248.90
139 3377 444.61
137 8749 437.95
163 8163 317.93
113 1620 750.13
140 5034 432.63
138 8868 790.75
164 6081 885.45
114 3692 368.38
141 5697 838.11
139 8381 377.47
165 295 91.23
115 3897 682.27
142 8027 70.13
140 6597 276.15
166 187 12.73
116 8739 730.44
143 1914 848.29
141 8300 207.51
167 8103 92.64
117 6449 295.25
144 2543 582.99
142 6674 830.96
168 4081 181.91
118 1504 420.16
145 3390 578.10
143 1116 318.54
169 6361 926.56
119 4944 428.87
146 9801 788.83
144 708 148.63
170 8635 359.27
120 5557 63.64
147 1945 29.28
145 9961 545.72
171 6772 415.88
121 9828 947.77
148 9339 499.82
146 1326 352.08
172 7857 860.14
122 3703 121.95
149 1578 357.98
147 3195 122.53
173 2280 976.50
123 6787 151.84
150 2938 794.24
148 7699 91.94
174 5696 854.16
124 9140 182.13
149 5166 269.33
175 8660 789.29
125 3370 650.94
152 965 663.05
176 6544 267.61
126 3314 4.58
153 7317 247.59
151 2431 480.53
177 394 705.50
127 7272 118.34
154 8945 462.52
152 4848 459.93
178 1313 93.98
128 351 932.71
155 7840 286.91
153 4047 456.19
179 987 787.10
129 8239 890.52
156 3508 636.51
154 4838 516.85
180 2864 563.71
130 3599 985.91
157 8257 199.79
155 6354 543.67
181 4527 696.00
131 1502 698.99
158 1884 301.26
156 187 800.50
182 6876 857.51
132 2767 842.94
159 8673 547.22
157 3507 41.14
183 4570 517.07
133 8360 788.72
160 5351 92.82
158 6391 562.77
184 1030 695.94
134 3011 100.10
161 9270 961.06
159 3323 638.42
185 2095 627.03
135 8182 963.35
162 1492 857.12
160 7019 164.66
186 4888 902.09
136 9006 548.19
163 8694 681.47
161 1636 227.84
187 6417 943.47
137 8756 994.09
164 5987 531.25
162 928 290.67
188 1366 856.19
138 9836 581.66
165 6355 324.20
163 4175 32.99
189 7340 466.98
139 9456 671.02
166 310 522.64
164 6343 434.53
190 9082 509.72
140 3865 662.82
167 7563 759.13
165 801 382.14
191 9721 59.32
141 5207 419.64
168 7312 429.50
166 180 905.04
192 2472 229.41
142 5171 618.85
169 1831 207.68
167 4921 814.15
193 8275 546.23
143 4804 700.74
170 8124 915.58
168 9073 384.82
194 1804 448.36
144 1431 851.93
171 5833 40.31
169 5575 651.20
195 746 704.17
145 7545 536.28
172 2607 604.55
170 2893 831.40
196 6565 266.67
146 2565 764.96
173 9052 944.89
171 1518 310.04
197 2286 490.09
147 9974 619.61
174 3650 788.39
172 6930 925.43
198 4020 739.26
148 8721 244.86
175 9353 502.39
173 1849 507.88
199 3724 170.32
149 1375 413.05
174 4652 752.07
200 5025 914.80
150 147 667.82
177 2162 126.64
201 5328 982.64
151 6941 870.17
178 9692 752.32
176 9891 724.84
202 2461 973.82
152 2992 696.36
179 8336 984.67
177 6921 403.53
203 657 785.11
153 4780 461.80
180 1286 908.51
178 7078 550.15
204 4779 935.75
154 5758 820.84
181 3254 734.40
179 8296 932.75
205 5756 683.93
155 5082 105.99
182 9612 260.61
180 8614 16.94
206 9720 977.72
156 9354 857.70
183 4369 443.60
181 6038 405.42
207 765 758.24
157 1855 356.43
184 8102 830.22
182 1347 489.76
208 9904 770.25
158 2004 281.29
185 4195 187.74
183 7265 710.48
209 2001 64.50
159 8025 797.77
186 6566 750.20
184 3687 429.51
210 34 587.24
160 7353 463.08
187 9160 394.35
185 6151 30.04
211 929 61.02
161 2975 597.22
188 2246 798.05
186 430 857.55
212 122 529.38
162 4321 554.03
189 6718 418.11
187 2848 820.43
213 5770 979.37
163 425 646.19
190 7685 291.40
188 5975 323.55
214 5374 976.53
164 6591 319.49
191 533 558.25
189 7560 737.52
215 8898 807.39
165 9478 799.56
192 248 73.69
190 1613 583.60
216 9680 161.59
166 7925 661.04
193 8601 619.71
191 2085 259.89
217 757 923.09
167 897 576.15
194 8132 482.54
192 5495 193.27
218 8526 54.68
168 5770 112.19
195 9836 943.89
193 3936 649.30
219 9790 107.56
169 2404 396.89
196 4461 349.46
194 7939 635.54
220 2628 529.92
170 9003 726.42
197 7147 6.59
195 7423 452.88
221 5267 951.57
171 735 477.34
198 9189 69.11
196 853 587.67
222 4977 154.55
172 9084 492.08
199 732 500.43
197 9690 607.48
223 5643 490.47
173 6000 143.09
200 5873 57.59
198 5734 793.85
224 8231 519.38
174 6792 806.83
199 1424 2.35
225 1033 488.28
175 7698 621.15
202 7156 993.66
226 812 816.74
176 9685 932.54
203 5916 226.45
201 3706 242.43
227 17 336.94
177 2706 266.02
204 1660 291.02
202 1458 782.15
228 2623 42.42
178 4048 118.52
205 3141 568.14
203 4095 8.10
229 3499 754.06
179 7045 221.46
206 5032 779.76
204 1074 840.16
230 1687 920.35
180 9806 531.55
207 9999 780.07
205 805 215.18
231 5730 69.59
181 8858 999.76
208 5268 164.25
206 9151 53.07
232 7335 923.91
182 3517 353.50
209 7535 949.01
207 310 127.87
233 4541 438.31
183 2729 418.54
210 6151 860.85
208 2338 423.06
234 8461 665.92
184 3648 981.05
211 2867 384.65
209 2897 290.58
235 4785 358.31
185 4279 774.16
212 1708 522.15
210 2330 103.41
236 5798 431.50
186 4224 451.43
213 5727 221.97
211 827 68.28
237 9224 371.48
187 3093 928.45
214 8297 621.23
212 9075 643.11
238 5075 972.93
188 1231 469.04
215 2548 154.79
213 2982 320.12
239 146 378.11
189 8507 483.76
216 1349 623.02
214 2336 718.96
240 2807 735.87
190 893 94.78
217 4369 600.04
215 4250 66.20
241 3065 752.73
191 8482 188.69
218 1961 441.22
216 8705 51.23
242 5541 93.21
192 1839 503.55
219 6818 667.86
217 1244 322.63
243 5327 280.03
193 3966 870.47
220 4731 558.77
218 9795 885.98
244 9960 396.14
194 835 863.18
221 7369 787.75
219 1806 395.99
245 1817 236.74
195 8664 882.85
222 8126 342.41
220 710 868.25
246 5689 429.92
196 7268 178.02
223 2675 258.04
221 5251 171.41
247 7274 590.84
197 5527 394.42
224 664 94.75
222 5961 169.99
248 6311 460.97
198 9177 405.16
225 659 505.89
223 4426 728.31
249 2782 153.27
199 7407 528.06
224 5445 539.71
250 7374 180.21
200 2321 590.90
227 5972 348.90
251 5062 1.65
201 1229 586.57
228 8191 200.61
226 5768 939.07
252 8790 377.35
202 6985 678.27
229 9074 244.06
227 921 477.92
253 5410 606.73
203 6981 739.35
230 5420 252.28
228 682 451.38
254 7975 635.98
204 4104 751.74
231 3665 78.63
229 3363 264.97
255 8586 57.62
205 3336 327.70
232 1829 683.45
230 7591 87.30
256 9634 482.71
206 8574 200.78
233 6450 500.76
231 1208 680.61
257 8514 883.86
207 2102 897.39
234 7030 972.13
232 9318 183.00
258 2500 385.79
208 2126 610.13
235 5830 4.38
233 215 212.87
259 1101 76.21
209 5070 974.84
236 1275 230.73
234 4580 724.27
260 297 514.17
210 6356 249.51
237 1225 360.41
235 83 146.31
261 576 38.48
211 8174 27.63
238 4418 432.79
236 5529 629.78
262 3702 154.54
212 896 525.80
239 6175 494.42
237 9431 748.60
263 9602 846.00
213 925 320.43
240 7395 765.64
238 3712 41.21
264 4085 972.24
214 9311 993.54
241 1826 305.55
239 5439 76.35
265 484 786.90
215 4282 565.91
242 1672 783.73
240 7461 380.09
266 5512 8.96
216 4185 826.64
243 3737 826.39
241 9410 212.06
267 4878 186.89
217 6177 92.35
244 7310 849.92
242 4605 197.70
268 5348 811.02
218 6515 725.02
245 5175 902.04
243 3410 248.04
269 2432 477.81
219 6323 313.59
246 9285 870.45
244 8018 335.66
270 1327 477.97
220 5748 374.12
247 9878 408.10
245 2453 167.40
271 5291 49.14
221 891 153.38
248 2160 34.57
246 3637 701.71
272 4922 315.90
222 9729 584.86
249 1672 376.52
247 4070 340.21
273 8127 401.86
223 1983 949.58
250 390 485.00
248 6099 216.40
274 877 553.28
224 7828 495.33
249 9945 494.77
275 1733 449.02
225 3948 674.89
252 2659 457.95
276 9194 509.33
226 690 642.87
253 3048 648.81
251 6120 689.73
277 6347 272.95
227 6289 79.59
254 1213 468.72
252 8918 984.18
278 7453 482.58
228 2560 785.31
255 4963 746.54
253 7429 20.78
279 6910 722.99
229 6189 445.46
256 1966 319.87
254 9365 774.98
280 1609 75.12
230 8966 341.25
257 1395 366.73
255 2273 840.25
281 4682 72.60
231 5660 902.17
258 7064 453.82
256 1207 622.84
282 1232 558.91
232 3781 152.15
259 1578 447.36
257 5165 599.80
283 9247 56.25
233 5502 157.07
260 9556 213.05
258 7203 773.87
284 4813 377.14
234 9482 228.84
261 2812 789.74
259 3376 889.23
285 1071 102.91
235 2494 829.23
262 4570 459.78
260 9630 632.77
286 4948 906.23
236 8654 736.89
263 6807 864.50
261 1158 657.21
287 299 239.26
237 5054 938.21
264 8503 919.62
262 3042 854.68
288 1567 771.45
238 452 573.71
265 5925 704.51
263 7163 510.80
289 3506 749.24
239 5182 783.14
266 5852 73.54
264 1619 640.40
290 8660 855.54
240 770 285.56
267 8850 972.45
265 4232 400.94
291 1394 75.12
241 730 648.56
268 5430 373.46
266 291 263.96
292 1259 419.50
242 9507 359.45
269 2481 108.19
267 6582 476.95
293 9455 219.15
243 7914 360.26
270 7808 633.34
268 8892 440.89
294 648 813.62
244 837 874.21
271 7192 391.78
269 6848 643.79
295 5933 657.68
245 2718 162.42
272 2988 398.72
270 2927 267.13
296 3280 442.28
246 1396 183.13
273 3370 805.24
271 2461 628.09
297 4731 958.46
247 7047 385.53
274 9943 548.76
272 9577 673.76
298 5684 478.78
248 7968 916.45
275 6781 570.07
273 5184 624.57
299 472 517.32
249 1433 646.05
274 3503 137.34
300 9833 962.06
250 8062 725.26
277 5293 426.76
301 4512 728.62
251 8197 969.57
278 4064 890.24
276 8163 722.21
302 2478 814.98
252 2099 615.69
279 3660 6.81
277 828 384.89
303 7602 979.82
253 1141 837.61
280 8234 434.12
278 8177 868.38
304 9126 912.54
254 5144 830.51
281 9104 620.67
279 9774 434.03
305 9018 508.39
255 3783 856.19
282 1973 174.19
280 5620 906.59
306 8113 493.84
256 6880 900.44
283 9702 117.08
281 5337 925.01
307 1366 29.60
257 8620 311.17
284 74 399.35
282 6636 407.12
308 2529 354.43
258 3350 976.86
285 7416 885.10
283 468 412.08
309 2366 921.95
259 8529 730.17
286 3950 265.31
284 4653 275.87
310 5672 544.27
260 5247 782.36
287 4787 804.71
285 8587 203.24
311 1501 98.96
261 4680 975.38
288 176 731.45
286 2625 212.84
312 2012 380.99
262 9052 22.10
289 9092 668.01
287 3764 473.72
313 7698 613.07
263 7353 528.89
290 6356 127.34
288 8047 839.91
314 1794 212.08
264 2147 34.97
291 2461 855.63
289 4937 704.90
315 1531 478.75
265 2176 42.79
292 1455 786.64
290 1455 687.75
316 6075 609.69
266 6254 357.25
293 2296 833.11
291 536 274.55
317 6398 948.01
267 7057 149.73
294 5142 762.20
292 5041 176.96
318 9744 379.77
268 2227 354.87
295 4328 804.45
293 9841 5.78
319 7137 704.98
269 3326 583.19
296 9055 761.72
294 4595 455.71
320 519 900.96
270 4373 304.00
297 5461 532.90
295 9091 559.45
321 188 626.59
271 7781 739.22
298 1245 464.02
296 1386 149.37
322 1393 203.40
272 1104 279.72
299 3381 713.96
297 9048 159.96
323 2669 84.50
273 417 8.49
300 7287 3.73
298 4680 939.87
324 7559 571.71
274 3489 905.90
299 5821 741.25
325 6073 600.99
275 988 913.14
302 2277 75.48
326 2094 714.91
276 3245 172.67
303 7946 731.15
301 8253 273.17
327 8554 902.97
277 6836 223.40
304 5675 579.26
302 8517 714.63
328 910 492.86
278 9292 7.24
305 6350 221.56
303 8182 966.67
329 1725 437.17
279 2900 74.47
306 9258 499.98
304 3022 747.88
330 9175 206.24
280 51 633.01
307 6936 475.29
305 8558 661.42
331 8640 142.54
281 6735 458.05
308 8223 829.23
306 2862 479.35
332 4193 891.50
282 3387 412.09
309 8893 68.36
307 8631 711.29
333 427 946.60
283 5518 118.22
310 3367 498.90
308 3758 7.18
334 6121 442.48
284 6024 829.19
311 3557 435.08
309 4302 483.69
335 7701 744.89
285 6849 735.58
312 267 364.51
310 2338 68.06
336 6131 950.09
286 9365 174.75
313 8526 488.91
311 5439 257.50
337 1351 566.84
287 2092 385.86
314 4961 140.31
312 2964 494.68
338 9483 75.24
288 3915 153.32
315 3928 967.09
313 3678 905.16
339 6954 992.24
289 3415 914.02
316 166 331.43
314 9968 161.87
340 4760 216.49
290 5376 160.26
317 6051 968.28
315 7706 541.93
341 2226 234.59
291 8897 177.78
318 2569 809.55
316 796 27.68
342 7898 992.89
292 5825 203.33
319 9042 121.02
317 8294 445.34
343 8274 853.03
293 8253 67.18
320 7271 254.68
318 5162 332.57
344 6850 550.81
294 6588 754.71
321 9704 557.75
319 7502 937.87
345 4797 750.81
295 8678 514.29
322 1459 673.23
320 8040 776.48
346 5598 499.75
296 290 569.74
323 7336 858.46
321 2990 730.12
347 3505 123.81
297 104 331.02
324 3834 972.80
322 4849 175.22
348 8729 503.82
298 6082 112.27
325 9892 187.75
323 7603 674.11
349 3842 402.53
299 1482 344.20
324 6750 792.95
350 1353 578.18
300 8481 879.23
327 3362 765.59
351 5506 497.34
301 6861 402.07
328 3766 421.01
326 4799 439.00
352 6406 177.75
302 6466 832.78
329 1725 664.68
327 8183 518.11
353 4017 971.03
303 8558 149.94
330 7678 976.23
328 9124 190.02
354 6736 686.70
304 2449 690.23
331 6468 223.13
329 2875 919.39
355 2559 380.50
305 9245 651.19
332 6365 772.82
330 2485 239.81
356 4337 256.82
306 6857 419.04
333 6341 902.38
331 178 705.97
357 8775 306.51
307 2647 484.38
334 5335 880.73
332 3846 545.80
358 2297 463.89
308 5079 970.91
335 5177 399.41
333 3092 812.90
359 7163 740.51
309 4433 125.55
336 8463 803.27
334 2415 783.46
360 7899 315.51
310 5595 392.64
337 864 930.75
335 2226 330.68
361 9334 422.75
311 7639 80.60
338 3797 194.11
336 8921 97.97
362 5548 398.52
312 5723 134.68
339 5265 574.64
337 6080 798.35
363 165 956.84
313 523 22.92
340 9917 750.12
338 1061 240.47
364 7692 859.66
314 211 685.43
341 2800 610.69
339 3256 511.98
365 5660 27.12
315 1325 165.33
342 7969 475.95
340 8069 67.27
366 2707 231.04
316 6724 843.99
343 1446 14.72
341 9078 607.33
367 63 101.70
317 7536 218.73
344 168 477.76
342 3564 761.28
368 5486 27.18
318 4375 652.55
345 9918 844.59
343 4980 98.96
369 6856 970.39
319 7168 776.27
346 4165 676.75
344 7081 17.81
370 9899 178.58
320 3468 107.80
347 6389 831.55
345 4277 248.11
371 9450 756.53
321 2014 614.00
348 9822 401.14
346 9114 839.26
372 8981 470.74
322 2797 2.54
349 9040 299.79
347 9724 492.88
373 7249 151.19
323 5949 957.46
350 3517 120.12
348 3010 576.65
374 200 53.76
324 3357 909.43
349 602 295.05
375 4128 468.88
325 9615 268.13
352 9463 390.99
376 7038 746.22
326 8253 867.81
353 6006 241.92
351 1334 398.84
377 2390 254.27
327 135 260.48
354 7941 125.49
352 5954 340.92
378 6588 478.14
328 1702 954.82
355 6247 496.76
353 5312 95.39
379 3917 509.77
329 8960 257.94
356 4662 814.23
354 5465 875.12
380 6689 388.61
330 5519 133.99
357 6546 123.69
355 6024 832.80
381 596 687.57
331 2019 965.19
358 4240 801.14
356 5951 337.14
382 1776 886.24
332 8609 317.51
359 9000 705.30
357 3869 801.12
383 1300 434.78
333 6924 645.65
360 789 569.17
358 5565 938.70
384 1813 754.52
334 7811 136.96
361 3947 801.82
359 6863 762.99
385 9107 831.30
335 7580 421.06
362 8659 709.35
360 2661 358.02
386 5401 641.62
336 7081 653.20
363 2133 826.55
361 8568 555.65
387 5476 110.78
337 7987 930.91
364 7288 997.16
362 6691 303.28
388 711 11.37
338 5640 346.33
365 8659 532.87
363 1987 757.39
389 4514 22.13
339 8827 456.23
366 5043 774.54
364 8680 991.02
390 5052 850.37
340 5881 120.04
367 5696 604.61
365 9494 217.18
391 1419 390.79
341 2881 984.26
368 15 443.76
366 1983 247.12
392 295 346.72
342 3177 77.44
369 497 702.70
367 3575 825.01
393 8134 40.17
343 137 522.58
370 4238 404.90
368 1608 573.56
394 2915 22.86
344 1559 691.87
371 8837 127.41
369 5988 366.34
395 3357 15.13
345 7621 361.08
372 3793 841.41
370 4249 172.50
396 9834 224.28
346 9334 46.61
373 1800 951.61
371 7970 508.59
397 1155 8.99
347 9371 698.76
374 9458 456.90
372 1780 828.42
398 4528 479.77
348 7859 551.40
375 7699 18.83
373 3315 249.63
399 6930 910.51
349 4242 160.40
374 3079 279.75
400 989 2.31
350 2926 482.83
377 8985 911.61
401 7626 52.26
351 249 693.62
378 7994 648.64
376 5371 609.10
402 8093 754.04
352 2952 110.95
379 3172 767.41
377 799 137.88
403 1394 187.94
353 237 888.59
380 1181 630.20
378 2268 51.12
404 5473 421.83
354 5827 339.24
381 2431 811.93
379 3713 126.64
405 4556 651.69
355 5826 12.35
382 850 548.57
380 5932 948.06
406 7804 940.73
356 6639 410.38
383 9841 730.59
381 9834 928.87
407 5415 221.38
357 3729 281.12
384 8156 954.09
382 5409 900.13
408 3556 322.24
358 8129 696.54
385 425 597.39
383 8711 592.94
409 5840 915.68
359 5456 559.51
386 3969 976.69
384 7628 402.60
410 1868 510.62
360 8329 854.11
387 5798 432.59
385 3178 438.30
411 7239 735.65
361 2144 928.61
388 4188 64.78
386 1397 603.53
412 5871 973.89
362 1716 660.06
389 5780 47.50
387 2663 927.01
413 5035 694.94
363 9654 729.44
390 1461 959.04
388 8946 24.08
414 7309 730.91
364 8187 185.50
391 9845 523.93
389 787 970.67
415 9379 739.62
365 2903 979.61
392 3936 38.17
390 1303 30.93
416 1558 179.05
366 4741 231.38
393 5386 243.52
391 7274 178.18
417 5349 834.80
367 4755 583.64
394 3721 774.65
392 4954 713.18
418 5361 694.67
368 286 292.72
395 6513 349.49
393 2553 650.12
419 7379 818.50
369 7916 256.58
396 1877 671.05
394 1570 41.38
420 3059 656.48
370 275 800.67
397 7649 9.85
395 3997 950.95
421 678 488.70
371 4041 115.46
398 3450 608.77
396 1756 208.55
422 3989 999.05
372 5669 927.37
399 7211 794.22
397 4512 696.57
423 2694 21.52
373 6691 256.63
400 6501 90.66
398 9704 202.74
424 178 80.96
374 1560 159.09
399 9053 998.98
425 9933 902.83
375 9908 674.42
402 2190 190.32
426 9516 725.81
376 5533 864.15
403 313 712.35
401 7996 834.53
427 5553 968.08
377 3843 523.92
404 1537 91.02
402 8608 256.24
428 7734 317.89
378 4652 143.07
405 743 919.40
403 1132 196.27
429 6962 536.05
379 8422 458.63
406 4064 162.02
404 3757 720.64
430 6925 93.80
380 6714 288.94
407 2603 40.15
405 191 235.43
431 2859 647.07
381 4705 734.70
408 1585 149.20
406 6904 130.55
432 1872 778.56
382 1365 918.78
409 3806 262.96
407 6933 263.35
433 1098 937.81
383 5348 1.26
410 6936 388.35
408 815 291.42
434 7831 161.98
384 2189 388.57
411 1191 623.64
409 6379 599.23
435 8230 828.68
385 1645 755.17
412 7704 153.90
410 1856 439.62
436 8919 12.04
386 817 100.77
413 9165 915.87
411 7971 202.63
437 9803 564.94
387 3667 796.53
414 3152 850.11
412 9554 754.90
438 6318 205.26
388 7239 13.47
415 4200 372.35
413 1796 573.88
439 4027 764.63
389 2434 548.85
416 325 829.20
414 738 123.76
440 2224 215.80
390 6373 895.54
417 4406 86.49
415 3978 293.57
441 2613 825.01
391 8378 538.42
418 9403 107.78
416 2630 790.23
442 6227 797.45
392 2215 694.92
419 7269 922.53
417 6403 331.38
443 2263 323.15
393 2351 854.43
420 6656 569.04
418 4313 103.37
444 3218 586.80
394 9625 68.39
421 9720 444.93
419 8449 920.40
445 5970 808.04
395 2951 384.35
422 1637 672.37
420 3307 249.73
446 2042 956.91
396 2048 141.35
423 9566 958.76
421 1754 182.89
447 5002 653.23
397 6755 391.88
424 7079 524.09
422 1813 516.91
448 9338 37.66
398 2453 202.56
425 6097 637.51
423 9061 979.01
449 9096 216.20
399 5633 547.74
424 2630 839.09
450 3247 325.46
400 7585 216.35
427 2950 298.96
451 3054 636.27
401 506 599.89
428 3213 254.91
426 9866 174.32
452 9659 687.44
402 2579 650.32
429 6029 19.23
427 4680 364.52
453 37 26.42
403 1776 797.76
430 2686 601.98
428 1773 101.05
454 8456 667.71
404 3808 70.75
431 4067 504.63
429 7870 56.43
455 9223 667.26
405 5289 775.75
432 6137 222.61
430 8088 43.30
456 7755 303.13
406 2319 135.67
433 4190 797.89
431 5888 831.31
457 8687 990.16
407 5043 584.10
434 1950 687.70
432 1810 379.24
458 4444 112.25
408 924 638.23
435 9731 173.36
433 9722 952.64
459 1065 199.35
409 7863 268.03
436 128 7.21
434 4783 884.58
460 2820 870.50
410 4744 360.89
437 6252 912.64
435 7176 200.66
461 8388 746.82
411 3524 338.45
438 7147 864.65
436 8062 533.54
462 5105 937.12
412 5498 582.70
439 9005 85.38
437 3980 826.07
463 3716 734.70
413 595 550.77
440 5851 896.99
438 1639 348.98
464 8471 852.69
414 1055 349.07
441 102 178.79
439 3407 567.75
465 4867 304.63
415 1470 107.97
442 5272 445.92
440 8082 498.74
466 2458 462.13
416 4724 251.84
443 4812 362.80
441 1770 485.28
467 1006 212.30
417 6775 681.24
444 6779 909.67
442 5053 347.73
468 8101 224.76
418 6690 470.17
445 6981 311.53
443 5254 691.14
469 7611 884.25
419 6025 144.58
446 270 501.90
444 396 393.29
470 7342 568.86
420 6066 432.08
447 6729 365.91
445 6022 667.47
471 9285 363.69
421 7205 105.78
448 9811 859.57
446 8578 782.78
472 4476 221.05
422 9247 570.32
449 4190 105.41
447 4837 27.75
473 5271 291.40
423 1912 289.69
450 7717 158.80
448 9203 991.47
474 5088 375.30
424 9 964.12
449 7468 919.11
475 9457 2.12
425 5727 361.91
452 525 407.74
476 1344 247.53
426 6279 156.98
453 7710 598.54
451 1639 812.25
477 5734 361.91
427 1545 993.44
454 4060 235.52
452 7796 286.87
478 6224 362.72
428 4647 721.03
455 324 761.00
453 596 566.30
479 5558 180.76
429 2997 456.64
456 5565 815.96
454 4192 886.78
480 5299 217.44
430 7965 250.22
457 6503 50.80
455 348 815.08
481 1173 579.01
431 223 280.80
458 7534 872.45
456 1508 5.63
482 3722 357.49
432 6764 887.90
459 1146 351.08
457 8940 137.59
483 7908 479.60
433 9624 778.90
460 5549 897.17
458 124 763.96
484 5889 262.41
434 7017 161.50
461 2027 114.03
459 250 347.60
485 7731 571.55
435 3943 738.49
462 1375 631.81
460 9787 823.19
486 2230 975.32
436 3023 777.73
463 860 995.93
461 5223 153.46
487 4822 108.58
437 7547 359.06
464 188 618.31
462 6005 827.37
488 2389 682.57
438 9389 773.11
465 6780 391.15
463 259 204.55
489 8924 701.87
439 9602 377.33
466 4563 383.51
464 2736 792.62
490 6846 418.51
440 7599 319.64
467 6162 643.32
465 5004 860.41
491 4129 624.12
441 747 113.40
468 5216 16.99
466 3665 208.30
492 8402 64.77
442 6212 104.37
469 8426 234.26
467 4583 340.90
493 1052 49.49
443 6012 425.65
470 9968 158.23
468 5812 821.23
494 5370 977.26
444 6962 773.50
471 4870 771.52
469 1471 172.55
495 9201 705.11
445 5836 536.52
472 7002 420.03
470 2128 393.33
496 7897 523.50
446 5556 376.23
473 3049 317.80
471 8326 338.09
497 5090 587.73
447 3050 562.01
474 2165 364.48
472 6039 149.03
498 1301 46.03
448 4602 344.94
475 1768 869.55
473 9086 421.70
499 7798 179.82
449 5809 745.39
474 8009 658.49
500 8890 817.33
450 4787 283.73
477 8336 832.84
501 6238 952.36
451 7978 291.45
478 7131 159.55
476 57 946.54
502 1887 573.11
452 5036 283.52
479 5787 608.23
477 6658 217.57
503 5566 294.38
453 6792 371.05
480 615 720.30
478 2086 191.35
504 6523 819.82
454 2979 678.65
481 7946 651.89
479 8291 935.33
505 5419 452.09
455 4378 224.42
482 4509 814.81
480 4429 152.93
506 9951 248.57
456 6671 912.57
483 6241 114.35
481 8580 175.11
507 485 173.77
457 6940 73.79
484 9353 381.48
482 5542 555.76
508 2682 563.65
458 9269 218.39
485 6856 543.25
483 9219 426.93
509 9696 877.67
459 788 330.44
486 5407 216.92
484 9139 384.87
510 8075 121.40
460 908 439.69
487 5583 72.97
485 1259 808.89
511 8055 937.29
461 4328 240.97
488 6459 397.70
486 2337 870.92
512 7625 47.46
462 7742 782.45
489 9293 317.09
487 511 787.44
513 596 457.59
463 5579 447.23
490 4203 814.00
488 3032 165.71
514 8787 553.22
464 7787 590.02
491 2586 14.76
489 2113 967.34
515 2917 103.29
465 4894 792.88
492 5852 288.78
490 1485 40.05
516 8349 739.70
466 2399 234.65
493 9071 560.45
491 3888 227.28
517 3240 741.24
467 9877 135.58
494 180 937.59
492 9269 143.09
518 8592 183.42
468 577 495.17
495 701 24.42
493 4594 46.97
519 4515 560.61
469 6997 112.07
496 843 436.71
494 6921 460.45
520 5751 822.28
470 2948 148.62
497 5201 472.20
495 1416 506.54
521 292 474.24
471 5571 219.74
498 4277 774.83
496 5526 288.96
522 2390 509.97
472 1534 465.13
499 9005 661.77
497 2850 69.17
523 5713 28.11
473 8518 761.37
500 3012 392.47
498 4067 177.02
524 4196 361.24
474 6400 960.95
499 1671 268.14
525 2627 80.47
475 7171 288.15
502 2265 857.05
526 5965 347.44
476 1757 842.44
503 9208 815.58
501 3260 928.01
527 214 430.64
477 7664 181.65
504 9156 622.36
502 53 362.44
528 2755 764.51
478 7554 885.77
505 7519 590.44
503 794 514.83
529 4038 656.87
479 3370 403.57
506 3288 581.80
504 3536 213.94
530 4754 35.96
480 7608 779.76
507 4385 261.74
505 8428 372.27
531 2466 560.76
481 9936 884.65
508 3986 15.82
506 4899 519.70
532 2943 993.55
482 6590 200.66
509 6109 557.48
507 3718 435.35
533 8326 597.52
483 5011 123.57
510 5533 106.79
508 8070 738.17
534 535 918.04
484 376 553.70
511 7065 873.87
509 3007 569.56
535 9217 735.17
485 1958 472.52
512 4828 976.36
510 5683 110.89
536 2545 904.81
486 4517 211.95
513 2916 465.97
511 2998 48.06
537 7099 739.68
487 3839 653.11
514 5563 832.71
512 871 851.03
538 8918 380.50
488 5601 614.43
515 2082 321.81
513 2548 687.92
539 7630 131.74
489 2277 585.01
516 513 602.73
514 4941 340.42
540 747 997.39
490 2375 792.76
517 4924 688.50
515 3222 232.63
541 9522 989.19
491 1298 461.85
518 4881 191.98
516 92 265.34
542 3811 857.88
492 1030 741.30
519 7515 209.11
517 3436 879.99
543 7266 475.34
493 7972 821.11
520 9028 483.58
518 8351 748.97
544 2290 984.51
494 6084 327.96
521 7070 442.87
519 7343 968.74
545 6476 937.33
495 2241 544.47
522 4890 188.55
520 9450 981.09
546 168 607.40
496 5890 669.34
523 8738 55.73
521 689 535.69
547 9704 11.57
497 722 873.22
524 806 352.79
522 8511 115.79
548 6944 167.86
498 6576 413.63
525 5474 211.67
523 8176 236.58
549 3054 687.69
499 7826 531.58
524 459 17.76
550 1277 263.45
500 2892 915.26
527 7008 205.46
551 679 419.27
501 2249 951.46
528 8221 751.59
526 2202 898.97
552 6001 804.48
502 6681 736.54
529 2621 245.57
527 989 801.22
553 726 466.76
503 9022 521.03
530 3442 732.88
528 4278 775.01
554 1202 759.81
504 2580 941.02
531 8994 807.60
529 5220 170.44
555 5626 810.71
505 964 218.98
532 8884 637.56
530 9040 953.22
556 4767 98.38
506 4067 359.11
533 1062 282.61
531 2664 628.09
557 6215 235.94
507 5109 31.55
534 5920 632.40
532 5453 362.94
558 3973 527.10
508 8675 986.72
535 4808 164.61
533 5215 114.05
559 2071 922.69
509 4900 92.86
536 269 393.41
534 7053 741.87
560 9835 441.07
510 5860 649.40
537 6470 847.86
535 3720 664.85
561 82 973.08
511 8048 738.76
538 6160 905.67
536 7427 445.93
562 955 747.91
512 5806 353.94
539 443 657.22
537 5621 596.82
563 4988 938.92
513 4190 561.35
540 2782 274.31
538 6300 784.64
564 5478 701.91
514 4333 141.49
541 2500 941.86
539 64 41.68
565 6716 82.00
515 5356 641.18
542 2411 38.06
540 8912 27.14
566 8439 383.29
516 9111 596.50
543 2047 210.64
541 5943 370.28
567 4148 274.19
517 3229 791.81
544 3437 192.36
542 6467 497.18
568 8835 647.11
518 8457 955.20
545 6825 472.16
543 7447 225.15
569 3983 803.53
519 4921 83.07
546 3674 372.87
544 1900 764.92
570 9751 376.80
520 7382 833.24
547 9995 92.22
545 5619 95.36
571 4069 371.96
521 9910 312.64
548 1252 198.50
546 7469 458.04
572 7220 546.16
522 1261 635.45
549 7251 193.82
547 4510 233.96
573 4146 776.50
523 3101 215.42
550 3159 790.21
548 3518 148.86
574 9081 212.21
524 4363 68.86
549 6441 716.27
575 3234 907.90
525 6977 332.37
552 4494 331.12
576 6053 194.46
526 2523 362.87
553 216 978.44
551 7214 414.02
577 6684 922.01
527 9104 670.79
554 5783 65.91
552 2116 274.18
578 9956 507.12
528 1233 138.98
555 3674 943.73
553 4550 793.36
579 3185 830.13
529 5120 661.14
556 585 271.32
554 9294 989.48
580 4891 271.33
530 7335 226.82
557 7690 509.21
555 61 528.07
581 6847 338.03
531 9724 432.53
558 859 617.59
556 6137 591.17
582 8879 939.76
532 3072 784.50
559 8456 282.12
557 7853 626.67
583 5379 889.70
533 3566 12.34
560 6549 242.53
558 7285 654.52
584 747 951.14
534 8426 605.48
561 4633 667.08
559 786 561.21
585 7223 712.07
535 2848 706.78
562 7488 512.68
560 9846 620.09
586 871 606.76
536 337 391.74
563 9724 276.43
561 7318 256.23
587 3260 847.36
537 2433 450.45
564 165 377.96
562 1234 652.65
588 919 83.71
538 4912 50.66
565 3952 44.64
563 4821 773.03
589 9915 407.40
539 3966 858.77
566 2999 809.70
564 7852 288.88
590 9390 109.25
540 2388 790.05
567 5325 821.19
565 1759 441.95
591 9901 856.91
541 2326 394.86
568 6246 557.07
566 4478 936.65
592 9009 531.55
542 38 764.12
569 3425 730.33
567 3752 506.93
593 5146 416.23
543 2280 949.70
570 1882 681.80
568 2199 440.36
594 8759 457.57
544 5654 264.18
571 2663 892.70
569 7889 961.19
595 472 117.37
545 3203 281.91
572 1789 872.29
570 7497 269.46
596 8651 322.01
546 628 52.00
573 6084 271.38
571 3726 209.67
597 5985 600.20
547 6098 175.43
574 2694 297.65
572 2139 494.78
598 9432 429.79
548 6121 311.26
575 9842 244.66
573 8212 945.86
599 9026 42.46
549 3927 238.69
574 3329 349.00
600 6074 218.96
550 4465 529.13
577 650 950.85
601 4496 112.23
551 6496 768.90
578 8433 809.38
576 4210 167.17
602 3465 683.57
552 2003 903.07
579 5826 298.98
577 9613 818.89
603 4277 833.36
553 9719 15.11
580 4505 785.58
578 7945 291.63
604 6472 440.83
554 2837 107.97
581 9892 697.51
579 6117 404.06
605 3279 956.17
555 4063 615.41
582 5537 623.58
580 6209 327.77
606 6664 583.96
556 9436 302.15
583 8122 474.06
581 9077 634.63
607 1392 824.12
557 6029 946.70
584 7924 989.20
582 7188 71.45
608 9957 166.14
558 4820 321.65
585 2482 284.39
583 8281 918.27
609 1920 203.10
559 6338 110.09
586 9058 388.65
584 2042 164.81
610 1561 907.87
560 3447 647.83
587 9986 51.33
585 6512 227.70
611 29 923.64
561 3733 938.10
588 463 997.67
586 9278 720.76
612 5494 769.63
562 5383 855.42
589 3047 640.53
587 4262 171.89
613 8182 975.31
563 8441 993.45
590 2053 78.20
588 1966 83.14
614 3632 852.66
564 3380 13.46
591 9876 292.08
589 8273 430.13
615 6316 487.94
565 6851 417.69
592 3444 811.38
590 531 575.49
616 22 857.82
566 7105 61.57
593 1444 742.12
591 6995 676.21
617 853 917.44
567 7271 906.33
594 1717 33.22
592 1508 896.31
618 4425 683.49
568 1710 778.89
595 28 133.77
593 3863 775.09
619 8379 744.76
569 5818 902.24
596 780 743.56
594 9937 312.34
620 2896 657.99
570 5979 327.80
597 6074 395.90
595 348 194.78
621 5687 49.28
571 5387 272.39
598 3764 611.35
596 3631 161.47
622 7165 37.35
572 8270 106.75
599 7574 819.79
597 2661 271.75
623 9057 962.24
573 3374 837.86
600 8943 392.68
598 1189 833.02
624 2278 156.20
574 5425 190.99
599 767 663.82
625 3384 124.31
575 9128 719.80
602 8283 574.43
626 5345 158.83
576 63 431.84
603 6310 761.31
601 4029 68.23
627 7130 32.35
577 2284 282.28
604 6448 862.48
602 3167 656.35
628 1996 188.21
578 4204 490.68
605 8439 750.43
603 4902 697.64
629 2910 768.45
579 5653 189.00
606 5621 843.93
604 1725 958.89
630 4770 209.39
580 3367 655.24
607 474 359.59
605 9489 726.93
631 8058 115.84
581 9129 232.99
608 4574 687.95
606 1252 944.56
632 2541 896.58
582 6560 797.01
609 9033 223.51
607 677 712.60
633 5653 513.18
583 3356 999.39
610 8635 744.72
608 5258 792.81
634 3779 276.06
584 3618 785.18
611 9269 102.07
609 4758 742.50
635 6046 61.14
585 6573 991.36
612 9168 171.72
610 8544 277.53
636 3044 725.95
586 2591 1.42
613 6545 672.24
611 5459 97.68
637 4011 850.51
587 8138 333.50
614 7634 798.38
612 4792 77.64
638 1480 712.84
588 1354 788.16
615 3338 567.09
613 3875 286.71
639 6165 283.23
589 3855 130.20
616 1165 49.19
614 1164 965.00
640 8061 550.72
590 8811 134.24
617 1937 294.52
615 4473 427.00
641 892 833.74
591 1612 884.81
618 9985 960.12
616 1465 592.63
642 216 82.30
592 6716 349.15
619 1373 611.18
617 9676 203.45
643 5804 259.43
593 5522 983.78
620 588 385.59
618 1821 378.10
644 234 963.40
594 2007 712.79
621 1359 38.52
619 4753 266.31
645 3910 785.18
595 5902 172.43
622 7096 130.34
620 9621 613.44
646 5475 719.59
596 6585 451.44
623 9884 375.59
621 5297 845.56
647 3334 980.41
597 7052 127.22
624 7021 793.89
622 2685 667.67
648 6507 184.43
598 1894 906.06
625 963 555.04
623 4504 123.81
649 7340 519.81
599 2469 655.84
624 7588 33.57
650 1239 665.30
600 1207 582.54
627 5343 884.12
651 4527 347.38
601 3722 129.09
628 7839 319.33
626 7860 474.48
652 1332 620.52
602 3504 906.89
629 5205 501.97
627 9593 10.58
653 1702 689.66
603 7958 166.91
630 8378 464.90
628 2096 262.84
654 4260 619.15
604 9570 607.87
631 7033 618.48
629 9854 448.19
655 2743 647.17
605 6551 426.67
632 5390 2.84
630 8205 353.12
656 7363 516.13
606 5603 71.25
633 9245 443.10
631 8419 166.53
657 1947 643.61
607 7841 175.58
634 412 340.22
632 448 684.24
658 1637 820.36
608 4694 200.32
635 7114 569.32
633 3091 821.74
659 5302 552.33
609 4747 126.16
636 5518 399.41
634 5413 756.69
660 5850 795.75
610 7100 413.23
637 3654 620.85
635 8196 301.28
661 2650 529.00
611 7668 163.77
638 7003 723.32
636 1709 988.52
662 1989 49.76
612 4475 740.96
639 2089 88.85
637 3374 909.55
663 841 778.94
613 9894 679.93
640 3676 741.24
638 5977 899.29
664 9527 626.14
614 5660 265.21
641 4155 961.70
639 5457 930.89
665 7173 727.38
615 7661 111.51
642 8718 758.17
640 6139 260.45
666 8059 241.36
616 3601 887.69
643 7152 124.47
641 8384 824.41
667 8740 192.80
617 476 373.55
644 9895 685.27
642 9465 705.66
668 4035 116.36
618 9961 863.29
645 1229 811.28
643 7444 206.79
669 1010 861.49
619 6710 753.15
646 5522 216.36
644 9063 878.20
670 8782 252.44
620 8765 934.68
647 3653 231.68
645 923 623.44
671 9020 748.04
621 3382 123.89
648 7364 921.22
646 4500 176.62
672 6220 926.72
622 9950 503.34
649 5829 451.92
647 4312 67.53
673 3416 533.54
623 3284 463.66
650 3831 389.61
648 813 832.61
674 3694 128.06
624 7812 223.55
649 6373 282.94
675 8094 745.31
625 6121 569.13
652 1808 924.42
676 7874 98.56
626 1971 83.60
653 7667 738.59
651 3804 337.01
677 4243 738.17
627 1133 854.60
654 7889 347.38
652 167 663.49
678 2658 349.97
628 6485 517.48
655 1214 498.21
653 5340 821.40
679 5825 323.85
629 4320 222.64
656 9708 315.75
654 3579 232.31
680 3350 302.29
630 849 859.31
657 7378 972.10
655 600 999.62
681 6406 80.85
631 9045 753.01
658 3156 147.27
656 3478 4.91
682 8033 555.35
632 5278 35.46
659 7574 415.14
657 7382 169.52
683 4490 214.54
633 2509 578.13
660 7981 356.43
658 4335 711.80
684 8165 701.11
634 6971 939.00
661 3062 367.26
659 6113 119.82
685 6 509.32
635 1252 544.67
662 4049 576.45
660 3147 826.04
686 3319 939.64
636 6898 908.66
663 9960 660.42
661 9995 208.24
687 687 665.27
637 3995 207.96
664 7248 900.49
662 9317 386.11
688 1550 495.49
638 8620 68.07
665 5943 740.98
663 9676 498.67
689 6483 855.65
639 3224 784.36
666 7541 890.37
664 1619 267.00
690 1748 862.77
640 6943 897.13
667 4514 680.76
665 4396 444.20
691 9440 144.47
641 2092 358.45
668 2967 565.49
666 1082 439.84
692 3915 288.11
642 3621 290.61
669 820 987.22
667 9445 649.77
693 1398 911.51
643 9051 512.80
670 5820 269.29
668 8259 112.54
694 9935 106.02
644 3667 705.74
671 1010 787.41
669 9769 884.72
695 1805 457.84
645 7179 505.98
672 3841 725.17
670 9529 931.94
696 5093 364.91
646 6428 454.91
673 6140 634.59
671 9210 948.26
697 4695 21.34
647 948 682.64
674 9333 372.74
672 9517 25.73
698 6955 175.39
648 7653 949.02
675 5548 667.37
673 5175 782.24
699 2359 557.59
649 3484 93.50
674 6309 265.33
700 5506 278.10
650 4017 305.27
677 6056 223.18
701 8 558.89
651 2291 222.12
678 6910 505.89
676 2770 323.07
702 5737 85.02
652 513 92.66
679 6539 593.30
677 3616 238.43
703 2505 758.56
653 9421 549.09
680 2265 322.65
678 4646 958.85
704 8432 731.72
654 6819 534.92
681 8607 352.40
679 1641 103.46
705 7714 350.13
655 8846 38.43
682 3827 497.24
680 3760 20.08
706 6372 564.21
656 574 585.72
683 2776 376.82
681 8210 571.08
707 5549 317.67
657 1261 737.72
684 1975 514.50
682 9102 22.07
708 9925 495.10
658 2009 898.51
685 833 591.93
683 6855 881.24
709 661 759.68
659 194 908.30
686 1219 180.32
684 4590 260.69
710 2207 625.60
660 3588 74.54
687 2598 668.01
685 3315 413.70
711 5312 654.43
661 2751 888.38
688 4347 180.10
686 8833 163.18
712 9282 648.37
662 5742 64.12
689 2563 979.02
687 5334 962.19
713 3842 719.17
663 5656 184.85
690 544 383.95
688 9199 649.60
714 6015 740.62
664 4052 960.84
691 9804 168.16
689 613 399.01
715 1180 829.41
665 899 373.19
692 5790 100.90
690 8199 397.05
716 9730 237.05
666 4057 734.15
693 1304 294.55
691 5994 822.91
717 1231 180.74
667 9215 952.37
694 6822 471.17
692 8511 781.22
718 4454 269.91
668 9714 186.23
695 3893 154.04
693 2151 847.27
719 3874 239.92
669 3545 455.30
696 709 722.42
694 5550 291.44
720 1380 454.05
670 3536 744.33
697 8591 113.64
695 2647 995.88
721 6090 853.34
671 4833 692.52
698 3510 111.08
696 4611 394.14
722 3878 556.29
672 7552 567.20
699 5710 56.81
697 5486 884.70
723 9583 105.69
673 6431 609.03
700 6070 866.83
698 5005 542.16
724 3049 925.07
674 3920 11.07
699 7778 497.14
725 9285 650.73
675 8587 532.71
702 5439 180.99
726 5810 603.51
676 8330 58.39
703 9958 552.66
701 5814 237.50
727 1505 582.43
677 2414 972.14
704 5279 170.82
702 6442 388.33
728 4166 241.06
678 8436 449.53
705 3560 841.63
703 1866 369.29
729 9178 946.64
679 4891 238.53
706 5371 440.37
704 612 353.39
730 5980 215.74
680 45 206.76
707 7137 382.52
705 9191 451.56
731 7150 910.98
681 1232 786.20
708 5484 617.55
706 6039 693.93
732 2888 826.72
682 2795 912.88
709 3602 960.56
707 4781 816.39
733 8345 593.55
683 6873 793.94
710 5517 679.21
708 6108 608.83
734 7943 704.85
684 2821 366.84
711 5339 653.77
709 573 858.49
735 7693 15.24
685 5384 930.92
712 1164 157.54
710 2626 134.76
736 6911 617.70
686 1185 231.14
713 7575 755.15
711 2055 266.39
737 7367 321.90
687 8287 643.52
714 2523 627.29
712 3051 500.16
738 7000 377.46
688 5124 372.07
715 4082 197.41
713 8032 126.05
739 9359 179.21
689 1552 263.23
716 4162 174.27
714 1400 137.54
740 1897 888.41
690 4703 923.31
717 9819 681.16
715 8429 792.62
741 9218 45.54
691 1834 133.80
718 7402 578.29
716 3852 962.37
742 2525 956.73
692 7487 748.76
719 6992 149.02
717 799 931.56
743 9454 45.04
693 2542 815.46
720 7069 361.45
718 9591 487.32
744 5096 915.07
694 3361 102.38
721 3834 291.57
719 7458 866.07
745 1321 993.12
695 233 18.73
722 1366 226.19
720 4167 811.99
746 7972 619.30
696 8979 739.85
723 979 63.52
721 9532 889.66
747 1175 861.63
697 5965 891.00
724 90 208.43
722 566 693.50
748 2182 57.32
698 2116 852.95
725 233 835.29
723 7939 88.14
749 8761 86.43
699 1967 223.46
724 3230 339.01
750 3431 53.25
700 8907 935.27
727 9275 123.60
751 90 951.74
701 5260 788.40
728 6138 672.39
726 9487 364.24
752 8375 907.07
702 8391 944.84
729 5381 733.20
727 8069 845.98
753 6895 86.18
703 4433 374.42
730 3858 584.38
728 4043 856.27
754 1760 397.56
704 2304 38.48
731 7976 451.94
729 5172 870.47
755 8129 404.12
705 2666 489.72
732 6395 401.88
730 1429 455.96
756 1200 896.42
706 9816 912.76
733 6298 819.15
731 7327 857.32
757 2339 175.73
707 3460 611.66
734 6611 171.84
732 7574 971.40
758 3769 361.43
708 5902 182.06
735 4232 553.07
733 9421 99.99
759 9039 172.94
709 9809 804.96
736 7730 617.96
734 614 443.79
760 5945 467.33
710 6143 525.36
737 8122 805.45
735 3779 63.03
761 2417 905.68
711 5889 681.57
738 4266 69.47
736 1803 164.57
762 1451 199.72
712 2792 800.51
739 337 649.90
737 3857 79.77
763 8747 855.29
713 2421 820.20
740 3010 658.68
738 8644 82.88
764 4167 180.33
714 6712 175.32
741 1174 409.03
739 8110 711.27
765 7894 831.43
715 8332 951.63
742 4257 353.56
740 6224 226.64
766 9161 573.41
716 2857 767.31
743 1714 144.13
741 8507 891.38
767 5785 965.28
717 2693 346.05
744 9679 257.06
742 5441 85.57
768 5528 322.37
718 1559 929.03
745 6071 497.95
743 1850 199.95
769 9991 168.76
719 5251 484.06
746 9178 669.45
744 6262 671.69
770 4738 256.29
720 5333 845.74
747 5243 881.74
745 6847 715.55
771 5356 777.94
721 2820 874.73
748 4615 640.73
746 4341 845.37
772 1721 577.91
722 7108 279.72
749 219 23.79
747 2853 414.57
773 1674 171.77
723 2864 982.63
750 7710 971.43
748 2380 168.96
774 4470 679.31
724 2033 833.69
749 709 262.17
775 8887 983.96
725 8522 737.04
752 6949 243.85
776 8080 941.11
726 9207 46.17
753 4894 401.29
751 7633 907.47
777 3131 621.17
727 6752 136.60
754 7203 114.08
752 7574 927.78
778 7329 404.21
728 7925 388.99
755 9729 806.08
753 6679 704.91
779 3484 803.90
729 2381 291.08
756 9890 673.43
754 7513 407.98
780 7655 340.74
730 176 438.57
757 6448 872.03
755 3182 639.58
781 2440 594.92
731 303 816.02
758 6567 614.79
756 9780 480.52
782 6449 843.91
732 8801 995.74
759 9773 737.61
757 6732 47.22
783 5462 44.63
733 2701 908.88
760 8918 920.20
758 4801 833.72
784 6511 140.92
734 4983 874.60
761 3381 614.15
759 128 892.32
785 7783 251.01
735 5723 281.01
762 1381 367.31
760 7299 67.89
786 5463 281.46
736 9530 378.40
763 900 965.94
761 669 402.28
787 7097 837.39
737 5709 360.39
764 4029 703.37
762 8436 681.04
788 4404 801.16
738 9008 790.52
765 8320 83.18
763 8201 602.99
789 7024 496.62
739 34 865.78
766 6449 392.99
764 8083 494.85
790 1704 96.57
740 393 222.61
767 1005 999.33
765 3929 742.78
791 6929 963.95
741 2221 578.91
768 4983 662.51
766 3882 548.51
792 83 620.34
742 4492 200.99
769 2885 327.00
767 1130 554.63
793 2156 424.42
743 6471 740.32
770 7846 866.44
768 5266 631.04
794 5207 385.47
744 2956 585.59
771 9669 594.09
769 4769 491.68
795 7574 339.42
745 6948 400.65
772 1290 61.13
770 890 788.40
796 4759 706.73
746 7780 986.42
773 2273 790.01
771 5372 961.42
797 8307 885.00
747 8973 882.65
774 1010 507.03
772 1327 732.52
798 9932 437.24
748 7302 292.13
775 7698 729.08
773 8243 114.33
799 4833 316.90
749 5485 840.60
774 9487 824.58
800 8437 775.10
750 2500 507.33
777 4850 634.55
801 2026 288.14
751 1764 919.76
778 4731 854.23
776 3312 506.36
802 4105 434.30
752 3633 37.62
779 3836 130.61
777 193 274.60
803 3904 479.94
753 166 936.60
780 580 70.20
778 7069 710.88
804 1045 737.66
754 8731 317.05
781 4121 326.71
779 8265 394.49
805 6375 131.67
755 9424 448.01
782 1396 540.46
780 2842 116.21
806 4183 470.70
756 1820 101.99
783 4855 956.34
781 777 124.33
807 7349 569.70
757 3936 943.65
784 8909 780.68
782 8617 278.83
808 8189 802.17
758 4762 281.49
785 2381 168.95
783 9819 78.03
809 8982 18.24
759 3679 241.96
786 2906 408.88
784 5621 270.63
810 9185 322.24
760 4181 542.12
787 1660 882.08
785 5573 946.80
811 9882 844.88
761 4855 213.39
788 799 117.91
786 9030 987.61
812 5603 10.33
762 7961 904.69
789 961 241.62
787 2450 759.81
813 874 389.51
763 5274 435.58
790 2383 42.39
788 4438 905.44
814 3726 691.40
764 5332 398.29
791 6069 958.04
789 5621 598.70
815 9684 866.50
765 3962 168.40
792 4204 244.24
790 6004 868.66
816 5081 990.13
766 8309 751.22
793 5386 911.53
791 7146 815.53
817 2868 260.34
767 2604 171.36
794 3513 660.22
792 6260 775.68
818 5672 991.40
768 6872 442.63
795 5977 507.25
793 4920 820.12
819 1028 495.70
769 3142 970.24
796 2672 474.88
794 499 806.34
820 4693 343.21
770 1366 759.93
797 9378 254.02
795 301 785.43
821 4119 743.64
771 689 296.24
798 4564 78.36
796 8286 789.88
822 3445 398.84
772 2894 816.13
799 836 133.71
797 3528 865.20
823 9984 141.08
773 4789 803.04
800 6073 783.75
798 676 141.27
824 2604 360.79
774 5885 928.06
799 8517 806.38
825 5206 87.03
775 9591 744.26
802 1004 544.07
826 3345 295.72
776 4955 967.90
803 4924 655.54
801 5342 230.07
827 9384 439.39
777 2524 742.92
804 8409 642.45
802 8071 23.77
828 2565 426.83
778 3687 225.63
805 5787 877.64
803 7057 584.46
829 2377 853.29
779 5070 164.55
806 9459 379.29
804 2583 471.89
830 3015 248.21
780 7702 805.21
807 3134 370.31
805 3874 607.46
831 5481 224.07
781 6359 58.85
808 4115 700.41
806 9522 451.38
832 6194 942.41
782 8867 500.16
809 9449 260.78
807 9093 461.30
833 6196 778.39
783 4951 598.65
810 5959 378.13
808 5399 169.05
834 6182 883.17
784 945 8.95
811 8756 422.45
809 4755 238.71
835 2934 650.97
785 6420 288.96
812 4546 346.42
810 2809 858.60
836 3430 471.81
786 1107 325.31
813 5784 411.20
811 8676 323.66
837 7640 387.51
787 4351 266.46
814 2146 480.73
812 8689 72.31
838 8113 996.99
788 3257 29.88
815 4506 119.04
813 8265 621.89
839 8253 372.15
789 1346 796.81
816 2197 670.13
814 7013 503.89
840 6293 323.74
790 5682 680.69
817 6186 164.20
815 6071 469.95
841 4676 458.37
791 3771 283.79
818 4968 944.68
816 5054 903.80
842 7140 723.86
792 8937 625.06
819 4708 936.05
817 4632 997.73
843 555 495.25
793 5194 57.82
820 8650 135.59
818 2763 154.53
844 9814 510.11
794 3270 871.06
821 4708 490.13
819 2319 730.60
845 4039 729.35
795 5593 184.05
822 7912 5.62
820 785 163.26
846 8910 274.01
796 5470 311.92
823 1932 883.01
821 1922 5.92
847 778 10.22
797 874 792.46
824 2850 893.80
822 2499 786.56
848 8357 706.81
798 607 780.50
825 6663 839.38
823 30 510.33
849 4963 153.34
799 1705 903.80
824 2280 70.74
850 1121 109.50
800 7740 785.49
827 1442 702.68
851 1723 543.32
801 7711 974.98
828 9008 223.75
826 4124 203.33
852 4217 738.12
802 9230 994.50
829 4765 928.43
827 3295 641.26
853 3116 647.55
803 8733 835.31
830 7074 202.50
828 6236 979.72
854 8332 701.71
804 2291 675.77
831 7133 357.16
829 2913 155.37
855 8044 933.35
805 6627 12.28
832 5733 676.07
830 6142 929.97
856 3747 523.63
806 3854 476.13
833 9005 544.12
831 2741 223.41
857 2077 531.21
807 5380 295.94
834 9429 81.68
832 7291 89.00
858 1906 459.83
808 599 528.84
835 8296 309.05
833 3235 555.07
859 7552 606.46
809 6246 52.40
836 5301 208.00
834 8100 86.83
860 7273 276.25
810 8004 11.63
837 6193 756.38
835 1842 807.06
861 1845 952.73
811 5238 743.75
838 974 659.73
836 7799 944.55
862 3907 309.70
812 460 133.26
839 3754 686.95
837 7803 910.42
863 7901 676.67
813 1546 970.48
840 9123 828.12
838 8577 812.43
864 9788 142.88
814 8555 678.20
841 7425 86.94
839 1342 482.01
865 2331 307.28
815 3917 466.68
842 7357 492.51
840 7609 479.70
866 1748 606.24
816 8656 157.60
843 5505 581.78
841 1289 114.94
867 8781 607.23
817 4185 540.16
844 8754 211.19
842 8207 782.63
868 3825 391.48
818 8018 48.36
845 6400 247.98
843 381 618.76
869 1253 42.23
819 747 127.56
846 2964 912.80
844 9941 118.41
870 715 597.34
820 4844 6.17
847 5989 105.88
845 1787 140.61
871 2234 393.60
821 6509 768.81
848 4652 441.33
846 4737 537.92
872 9032 624.61
822 5438 847.17
849 312 113.62
847 8485 439.34
873 4478 569.59
823 4886 457.46
850 5930 376.16
848 541 12.20
874 6862 229.67
824 3365 79.43
849 4581 691.34
875 8777 70.81
825 6266 302.29
852 5413 915.55
876 9436 522.99
826 3769 948.21
853 9344 222.23
851 7927 802.85
877 615 85.00
827 8199 724.21
854 1435 347.22
852 7155 218.85
878 5223 549.15
828 2719 14.20
855 1236 641.22
853 4373 328.17
879 4233 540.00
829 9798 830.29
856 8193 756.50
854 8714 74.11
880 42 812.36
830 2738 887.60
857 3703 905.44
855 565 532.88
881 6722 682.95
831 6315 150.04
858 148 614.34
856 4228 461.61
882 6343 719.41
832 6559 724.07
859 2707 277.98
857 4436 716.23
883 7166 947.09
833 4970 162.08
860 1591 197.71
858 5741 396.16
884 2123 67.41
834 6777 101.45
861 1866 172.66
859 4520 172.07
885 7022 57.45
835 1303 731.29
862 9121 993.12
860 6282 12.71
886 4589 73.85
836 3830 716.19
863 4969 901.79
861 5965 827.15
887 5286 645.68
837 5873 439.38
864 3443 458.96
862 766 789.98
888 3746 86.47
838 565 90.08
865 742 164.13
863 6675 774.77
889 4528 858.89
839 7351 82.36
866 8266 489.48
864 9417 1.13
890 1364 536.03
840 6993 692.73
867 8248 388.94
865 6852 775.83
891 1029 535.39
841 9062 620.40
868 7363 33.55
866 3294 774.66
892 7483 278.28
842 9101 706.64
869 3672 333.70
867 2223 457.96
893 5035 534.55
843 9780 988.02
870 1628 189.27
868 8892 117.47
894 1783 919.92
844 9077 175.72
871 189 374.55
869 9463 876.26
895 8493 800.47
845 558 282.91
872 6339 197.58
870 5465 97.68
896 8431 640.20
846 9253 614.35
873 6511 620.10
871 8611 439.80
897 7944 441.57
847 1386 777.18
874 4019 76.98
872 7293 393.53
898 9190 569.33
848 4513 305.56
875 7387 929.30
873 9982 930.59
899 2638 697.59
849 948 387.64
874 8675 745.74
900 344 264.36
850 6108 67.87
877 1043 317.38
901 3100 358.83
851 2603 797.25
878 611 390.69
876 8847 145.58
902 5411 183.91
852 1303 442.22
879 9842 198.75
877 5081 306.28
903 8918 384.02
853 8233 336.26
880 6132 868.62
878 7953 500.53
904 9188 905.87
854 3865 749.17
881 9624 591.44
879 8868 327.15
905 3683 777.78
855 514 700.51
882 8226 990.57
880 7980 799.84
906 414 144.39
856 4802 623.19
883 3557 569.85
881 2448 555.68
907 3768 254.67
857 8836 330.87
884 6877 711.53
882 9124 422.09
908 321 884.51
858 3555 173.74
885 1898 830.40
883 6535 821.30
909 3909 896.72
859 2780 624.31
886 4834 441.05
884 654 395.62
910 8658 142.80
860 7784 179.75
887 7358 870.00
885 4965 293.48
911 3100 411.49
861 4579 604.50
888 3903 131.99
886 9191 11.11
912 4569 899.33
862 5030 396.43
889 7036 977.84
887 3846 790.69
913 2260 525.19
863 576 25.99
890 6089 374.02
888 2229 346.52
914 1823 962.53
864 2615 32.55
891 9082 596.42
889 7931 763.34
915 2982 147.45
865 5733 167.91
892 2019 744.20
890 433 205.33
916 8078 432.65
866 11 434.34
893 3666 106.91
891 9049 862.43
917 8983 559.07
867 5976 933.65
894 6394 701.42
892 260 634.74
918 4859 132.44
868 3392 45.33
895 2523 660.62
893 2545 541.76
919 8914 325.31
869 2161 634.19
896 9624 608.24
894 1330 232.02
920 7801 66.68
870 9023 185.98
897 1007 682.19
895 1906 454.39
921 1115 660.46
871 1898 530.28
898 7849 651.71
896 943 562.41
922 6917 552.07
872 3470 268.05
899 223 73.69
897 1613 505.27
923 810 566.89
873 9842 754.92
900 9968 964.48
898 2160 860.99
924 9093 239.86
874 659 165.94
899 3060 527.70
925 2338 328.68
875 6050 595.35
902 1372 572.43
926 232 61.74
876 5478 64.91
903 571 608.26
901 4916 702.68
927 5697 838.72
877 2771 369.13
904 4801 594.17
902 3109 945.93
928 5507 798.27
878 1748 773.81
905 4915 713.76
903 3865 308.29
929 4164 998.17
879 1087 360.49
906 4807 330.59
904 5315 128.94
930 8528 585.64
880 2547 243.23
907 372 532.05
905 6461 666.08
931 7212 735.85
881 4257 547.53
908 7762 968.85
906 5766 662.74
932 2607 995.59
882 7537 777.02
909 1881 220.03
907 5871 674.91
933 9935 858.15
883 8302 651.82
910 7339 395.76
908 2957 815.10
934 4453 485.21
884 3867 403.09
911 5356 422.17
909 2009 62.72
935 4669 717.97
885 8517 286.92
912 6394 390.83
910 1767 155.60
936 1668 845.51
886 8089 415.76
913 7711 859.68
911 4170 931.09
937 4833 298.82
887 3894 919.83
914 2546 179.14
912 7403 544.82
938 8346 314.91
888 9193 688.38
915 988 981.55
913 2450 846.44
939 395 229.32
889 9678 823.14
916 8701 74.68
914 7736 818.46
940 9742 714.10
890 6992 205.98
917 5374 378.88
915 7761 877.50
941 6969 680.42
891 8523 755.10
918 647 430.32
916 827 784.14
942 6114 889.75
892 4936 514.27
919 931 20.96
917 2134 146.22
943 9382 701.03
893 7370 834.96
920 4818 214.45
918 9173 723.22
944 3186 986.27
894 9008 595.56
921 174 502.56
919 1612 76.57
945 4588 263.18
895 6730 524.00
922 7041 759.48
920 6377 52.86
946 3751 842.35
896 2712 123.80
923 5565 523.28
921 6594 438.98
947 5561 339.69
897 795 634.34
924 816 658.47
922 1941 589.52
948 1937 118.04
898 8685 444.01
925 7904 587.24
923 4368 445.48
949 319 154.75
899 7386 91.64
924 5224 240.97
950 516 884.70
900 8435 910.72
927 7535 887.63
951 5836 995.12
901 2581 52.03
928 8539 471.81
926 1115 7.90
952 6578 486.66
902 871 524.69
929 5145 303.72
927 6764 923.65
953 1640 153.69
903 6867 944.75
930 1941 965.87
928 7967 291.70
954 5128 681.60
904 9585 329.75
931 7227 364.67
929 4113 97.85
955 6387 717.47
905 5453 185.52
932 9722 677.10
930 281 163.09
956 5146 315.51
906 3362 844.62
933 8866 114.29
931 8886 859.91
957 655 200.01
907 1441 912.44
934 1355 968.23
932 9302 965.52
958 8601 47.21
908 2570 859.36
935 2154 811.93
933 5758 708.32
959 681 765.47
909 1081 661.53
936 7426 408.13
934 1125 990.38
960 9082 989.17
910 9934 853.26
937 2710 276.25
935 8027 322.89
961 2693 856.59
911 2862 142.26
938 5061 752.19
936 2021 449.78
962 2668 432.44
912 8550 917.36
939 2324 698.45
937 1003 908.10
963 1403 199.86
913 2459 913.37
940 4282 272.05
938 7967 581.20
964 9881 376.04
914 6652 194.07
941 9419 653.83
939 5065 616.81
965 9231 714.27
915 5215 780.15
942 1012 732.68
940 9374 812.02
966 4836 667.69
916 5244 717.54
943 9073 20.23
941 2151 47.63
967 1487 565.86
917 4298 37.97
944 674 904.76
942 8293 795.62
968 55 716.81
918 1706 678.38
945 302 920.14
943 4722 72.95
969 8083 546.27
919 8654 8.94
946 7485 676.98
944 6498 619.58
970 8799 95.56
920 6881 384.13
947 9446 496.05
945 755 337.66
971 6724 664.08
921 4688 117.27
948 5976 418.24
946 4455 207.51
972 4181 451.15
922 8340 985.36
949 3028 534.43
947 2778 185.72
973 507 756.09
923 4869 137.82
950 2819 785.03
948 4922 901.80
974 5012 549.75
924 4941 854.13
949 7886 263.54
975 5313 974.00
925 1179 328.00
952 6598 459.36
976 3097 888.67
926 1716 617.00
953 75 954.90
951 5038 768.83
977 975 773.32
927 776 226.10
954 7506 569.84
952 6752 694.27
978 9431 620.93
928 1866 583.05
955 8800 566.60
953 2931 683.01
979 7190 476.31
929 2397 728.42
956 8650 701.43
954 6505 990.72
980 5353 677.14
930 6814 49.54
957 3927 444.87
955 4912 164.26
981 6169 493.37
931 3422 766.76
958 5571 477.91
956 3308 333.04
982 1940 52.22
932 5559 671.64
959 8542 527.85
957 5128 27.29
983 376 680.08
933 8296 213.93
960 7545 361.19
958 8566 202.27
984 3658 534.05
934 9793 961.87
961 6294 509.51
959 9992 522.87
985 180 324.88
935 4879 889.40
962 8302 225.30
960 692 49.25
986 8182 327.76
936 5512 520.11
963 3512 226.82
961 6226 601.24
987 7128 900.02
937 2620 287.02
964 6884 255.08
962 8062 315.72
988 6886 743.33
938 5828 959.79
965 9852 125.32
963 4198 340.51
989 6891 301.76
939 1847 358.74
966 66 807.61
964 4702 114.65
990 8179 603.31
940 5922 74.54
967 55 391.61
965 7527 28.09
991 3370 86.09
941 4185 346.84
968 398 165.94
966 2236 147.38
992 8086 925.11
942 166 21.85
969 5530 785.66
967 4720 65.04
993 1411 409.06
943 4940 404.14
970 9398 664.41
968 9950 348.52
994 2095 44.48
944 1358 773.40
971 6373 514.51
969 6098 86.49
995 9246 464.55
945 2675 361.98
972 437 623.18
970 7636 538.36
996 1833 482.28
946 9308 66.55
973 895 825.97
971 7720 383.78
997 8588 745.50
947 2477 288.80
974 2260 306.21
972 3560 401.91
998 6709 459.46
948 4762 160.24
975 3464 238.62
973 8072 917.05
999 6978 419.39
949 7924 143.73
974 1253 843.52
1000 8624 704.65
950 7807 146.35
977 5115 346.12
1001 2318 710.59
951 336 530.02
978 7395 367.73
976 6110 487.86
1002 4855 884.01
952 2082 140.81
979 2020 854.13
977 1984 475.76
1003 4478 689.20
953 7493 389.34
980 6429 274.37
978 2898 643.96
1004 1568 360.84
954 9442 667.35
981 8644 838.68
979 1221 854.15
1005 3258 545.25
955 6218 624.26
982 3028 136.38
980 3651 803.88
1006 7715 952.93
956 5722 968.95
983 7967 41.09
981 8408 446.73
1007 5757 753.90
957 3862 225.54
984 9796 981.03
982 3809 221.17
1008 9058 928.26
958 5651 57.98
985 5695 538.73
983 1477 316.24
1009 3808 242.01
959 753 993.28
986 1095 101.64
984 9921 281.70
1010 267 560.85
960 6591 794.46
987 1357 904.55
985 597 104.24
1011 8802 81.71
961 7818 62.50
988 8671 44.90
986 4878 305.69
1012 657 968.24
962 1648 918.88
989 7755 796.50
987 9164 4.44
1013 516 562.73
963 4276 133.59
990 8925 179.06
988 3864 872.64
1014 4828 492.68
964 1418 431.28
991 1598 14.67
989 4093 479.50
1015 454 602.39
965 6880 950.50
992 685 723.65
990 3900 518.24
1016 6529 721.48
966 8140 589.83
993 7750 585.52
991 1408 835.25
1017 3652 521.28
967 9166 686.13
994 8961 686.55
992 4151 747.37
1018 7141 191.68
968 2806 449.30
995 1285 958.54
993 4856 624.05
1019 901 167.09
969 9370 26.44
996 4756 191.83
994 374 124.01
1020 5005 172.77
970 5034 964.07
997 9795 579.06
995 4624 439.58
1021 479 759.96
971 325 119.01
998 6626 107.13
996 9148 963.23
1022 9154 569.80
972 285 227.96
999 14 494.86
997 642 475.35
1023 7570 364.14
973 7948 943.39
1000 6004 784.01
998 5244 40.91
1024 2188 418.36
974 7312 630.63
999 4588 94.41
1025 6392 513.75
975 93 566.93
1002 4863 780.68
1026 7378 36.46
976 5795 537.97
1003 4566 489.35
1001 5831 399.54
1027 9945 156.97
977 4965 83.07
1004 4316 548.28
1002 7881 200.73
1028 45 996.36
978 4870 236.61
1005 1950 463.01
1003 7428 477.18
1029 4630 506.98
979 2877 951.56
1006 6767 469.21
1004 617 25.42
1030 7192 801.62
980 4487 688.08
1007 4628 66.20
1005 9223 783.53
1031 4278 809.90
981 7731 20.05
1008 1625 917.39
1006 5366 885.08
1032 127 340.03
982 7373 627.03
1009 5995 346.69
1007 3186 245.36
1033 2172 729.10
983 6432 627.70
1010 9726 502.71
1008 6385 329.46
1034 5920 97.49
984 8155 128.28
1011 1341 142.50
1009 4081 421.74
1035 7526 420.29
985 9087 649.88
1012 4299 74.58
1010 8465 635.99
1036 8677 335.29
986 4517 311.98
1013 599 586.68
1011 1458 138.17
1037 556 140.54
987 9434 412.01
1014 7140 725.40
1012 7282 591.91
1038 1043 671.08
988 1887 480.30
1015 8984 972.41
1013 1562 526.51
1039 9730 14.12
989 5178 866.68
1016 3870 689.77
1014 6045 76.71
1040 3895 424.33
990 804 949.29
1017 3447 411.56
1015 7970 384.42
1041 7639 501.34
991 6321 670.07
1018 3805 146.17
1016 933 233.00
1042 4150 777.39
992 8682 476.62
1019 6986 178.26
1017 3464 580.51
1043 4760 196.87
993 3388 696.92
1020 7560 116.41
1018 8617 556.42
1044 7573 728.87
994 4053 602.03
1021 3798 388.33
1019 8640 486.23
1045 5528 4.15
995 3781 906.62
1022 965 141.66
1020 5756 912.67
1046 5351 912.71
996 3197 39.13
1023 3881 236.51
1021 2699 735.95
1047 1220 298.22
997 4375 48.68
1024 3903 783.96
1022 6922 230.31
1048 2858 833.41
998 2192 863.99
1025 9982 339.53
1023 2634 807.89
1049 8902 890.33
999 3130 749.31
1024 5810 424.04
1050 8390 869.26
1000 8853 423.31
1027 1307 427.31
1051 9351 764.25
1001 8738 917.36
1028 4696 408.52
1026 7274 390.76
1052 1058 997.84
1002 8640 365.88
1029 2655 503.57
1027 3327 248.15
1053 3102 65.30
1003 8394 851.90
1030 540 480.93
1028 663 634.33
1054 8780 796.99
1004 7760 828.88
1031 6182 651.76
1029 9989 569.12
1055 9830 803.21
1005 3350 875.06
1032 3031 208.05
1030 3490 20.76
1056 9335 662.98
1006 2895 643.01
1033 5146 551.18
1031 152 180.41
1057 3904 620.70
1007 7588 479.41
1034 3649 527.00
1032 8268 148.54
1058 4002 65.05
1008 5835 36.06
1035 9392 959.13
1033 6320 635.69
1059 5250 889.33
1009 7721 289.00
1036 2833 998.62
1034 3882 380.33
1060 9058 689.27
1010 5973 569.33
1037 3736 209.38
1035 4860 566.59
1061 5606 846.40
1011 5435 420.25
1038 24 799.93
1036 7689 230.07
1062 2704 564.92
1012 6810 445.18
1039 1357 720.22
1037 7047 695.01
1063 3563 925.00
1013 5281 819.66
1040 2697 240.99
1038 6962 325.11
1064 9007 519.52
1014 6291 372.24
1041 4843 321.46
1039 2056 71.08
1065 3747 616.65
1015 523 639.09
1042 7093 223.43
1040 3812 711.54
1066 9507 844.04
1016 5032 667.20
1043 5793 307.44
1041 2127 156.17
1067 5376 608.53
1017 1894 152.95
1044 2725 748.18
1042 15 240.74
1068 1467 523.96
1018 8578 40.40
1045 2814 194.72
1043 621 236.58
1069 3620 408.01
1019 7549 837.68
1046 5509 807.80
1044 4981 209.15
1070 5441 825.44
1020 8337 995.07
1047 2531 452.81
1045 1238 342.17
1071 1627 804.67
1021 5420 960.15
1048 8688 269.34
1046 7408 271.77
1072 6092 738.48
1022 7957 175.48
1049 5581 864.77
1047 6544 326.42
1073 8249 177.32
1023 4254 679.81
1050 40 166.45
1048 7272 152.49
1074 7585 541.35
1024 9935 596.39
1049 4476 451.47
1075 924 574.07
1025 2215 419.72
1052 610 691.44
1076 7302 50.41
1026 1310 334.49
1053 3155 591.35
1051 7101 604.77
1077 1488 731.26
1027 8884 374.98
1054 7380 181.86
1052 3273 382.16
1078 5103 843.84
1028 9920 282.75
1055 7381 330.79
1053 8830 618.23
1079 86 797.37
1029 5260 25.47
1056 4839 321.13
1054 6845 905.78
1080 3004 47.45
1030 1642 888.37
1057 6675 599.34
1055 5223 163.00
1081 8429 922.38
1031 6467 273.86
1058 4241 367.43
1056 3716 87.20
1082 8085 746.12
1032 9574 853.59
1059 4348 222.04
1057 6893 807.64
1083 4567 793.83
1033 3028 742.97
1060 9020 175.44
1058 3684 159.59
1084 1871 773.41
1034 5342 159.72
1061 1976 5.11
1059 6792 853.84
1085 3995 627.03
1035 9610 528.55
1062 9830 58.92
1060 7936 212.47
1086 9436 308.22
1036 8432 895.59
1063 6659 295.76
1061 5807 428.48
1087 3988 595.62
1037 179 223.45
1064 5783 111.98
1062 2454 306.44
1088 1074 280.91
1038 5826 499.59
1065 2773 750.85
1063 4766 676.14
1089 32 263.29
1039 6977 860.55
1066 752 999.11
1064 8106 327.24
1090 4278 710.57
1040 791 137.47
1067 1284 936.03
1065 9453 213.47
1091 17 507.82
1041 8732 778.88
1068 8609 11.46
1066 3079 81.46
1092 1364 859.93
1042 2794 930.94
1069 5373 994.14
1067 9072 770.67
1093 7093 933.89
1043 1467 526.84
1070 2102 265.26
1068 3234 188.29
1094 8800 850.62
1044 391 85.90
1071 7393 266.46
1069 7797 872.66
1095 1645 84.97
1045 9604 592.85
1072 6822 366.74
1070 5191 663.69
1096 863 217.80
1046 1713 58.91
1073 6161 490.97
1071 978 996.11
1097 2629 425.28
1047 5337 436.72
1074 9141 567.43
1072 843 813.31
1098 7265 235.60
1048 6614 318.84
1075 1390 673.53
1073 3908 936.06
1099 9218 739.04
1049 4269 813.41
1074 3500 110.29
1100 6196 642.77
1050 7999 848.32
1077 7297 291.00
1101 8559 74.23
1051 1236 234.61
1078 3129 418.39
1076 8980 224.91
1102 7692 728.94
1052 7163 994.11
1079 8784 638.27
1077 8735 460.63
1103 9197 113.56
1053 5719 899.25
1080 5489 962.55
1078 930 219.27
1104 915 291.86
1054 5272 810.53
1081 3613 523.01
1079 435 742.44
1105 1417 326.15
1055 1828 313.01
1082 5694 110.96
1080 8741 731.12
1106 2888 569.30
1056 4660 717.22
1083 6426 252.82
1081 418 41.17
1107 5499 6.25
1057 4650 164.50
1084 9112 547.31
1082 5899 870.64
1108 7828 117.70
1058 5568 196.21
1085 3963 842.43
1083 1448 818.92
1109 4227 596.93
1059 7806 48.16
1086 9006 185.01
1084 1464 157.61
1110 3873 789.12
1060 2661 987.53
1087 1900 742.71
1085 2336 757.11
1111 4535 189.04
1061 6845 586.58
1088 6724 560.98
1086 4405 774.50
1112 1409 185.83
1062 9770 753.48
1089 671 279.72
1087 1427 506.02
1113 5170 564.98
1063 5878 65.48
1090 3856 803.93
1088 2648 456.91
1114 8446 635.27
1064 2002 573.22
1091 9663 535.98
1089 2021 271.67
1115 871 768.00
1065 6951 847.94
1092 4893 264.72
1090 8240 958.25
1116 5423 731.92
1066 1913 386.42
1093 9074 376.49
1091 6319 486.22
1117 9082 416.50
1067 6388 418.12
1094 6662 686.50
1092 5512 463.44
1118 3111 12.25
1068 4692 297.76
1095 1944 520.21
1093 7834 862.00
1119 5245 183.67
1069 7125 726.71
1096 6167 97.25
1094 9825 944.63
1120 3308 861.46
1070 6341 947.54
1097 4519 203.61
1095 5639 568.34
1121 2443 474.62
1071 6703 175.89
1098 7805 721.86
1096 2615 144.55
1122 1352 71.92
1072 9198 656.94
1099 4997 333.10
1097 4853 139.52
1123 8595 882.09
1073 5232 958.49
1100 6159 75.62
1098 1918 791.75
1124 2298 315.03
1074 2328 121.01
1099 4510 395.03
1125 3469 301.00
1075 4290 784.81
1102 6191 512.36
1126 2387 556.09
1076 2010 739.57
1103 9720 155.22
1101 376 194.92
1127 8956 270.46
1077 5389 299.24
1104 8987 730.10
1102 9969 893.28
1128 9365 575.40
1078 9880 345.21
1105 9147 387.71
1103 5995 329.90
1129 7116 346.70
1079 8341 409.04
1106 6761 156.34
1104 1342 956.37
1130 4058 306.53
1080 361 771.31
1107 6784 659.59
1105 7933 380.31
1131 7493 114.78
1081 6380 469.45
1108 6840 847.05
1106 6366 378.29
1132 9119 585.94
1082 2866 22.54
1109 6157 194.33
1107 7817 940.36
1133 2948 769.13
1083 7046 925.15
1110 3779 50.73
1108 9322 888.24
1134 3788 702.06
1084 9505 488.75
1111 1296 335.49
1109 19 384.86
1135 7344 643.59
1085 4979 746.09
1112 5464 629.25
1110 1209 479.08
1136 5882 650.71
1086 3883 198.22
1113 8544 913.39
1111 5034 637.37
1137 7611 983.69
1087 7166 140.38
1114 809 864.04
1112 2727 511.39
1138 9979 128.41
1088 8880 254.52
1115 7120 668.59
1113 1988 951.00
1139 1215 838.92
1089 467 732.92
1116 6800 121.71
1114 8062 623.14
1140 338 230.43
1090 4785 751.14
1117 8906 195.33
1115 6801 353.98
1141 9948 830.48
1091 7521 42.37
1118 3448 359.34
1116 6521 772.48
1142 344 83.70
1092 61 505.09
1119 7625 469.00
1117 3788 576.51
1143 920 863.26
1093 8066 380.65
1120 3237 125.27
1118 2942 10.39
1144 7984 64.43
1094 4527 974.55
1121 4993 841.29
1119 7468 958.63
1145 3501 435.15
1095 3632 704.44
1122 6869 318.45
1120 7314 574.34
1146 2462 494.57
1096 64 337.99
1123 6452 713.96
1121 8586 568.11
1147 5843 555.21
1097 8644 696.66
1124 8200 891.12
1122 3618 478.52
1148 5232 358.09
1098 7836 264.98
1125 1480 254.84
1123 6038 490.58
1149 7912 87.58
1099 6552 919.95
1124 375 310.84
1150 2341 837.08
1100 3565 983.78
1127 660 451.33
1151 6114 675.24
1101 5261 134.21
1128 1064 494.51
1126 7311 555.98
1152 7949 220.78
1102 2539 234.40
1129 3814 879.70
1127 1996 580.75
1153 2860 530.45
1103 6602 850.82
1130 9276 871.06
1128 783 73.95
1154 5562 734.12
1104 102 379.71
1131 2130 993.22
1129 5570 126.98
1155 1606 889.84
1105 2123 707.23
1132 5117 628.18
1130 2178 877.26
1156 183 354.51
1106 638 34.76
1133 8750 391.44
1131 361 736.55
1157 4356 914.05
1107 3073 964.99
1134 719 846.55
1132 1831 841.11
1158 4494 74.88
1108 5520 563.28
1135 1646 299.72
1133 7933 79.91
1159 7275 287.17
1109 1959 742.68
1136 6088 667.59
1134 7340 434.59
1160 3542 157.79
1110 1942 575.43
1137 5177 643.50
1135 8832 348.38
1161 353 395.60
1111 1348 964.13
1138 7302 363.20
1136 4501 539.21
1162 3742 950.75
1112 2504 475.99
1139 2319 697.56
1137 8742 915.44
1163 1420 426.16
1113 4304 115.12
1140 1825 919.50
1138 2652 225.63
1164 369 641.74
1114 298 134.68
1141 6529 125.84
1139 6451 375.05
1165 581 509.27
1115 4223 899.97
1142 2367 839.84
1140 2669 213.23
1166 5379 98.80
1116 1453 223.67
1143 1347 236.49
1141 3849 701.93
1167 5211 675.92
1117 1273 689.71
1144 5653 808.72
1142 8738 11.60
1168 3749 804.66
1118 2819 577.00
1145 407 218.36
1143 4286 898.09
1169 8450 590.76
1119 9692 701.66
1146 5255 802.35
1144 2677 399.43
1170 4207 273.89
1120 2099 438.33
1147 1654 283.37
1145 9007 82.44
1171 3514 342.77
1121 3699 787.11
1148 5319 181.89
1146 1127 87.66
1172 2062 536.36
1122 8905 462.49
1149 2229 65.03
1147 7332 675.76
1173 1271 917.51
1123 2561 748.55
1150 3864 283.23
1148 5134 283.74
1174 6431 18.53
1124 18 705.53
1149 828 739.74
1175 2369 862.10
1125 5768 789.30
1152 7624 489.31
1176 2593 934.66
1126 3658 566.54
1153 3705 99.33
1151 1781 91.86
1177 3304 790.69
1127 3891 588.02
1154 2685 214.86
1152 5639 290.38
1178 7474 739.01
1128 6516 88.82
1155 9546 28.34
1153 1512 960.10
1179 709 853.16
1129 3907 207.42
1156 1075 615.48
1154 1531 736.78
1180 1237 192.49
1130 2182 8.18
1157 9040 985.62
1155 6405 715.28
1181 5496 611.61
1131 5951 996.96
1158 7064 370.65
1156 9786 754.22
1182 8660 639.48
1132 9382 233.76
1159 133 553.95
1157 557 22.97
1183 9623 560.80
1133 7057 225.87
1160 6584 395.45
1158 4302 593.69
1184 2246 86.14
1134 5581 963.27
1161 54 348.51
1159 2124 472.71
1185 2756 331.09
1135 207 58.84
1162 5453 616.28
1160 5026 768.97
1186 1602 747.92
1136 869 654.44
1163 9277 546.34
1161 7274 824.25
1187 7821 542.06
1137 8557 131.95
1164 6961 93.22
1162 9391 596.85
1188 6556 825.31
1138 3444 840.17
1165 4297 100.74
1163 2582 977.78
1189 2166 424.99
1139 6819 705.60
1166 1229 244.99
1164 4961 893.71
1190 7492 490.16
1140 5362 346.12
1167 2903 920.14
1165 5381 2.25
1191 2085 587.29
1141 9156 270.25
1168 5935 625.06
1166 6208 511.16
1192 4230 507.86
1142 8997 280.78
1169 579 486.43
1167 7647 755.63
1193 4761 216.52
1143 3901 980.48
1170 5472 631.58
1168 5055 575.84
1194 397 884.98
1144 6327 115.76
1171 1447 281.58
1169 1639 26.01
1195 6374 934.50
1145 6074 136.12
1172 2351 324.96
1170 7031 890.84
1196 5274 611.64
1146 6750 870.23
1173 6691 12.11
1171 4575 96.51
1197 4832 302.44
1147 3488 115.40
1174 695 480.95
1172 1675 885.00
1198 5026 434.59
1148 4581 680.44
1175 7526 615.06
1173 8635 273.03
1199 4346 368.18
1149 9626 451.48
1174 5598 143.45
1200 6529 926.09
1150 7375 809.51
1177 7301 907.55
1201 5876 115.60
1151 1429 300.25
1178 514 151.85
1176 1322 348.40
1202 4599 907.22
1152 4538 67.97
1179 7996 106.02
1177 6360 896.79
1203 9857 975.25
1153 7561 693.99
1180 5888 435.88
1178 4641 795.99
1204 3430 480.77
1154 6217 666.72
1181 6759 702.13
1179 7144 588.40
1205 8076 936.36
1155 5313 213.68
1182 2721 257.56
1180 859 2.87
1206 4902 680.38
1156 378 692.17
1183 548 539.84
1181 2187 419.61
1207 9234 709.62
1157 3914 593.18
1184 5691 324.31
1182 600 645.85
1208 3176 28.82
1158 2086 947.98
1185 7283 996.10
1183 3982 667.24
1209 9666 323.83
1159 8632 414.51
1186 1791 958.86
1184 3125 675.59
1210 2071 301.68
1160 5404 404.58
1187 2839 466.84
1185 6004 723.15
1211 458 734.42
1161 8716 210.65
1188 8910 308.67
1186 3546 222.21
1212 9943 6.30
1162 4134 775.44
1189 4575 598.66
1187 6686 480.96
1213 2682 49.79
1163 8932 127.44
1190 3410 665.49
1188 9550 517.22
1214 9149 833.11
1164 5219 665.32
1191 2419 792.03
1189 423 20.26
1215 4455 745.24
1165 251 603.31
1192 7433 38.79
1190 2923 429.19
1216 9508 177.51
1166 4145 477.61
1193 9186 943.04
1191 6071 44.63
1217 5484 313.07
1167 8771 320.34
1194 3475 430.81
1192 5473 978.44
1218 4022 781.69
1168 3763 770.63
1195 3793 907.08
1193 3595 951.50
1219 5684 498.68
1169 5430 999.11
1196 8854 759.35
1194 1967 653.56
1220 1268 629.77
1170 7700 13.14
1197 5760 378.43
1195 3582 808.94
1221 8049 966.84
1171 6865 198.05
1198 8760 437.22
1196 583 455.21
1222 1216 303.09
1172 5453 918.08
1199 4565 454.30
1197 4026 288.17
1223 5715 588.76
1173 4785 896.51
1200 7284 742.03
1198 1125 950.01
1224 7629 450.45
1174 1830 296.64
1199 8833 120.44
1225 3144 347.75
1175 5172 87.98
1202 673 613.06
1226 8723 278.10
1176 5869 164.06
1203 7929 246.36
1201 1887 141.61
1227 4262 750.19
1177 4069 32.54
1204 2180 420.18
1202 5895 59.75
1228 5457 657.99
1178 1172 154.33
1205 8431 643.46
1203 3226 960.34
1229 6978 786.74
1179 8124 227.79
1206 2266 231.77
1204 4752 517.88
1230 5286 793.24
1180 4635 455.79
1207 6003 538.15
1205 2008 127.39
1231 6574 348.74
1181 4736 351.99
1208 1105 496.95
1206 8450 734.52
1232 9227 90.24
1182 3796 315.83
1209 3972 169.66
1207 3904 727.05
1233 6441 116.16
1183 3062 242.00
1210 2053 389.48
1208 4033 36.44
1234 132 223.24
1184 3634 985.89
1211 203 29.07
1209 1446 790.95
1235 9057 561.68
1185 394 69.41
1212 8038 107.24
1210 9125 325.06
1236 3721 642.65
1186 2334 629.18
1213 8918 907.02
1211 8324 272.01
1237 656 643.68
1187 5419 125.70
1214 4944 574.52
1212 8636 395.07
1238 7361 312.22
1188 4115 463.83
1215 1725 907.60
1213 3559 982.58
1239 1318 850.68
1189 2770 23.52
1216 449 349.25
1214 5690 76.04
1240 4247 391.20
1190 2068 782.88
1217 2993 512.95
1215 7457 354.56
1241 6099 18.77
1191 2912 299.85
1218 5022 602.07
1216 2217 435.61
1242 1594 862.52
1192 2775 457.10
1219 7668 704.49
1217 9853 674.80
1243 1939 375.74
1193 6527 775.33
1220 7579 543.14
1218 9217 583.70
1244 4158 282.16
1194 5584 709.55
1221 6975 993.94
1219 6409 180.12
1245 4016 294.74
1195 381 467.94
1222 8804 795.53
1220 7311 467.18
1246 3834 107.51
1196 9969 588.60
1223 6535 117.25
1221 3757 694.17
1247 3847 276.21
1197 7862 303.53
1224 3217 913.36
1222 3715 236.31
1248 1512 114.75
1198 8577 830.64
1225 6737 889.94
1223 6441 668.22
1249 28 221.39
1199 4107 197.26
1224 4989 313.79
1250 5816 908.64
1200 9836 897.78
1227 2931 847.43
1201 8801 501.16
1228 4712 456.40
1226 231 497.47
1202 7981 851.43
1229 6799 744.51
1227 8321 908.59
1203 9943 273.70
1230 6368 748.52
1228 6506 277.17
1204 7342 507.10
1231 4814 52.47
1229 5944 325.47
1205 9395 345.17
1232 3611 239.37
1230 5758 733.57
1206 5100 587.32
1233 3322 976.21
1231 3276 714.28
1207 8994 956.38
1234 715 840.77
1232 9844 334.87
1208 9427 804.08
1235 696 146.83
1233 7563 803.38
1209 7480 726.79
1236 4245 918.70
1234 2954 563.56
1210 6066 846.30
1237 8290 41.40
1235 3643 281.46
1211 9467 54.94
1238 5180 186.59
1236 3575 754.58
1212 5089 677.47
1239 8783 197.21
1237 8206 509.29
1213 841 634.62
1240 3183 514.66
1238 4539 486.10
1214 3777 484.89
1241 9726 322.60
1239 9125 702.74
1215 8615 847.87
1242 3135 377.28
1240 9338 377.18
1216 1219 882.27
1243 7326 293.83
1241 9877 909.47
1217 1625 888.60
1244 6929 433.54
1242 4008 516.35
1218 2429 642.55
1245 3465 970.59
1243 736 233.17
1219 4597 980.11
1246 6887 578.25
1244 475 546.19
1220 3393 511.00
1247 6254 116.36
1245 9540 535.58
1221 1121 45.06
1248 7576 442.15
1246 5725 991.72
1222 1791 408.31
1249 8991 982.07
1247 7535 808.49
1223 6929 808.30
1250 8632 807.50
1248 7014 833.92
1224 3505 142.46
1249 1479 264.14
1225 8747 698.05
1
1250
1 1 4.29 0.00 23.49 
248 1103 3.97 18109.84 18152.12 76 3.62 1427.96 1475.10 924 3.24 15920.28 15975.31 160 2.46 5012.50 5054.28 497 6.12 11721.39 11754.95 661 2.15 11803.46 11840.15 166 2.62 6895.04 6952.76 840 8.05 14717.30 14750.65 640 9.49 11435.69 11472.52 974 5.99 16619.63 16684.95 300 6.74 10882.67 10941.64 188 6.09 6724.70 6780.82 181 7.75 4576.62 4638.75 1016 3.15 17090.79 17134.71 203 1.94 3647.66 3696.29 215 7.15 7183.54 7238.46 1226 3.24 19862.82 19924.20 504 6.85 7755.64 7791.03 1178 6.90 19290.22 19333.01 989 1.70 16306.80 16340.45 728 5.64 11100.08 11154.32 391 4.32 9315.82 9373.71 1065 7.29 17642.00 17690.63 730 1.58 11046.80 11097.58 983 1.55 15386.90 15452.64 646 4.53 12936.07 12981.98 482 6.78 7763.48 7814.07 973 9.87 17247.51 17287.30 636 5.23 11558.89 11616.31 664 5.62 12421.16 12475.82 226 1.20 5069.90 5115.75 234 7.77 6060.85 6109.13 715 3.27 13105.89 13166.45 41 6.91 6449.35 6497.15 987 8.75 16417.15 16462.80 994 6.36 15764.07 15813.38 1175 4.86 18772.89 18817.68 1169 2.84 18287.49 18333.55 470 7.35 10396.75 10457.95 491 2.58 9900.86 9936.68 658 8.01 10665.40 10700.56 656 9.39 10381.87 10428.91 919 9.09 15065.44 15103.66 251 2.18 5073.97 5114.97 418 1.71 9691.47 9744.68 176 2.90 3272.31 3314.56 901 6.09 13863.51 13912.93 1000 7.16 17569.84 17621.28 666 7.69 11929.13 11994.94 1166 2.63 19072.50 19115.00 665 9.13 12155.02 12207.95 71 6.87 9008.68 9064.12 238 1.97 7082.14 7144.48 906 1.14 13880.08 13925.99 1243 7.29 20190.67 20228.35 569 9.79 11706.84 11771.16 975 4.80 16873.70 16908.12 641 9.97 11761.07 11811.56 479 8.89 6927.68 6979.35 644 4.67 12107.12 12171.16 981 2.32 15425.80 15469.73 174 1.83 10149.33 10206.28 1185 8.26 19144.54 19200.38 443 7.78 10020.81 10061.66 927 5.06 14382.44 14430.43 586 4.61 10640.98 10676.22 112 6.76 5205.18 5262.13 462 9.36 8781.94 8846.92 1136 4.15 18374.14 18426.90 295 7.69 9768.46 9826.74 632 6.82 9864.68 9919.52 1139 7.16 18896.67 18955.75 137 1.78 4963.46 5006.04 1148 2.74 18064.20 18129.12 385 8.39 7330.76 7396.42 51 1.44 855.10 899.82 151 3.90 3000.47 3051.19 318 6.14 8973.81 9020.80 792 9.27 13896.58 13937.67 1129 8.58 18132.33 18168.86 118 1.62 8085.48 8126.01 953 1.55 15008.90 15054.97 619 6.64 12566.59 12602.26 282 4.12 4811.56 4858.49 839 6.59 14881.33 14921.05 1006 6.61 16371.30 16430.09 669 8.23 12531.17 12583.74 836 5.08 13697.12 13757.30 601 6.49 9391.61 9449.39 684 1.41 11387.61 11436.42 951 7.31 14914.69 14975.45 893 5.54 14907.77 14954.54 1227 9.04 20713.36 20768.53 49 7.12 10084.04 10127.78 123 9.71 9105.77 9140.64 1125 5.67 18267.67 18317.19 357 1.44 5630.82 5692.70 1025 4.37 17808.04 17851.10 190 3.60 6891.36 6930.60 954 3.55 15550.43 15612.42 1121 1.81 17530.08 17587.23 796 3.28 14189.97 14236.45 727 8.06 10895.24 10936.56 1228 5.24 20915.36 20974.35 891 1.25 15930.11 15994.97 980 5.17 15766.60 15825.00 312 8.19 6642.72 6704.04 533 2.31 8548.80 8602.98 311 5.53 6291.22 6326.52 943 1.99 15737.30 15791.93 882 5.25 14451.28 14506.23 1058 1.50 16854.05 16912.76 47 7.74 9754.33 9813.65 284 5.16 5334.48 5368.42 591 3.55 10686.22 10728.85 852 1.05 13279.50 13318.12 316 7.59 8568.26 8614.33 955 5.33 15100.60 15136.72 1113 2.65 18077.09 18123.38 609 9.16 10362.72 10401.94 946 8.53 16214.16 16263.45 278 6.74 4783.51 4823.91 40 5.33 5666.50 5707.50 804 8.47 12403.47 12437.73 680 7.24 10486.11 10526.52 346 9.11 10405.65 10455.34 1181 5.76 18921.47 18987.19 1044 1.79 16262.02 16309.04 376 1.70 6734.17 6769.75 948 9.35 16481.48 16541.15 113 7.70 5124.04 5170.40 678 2.99 10737.29 10771.41 1018 7.74 16494.13 16530.35 344 7.95 9641.53 9696.74 947 2.39 16299.98 16352.57 904 3.02 14477.75 14522.04 403 8.81 6173.20 6212.65 570 2.60 11758.04 11810.80 930 1.82 14778.73 14825.22 262 1.13 6796.78 6839.94 1097 6.07 17261.18 17314.10 625 2.17 12745.90 12788.95 929 3.24 14877.81 14921.85 768 1.82 12719.63 12764.69 94 6.76 8578.12 8625.25 692 2.25 11779.23 11841.37 1029 1.61 16855.79 16891.12 361 2.41 7307.29 7360.91 104 6.00 2180.59 2225.49 305 6.55 4833.05 4870.70 349 8.12 11397.91 11459.52 516 7.15 10580.29 10639.76 149 9.96 9648.06 9698.19 823 4.30 14249.81 14298.01 379 8.83 5935.82 5971.91 506 1.58 8180.50 8235.62 843 4.71 14343.36 14409.78 1080 4.21 17360.89 17421.00 806 3.72 12298.95 12357.06 132 5.47 3591.22 3627.19 43 9.08 7154.64 7215.17 380 7.20 5801.15 5853.30 854 2.46 13035.61 13072.42 775 4.25 14905.61 14957.80 1213 6.00 19508.33 19551.49 28 5.55 1149.90 1206.60 568 9.79 11368.96 11411.47 35 4.44 3596.23 3654.83 709 2.42 12145.95 12197.44 235 7.87 6068.04 6110.70 573 1.49 12390.74 12451.23 737 3.38 13253.46 13302.64 1074 1.96 17888.23 17940.85 824 9.62 14603.34 14651.33 589 6.66 10823.77 10867.38 857 9.02 13739.03 13779.66 135 8.63 4632.91 4683.63 873 3.52 15343.52 15381.41 703 7.53 10853.62 10918.66 1040 6.29 17048.31 17094.51 1090 7.88 18351.46 18402.31 79 5.59 1727.07 1779.42 914 7.07 15730.31 15766.28 353 5.32 6365.17 6411.81 1027 6.67 16677.42 16722.10 860 4.19 13771.66 13819.26 356 9.82 5514.33 5561.81 693 1.79 12083.68 12126.01 529 2.09 8087.13 8144.66 192 2.56 7029.77 7084.05 866 6.35 15400.95 15453.35 1149 1.91 18134.94 18188.44 519 5.91 10449.68 10504.07 814 6.67 14499.33 14558.74 647 2.63 12755.84 12808.96 480 1.93 7433.39 7481.43 404 7.71 6260.54 6307.36 237 3.66 6659.85 6701.19 61 6.04 4144.42 4201.99 729 6.26 11587.86 11649.22 896 9.85 15460.33 15505.96 821 6.74 14326.26 14378.75 654 8.93 10760.09 10794.04 565 2.12 10276.22 10336.18 562 6.35 10058.59 10111.78 899 7.98 15680.61 15735.26 415 6.25 8932.55 8997.58 412 9.22 7903.01 7953.29 749 9.86 13524.61 13570.62 916 2.89 15778.36 15820.46 136 8.11 4897.60 4964.09 810 4.00 12840.09 12896.39 476 5.93 7850.91 7916.85 514 7.28 9793.98 9842.31 13 8.33 4983.99 5025.65 292 9.72 8412.43 8476.43 960 2.05 15638.50 15702.13 1116 2.13 18668.09 18717.07 414 8.91 8567.77 8617.66 98 6.35 9343.47 9401.60 26 4.97 572.21 632.16 1195 2.88 19186.85 19251.16 521 5.14 11382.78 11423.88 805 9.30 11930.40 11967.03 468 7.92 10012.74 10056.98 124 4.54 9287.42 9344.28 461 4.22 8165.63 8199.61 874 4.71 14985.86 15034.83 710 6.92 12557.53 12621.40 1047 9.29 16872.17 16928.71 373 9.75 11262.11 11298.13 558 8.55 9071.14 9134.84 96 2.61 8662.52 8701.47 1107 5.01 17826.81 17864.53 846 7.40 14599.72 14653.30 1013 7.34 16814.01 16865.59 630 6.62 10165.22 10220.88 293 7.96 8598.20 8636.88 1128 6.88 18195.28 18253.81 411 1.57 7745.63 7802.87 885 4.03 13827.43 13878.39 44 8.36 8019.34 8071.68 718 5.42 12355.67 12393.84 1055 5.06 17322.79 17364.20 818 2.24 13858.44 13904.19 1152 1.93 18443.77 18502.79 815 2.48 14382.00 14438.47 141 6.12 7125.12 7171.14 
124 964 3.39 16000.84 16046.74 1209 5.61 19368.93 19410.97 1211 4.40 19479.99 19529.41 1204 5.57 19880.79 19918.12 492 1.75 10054.67 10114.50 503 5.32 7168.21 7224.34 976 6.89 15802.08 15867.49 502 5.43 7539.89 7577.54 707 8.25 11208.95 11269.43 501 3.58 8458.70 8514.75 1184 2.40 19047.70 19084.55 510 8.06 8360.23 8406.94 986 5.47 16068.90 16128.63 1177 6.49 19233.25 19296.77 762 5.29 13459.39 13500.01 193 4.80 7646.02 7712.34 466 3.73 9796.14 9851.30 970 5.26 15638.58 15680.49 469 5.26 10241.24 10300.88 1159 6.70 18951.60 19008.37 744 1.27 12649.44 12707.85 660 8.24 11424.09 11488.87 186 4.47 5896.73 5953.84 438 7.08 8698.69 8734.18 249 2.91 9817.03 9867.50 917 5.21 15190.71 15232.48 204 9.97 3946.97 3982.91 872 8.41 14975.82 15013.64 894 2.37 15181.19 15220.50 494 6.97 10779.78 10833.77 1162 1.90 19229.32 19277.85 327 8.34 6488.92 6543.54 880 4.71 13917.62 13970.81 623 3.73 12506.20 12558.57 544 9.94 10916.69 10958.12 702 6.11 10303.12 10367.71 1141 3.91 19074.88 19129.40 1220 8.64 19819.20 19881.91 197 7.35 9157.89 9205.43 531 7.92 8733.41 8776.57 294 1.35 9305.75 9339.88 1200 6.65 19268.71 19315.75 532 6.39 8921.30 8960.25 314 5.16 7282.57 7326.51 551 7.45 9096.36 9135.14 1069 1.21 16670.84 16719.82 1046 3.88 16863.87 16908.06 851 4.73 13172.23 13212.47 582 3.89 9782.24 9847.72 1063 1.36 17223.85 17288.69 341 9.65 8802.79 8854.22 842 7.55 14880.40 14925.82 131 7.20 3454.00 3512.22 921 2.66 15773.99 15832.72 1079 5.72 18105.09 18165.54 77 9.30 1552.76 1592.94 604 9.55 9656.76 9692.17 446 3.09 11447.82 11487.61 279 5.10 4753.74 4805.15 121 1.38 8926.58 8960.72 853 6.37 13149.69 13198.00 949 5.15 16080.14 16128.52 1110 1.06 18021.92 18061.06 108 7.51 3712.72 3771.44 776 9.93 12367.44 12433.53 97 8.89 8734.36 8783.54 408 4.62 6804.14 6860.31 171 3.63 8880.50 8936.30 672 1.77 13242.86 13309.31 820 2.96 13833.42 13894.90 940 3.55 16194.48 16252.82 184 1.43 5618.79 5664.18 685 7.10 11933.91 11997.69 100 9.47 10486.60 10527.47 433 2.88 7753.12 7786.95 918 4.41 15041.42 15089.33 978 7.32 15629.85 15677.96 143 1.55 8046.32 8095.65 178 8.15 2867.34 2916.34 679 3.37 10592.98 10630.44 1180 3.03 18936.36 18981.90 627 3.37 9939.60 9994.02 1222 4.40 19029.82 19087.10 1012 3.60 16231.32 16278.78 845 4.90 14455.63 14517.70 331 1.71 5262.74 5303.63 498 5.59 11655.04 11688.83 333 5.47 6225.04 6285.09 763 1.82 14093.17 14131.38 95 8.97 8576.72 8638.70 898 7.48 15915.12 15952.04 397 1.72 10638.29 10694.81 634 4.78 10634.83 10685.83 801 9.35 12324.26 12382.35 111 5.81 4903.03 4953.59 1217 5.85 19874.38 19919.74 48 1.85 10096.84 10143.59 269 1.96 8490.75 8527.65 770 4.11 13402.10 13463.65 436 1.67 7408.21 7467.26 162 8.91 5193.63 5240.14 1164 3.86 18731.25 18768.65 496 7.40 11247.17 11288.63 812 4.09 13610.77 13667.31 1157 4.38 18643.56 18683.25 155 7.42 3289.03 3340.06 629 3.05 10423.33 10462.50 268 6.42 8375.81 8426.20 285 6.68 6151.95 6196.14 786 8.30 13034.31 13068.96 452 8.52 6806.99 6845.08 522 5.18 11575.09 11612.54 355 6.30 5420.45 5460.65 495 9.31 10814.45 10847.93 829 4.36 12324.79 12382.98 691 2.52 12089.61 12127.28 524 1.41 11970.55 12034.13 1192 4.17 19556.26 19611.73 407 8.70 6651.70 6714.35 802 1.50 12104.66 12141.81 635 5.80 11172.72 11207.53 547 2.70 11577.49 11633.28 817 7.88 14153.70 14204.80 1112 9.78 17712.63 17771.31 
124 726 5.13 11157.80 11205.69 244 9.14 8640.48 8699.96 969 7.83 15714.62 15779.98 984 1.67 15818.43 15884.39 712 8.25 12935.65 12993.14 508 8.57 7960.42 8012.80 1183 8.97 19184.59 19231.38 995 7.28 16108.05 16142.66 253 4.74 4313.44 4355.07 754 9.21 11305.93 11363.49 993 1.32 16397.79 16433.86 760 4.57 13054.74 13105.81 721 5.15 13164.04 13202.67 220 6.05 8807.71 8857.98 509 7.93 8526.97 8561.21 1010 3.88 16532.11 16596.45 739 7.48 13302.32 13360.62 1019 7.90 15932.31 15985.43 205 4.76 4521.58 4564.52 182 1.53 4856.27 4905.09 1001 1.95 16530.08 16565.46 667 1.34 11502.52 11554.98 668 7.99 11545.97 11607.59 643 3.56 11440.41 11480.44 165 5.95 6580.56 6635.88 437 1.53 8318.84 8385.25 645 7.65 12936.23 12977.73 447 8.43 11331.81 11396.14 755 2.07 11452.53 11516.57 421 2.26 11128.59 11175.06 922 8.43 15957.40 16021.89 652 4.57 10318.44 10378.31 384 2.40 7308.58 7342.44 934 6.49 14523.17 14580.60 618 2.82 12182.61 12244.93 855 8.85 13120.34 13156.70 78 7.14 1615.54 1654.79 21 4.54 9826.75 9871.30 780 2.59 11799.04 11851.55 886 1.74 14021.41 14079.01 1145 7.84 17985.80 18041.42 1142 4.08 18371.62 18431.22 115 3.79 6565.81 6601.81 291 6.85 8167.23 8209.93 526 3.48 8818.21 8857.29 326 6.79 6629.86 6687.76 323 7.57 10909.66 10951.15 681 2.63 10469.99 10518.97 207 3.21 5264.65 5302.04 1042 1.61 16742.27 16789.54 375 5.83 11483.93 11536.77 1059 3.65 17061.72 17098.75 1244 3.94 19953.85 20004.83 576 8.23 9283.15 9347.90 427 1.65 6856.10 6911.03 260 3.02 6061.81 6102.82 55 3.02 3382.38 3438.31 1057 3.48 17076.11 17126.98 1212 6.33 19589.66 19636.35 1045 8.13 16057.42 16101.44 377 6.23 6132.07 6170.13 1062 1.30 16944.47 16983.75 114 1.94 6426.81 6478.66 1028 4.10 17093.02 17130.42 961 2.28 15969.05 16004.25 126 2.68 3016.19 3073.16 1232 1.78 19657.06 19718.60 700 2.92 13976.78 14032.44 105 9.52 2766.17 2827.17 1238 3.74 19823.17 19867.68 597 2.83 12731.32 12777.56 574 3.11 12195.44 12229.79 1075 2.65 18570.34 18611.91 337 8.25 7228.69 7277.98 838 3.00 14668.50 14712.23 1155 8.74 18792.10 18846.37 320 3.78 9351.56 9412.51 1083 6.12 17660.53 17710.43 1084 6.23 17820.93 17886.36 695 6.28 12707.74 12765.49 862 7.13 14316.25 14364.41 941 6.73 16130.38 16170.12 19 3.31 9128.98 9181.82 520 5.12 10954.60 10992.56 1231 9.57 19959.16 20024.22 1215 1.91 20060.26 20114.65 1048 4.13 17140.34 17205.34 46 9.74 9697.87 9747.33 798 2.83 14106.51 14172.26 16 9.48 7918.81 7984.95 275 8.24 10758.97 10799.44 1245 9.01 20123.17 20169.85 534 4.21 9194.94 9238.12 88 1.64 5694.31 5735.89 9 7.35 5203.37 5264.43 599 1.54 12237.17 12272.98 1100 3.09 17975.71 18013.25 5 2.43 3228.18 3262.48 567 1.09 11464.13 11501.40 66 1.90 7560.24 7604.14 400 7.01 11487.60 11537.71 233 3.76 5463.22 5510.19 321 5.83 9914.09 9965.48 154 4.81 3251.30 3288.05 944 8.92 16043.29 16104.48 865 2.05 15028.47 15062.96 935 7.62 14700.75 14743.10 1102 3.82 17953.45 18017.52 549 2.67 11973.85 12026.95 173 1.97 9369.77 9425.21 6 6.35 3569.55 3611.19 274 6.10 10378.92 10417.99 1049 9.90 18005.10 18070.11 22 3.27 10435.57 10481.92 1024 3.48 17479.51 17513.68 945 1.86 15539.91 15590.58 313 3.39 7154.28 7196.53 1135 2.77 18657.39 18714.89 261 2.54 6347.06 6396.34 1130 9.73 18000.86 18062.86 368 2.66 9335.77 9376.22 219 4.65 8253.59 8294.56 52 4.38 1874.68 1925.43 386 9.03 7861.87 7895.40 
124 482 6.99 8136.58 8183.96 973 1.34 17244.09 17306.50 497 6.90 11724.29 11778.31 226 5.10 5434.23 5494.41 234 2.11 6426.46 6486.51 715 3.45 13117.11 13171.01 987 6.07 16466.19 16504.88 994 5.50 15771.02 15816.25 1175 1.00 18776.85 18823.54 1169 5.03 18287.93 18342.93 470 4.93 10422.00 10475.43 658 5.51 11023.07 11085.88 656 7.86 10746.42 10807.35 251 4.15 5443.40 5488.54 418 4.78 9711.80 9767.09 1178 6.07 19289.60 19344.41 176 2.73 3632.49 3697.38 901 5.56 13871.91 13935.50 1000 1.80 17572.98 17633.92 666 5.42 11948.67 11991.19 1166 6.37 19072.60 19128.56 665 1.16 12394.45 12433.81 906 2.48 13884.33 13942.36 641 9.10 12131.48 12184.15 479 1.63 7305.54 7344.48 646 5.29 12934.10 12996.32 644 9.57 12121.37 12177.15 174 7.10 10160.69 10214.99 443 6.78 10044.83 10080.36 927 8.40 14392.76 14451.08 1243 7.27 20188.15 20240.69 586 5.41 10718.14 10772.20 112 6.26 5895.55 5936.24 462 2.71 9167.37 9204.48 295 5.48 9876.80 9923.41 1139 1.32 18902.38 18963.69 137 9.56 5635.26 5698.72 385 3.31 7713.75 7756.42 51 7.88 2527.11 2583.01 151 7.30 3372.87 3421.79 318 9.61 9189.49 9230.95 792 7.07 13899.86 13950.18 818 2.60 13859.97 13918.44 885 1.43 14196.02 14252.79 411 3.88 8125.60 8165.90 1149 1.18 18133.57 18199.64 815 9.32 14393.23 14443.02 632 1.02 10240.33 10286.86 866 3.30 15403.75 15466.33 873 6.41 15342.29 15398.42 636 7.74 11584.52 11624.31 135 9.09 5313.65 5367.36 846 5.34 14617.34 14651.47 1128 3.67 18209.56 18262.98 293 9.57 8803.09 8857.82 1090 1.55 18357.79 18405.31 589 8.15 11194.96 11239.19 356 5.91 5881.83 5937.30 857 2.17 13740.26 13799.05 893 3.10 14920.17 14957.93 1227 5.52 20728.23 20764.43 955 3.67 15108.85 15149.07 619 8.70 12587.37 12624.21 118 2.27 8522.82 8572.33 953 5.78 15023.85 15070.99 874 8.34 14994.55 15041.93 373 5.21 11262.03 11323.84 1027 1.85 16695.34 16735.15 693 9.04 12082.75 12142.73 192 3.32 7242.08 7297.57 860 9.91 14138.82 14195.09 1097 1.87 17273.89 17311.22 768 5.77 12729.23 12770.87 601 2.76 9404.32 9467.64 839 4.79 15049.30 15101.50 703 5.73 10882.51 10920.73 35 6.81 5412.26 5463.46 678 9.61 10749.77 10789.89 344 1.04 9797.69 9843.61 684 6.14 11755.10 11811.92 79 3.14 1981.00 2032.03 914 7.83 15739.48 15777.07 361 7.44 7677.65 7733.55 519 7.23 10468.21 10528.28 951 1.91 14928.05 14993.06 840 5.26 14723.51 14760.22 1121 5.89 17537.12 17590.01 954 6.19 15560.38 15623.09 814 2.83 14677.30 14729.20 647 7.76 12761.76 12815.41 480 8.12 7803.33 7854.48 843 4.69 14360.18 14408.74 237 5.93 7033.55 7070.47 404 8.98 6635.28 6675.61 61 2.95 5594.01 5649.99 562 5.30 10438.17 10475.19 1058 9.14 16872.58 16914.04 821 9.08 14337.36 14383.43 565 4.58 10650.87 10704.53 810 7.05 13208.17 13271.30 415 8.62 8965.60 9007.26 749 6.06 13534.51 13576.51 514 5.66 10169.87 10209.40 13 9.82 6795.49 6838.82 960 6.56 15654.33 15715.75 292 9.82 8625.71 8688.99 1116 4.66 18667.36 18727.14 570 4.78 11783.87 11827.70 737 1.39 13276.63 13312.44 26 4.84 2969.28 3030.48 414 1.92 8581.47 8646.68 98 1.77 10114.34 10167.40 1125 6.14 18270.10 18324.58 1136 3.43 18377.72 18443.14 346 8.20 10410.94 10475.70 1181 8.89 18947.66 18984.44 558 3.85 9091.65 9147.95 391 4.64 9344.66 9387.59 946 7.83 16224.48 16262.95 278 8.83 4804.36 4838.78 1025 9.18 17808.78 17866.14 190 5.98 7102.10 7145.69 1129 4.58 18132.28 18192.37 1107 2.28 17827.23 17887.56 
124 243 5.98 8205.96 8249.17 1214 4.40 20007.19 20047.64 486 3.26 8924.98 8960.75 1210 3.84 19471.43 19514.95 963 6.41 16116.59 16161.99 982 2.79 15446.85 15481.71 230 6.91 4899.32 4945.12 500 7.40 12590.56 12624.17 988 6.01 16504.84 16568.18 741 3.88 12381.82 12422.99 1008 5.90 16406.28 16460.99 756 8.45 12240.86 12289.83 422 6.05 11854.44 11916.50 663 5.52 12921.58 12956.99 913 9.98 15921.97 15961.36 650 8.94 13312.97 13365.73 651 9.63 9927.43 9962.50 175 9.53 10667.02 10713.29 689 2.58 12887.51 12944.24 389 7.85 8554.55 8592.00 1246 7.01 19842.54 19887.73 933 9.54 15410.64 15475.47 697 6.98 13296.70 13340.86 1235 9.10 19755.45 19799.69 900 5.76 15489.19 15528.67 1234 1.80 19607.69 19653.80 157 1.28 4382.87 4421.70 1225 4.08 19624.28 19664.29 1199 4.37 18533.54 18575.46 1032 4.17 16528.94 16587.47 1137 5.86 18712.07 18777.96 1089 5.72 17630.95 17670.85 378 5.67 6685.26 6747.67 881 4.00 13755.80 13800.70 289 4.48 8674.57 8715.62 288 5.57 8004.92 8049.25 1147 8.55 17892.70 17950.40 37 1.38 5803.86 5844.01 116 9.12 8060.98 8112.62 281 2.73 5355.00 5389.63 290 2.35 8805.43 8839.44 809 1.32 12842.79 12882.46 888 7.37 15391.94 15441.02 271 9.22 9956.57 10009.63 343 5.57 9834.43 9898.32 106 5.93 3458.03 3518.81 1030 1.17 16738.50 16780.25 743 2.43 12406.66 12466.80 75 7.19 11169.94 11210.90 25 8.36 11563.69 11624.81 751 1.57 12119.19 12169.76 83 8.51 4328.58 4369.47 366 4.79 9577.43 9626.86 867 9.76 14838.24 14904.77 1201 1.70 19609.73 19655.86 1202 5.28 20160.67 20216.49 868 9.41 14394.38 14432.70 17 4.88 8902.74 8963.55 518 4.30 10268.72 10313.39 202 3.15 4742.12 4794.13 870 2.87 14459.25 14511.43 420 1.59 11170.29 11222.70 86 1.63 5780.17 5824.31 639 9.44 12325.21 12389.90 287 4.43 7410.77 7451.67 621 2.29 12517.67 12576.38 598 6.44 12854.39 12893.73 835 1.53 13864.50 13918.95 1233 8.74 19331.98 19395.55 1066 7.95 17437.46 17489.05 125 7.88 10660.63 10711.89 837 3.62 14367.81 14426.44 596 3.17 12464.99 12530.49 1176 7.43 19487.30 19547.09 675 5.01 13722.06 13768.27 952 4.54 14884.54 14938.16 1119 1.61 17719.60 17756.89 861 1.05 14309.16 14372.11 119 8.01 9065.92 9101.42 620 4.03 12565.76 12600.39 416 6.35 9529.61 9570.02 583 7.50 9996.31 10030.38 354 8.61 6842.05 6905.19 187 1.43 6816.62 6871.29 372 4.10 11394.01 11448.03 892 7.43 15117.79 15181.76 67 2.20 8702.02 8767.18 1236 2.19 20144.63 20185.19 1051 5.32 17341.44 17383.41 24 4.73 11216.19 11266.27 191 7.33 7513.91 7552.16 1134 7.94 18686.03 18734.71 299 9.18 11149.04 11197.13 559 8.16 9388.43 9423.11 85 2.67 5158.86 5192.29 753 3.02 11201.00 11262.26 1033 5.24 17085.59 17133.18 31 4.85 4191.64 4235.09 258 1.09 6094.58 6145.94 425 2.79 12149.62 12211.37 1093 8.49 17808.03 17844.25 1117 2.34 18297.42 18352.87 571 2.58 12153.44 12198.03 887 6.10 15253.45 15315.52 553 7.98 9017.42 9069.88 1054 1.20 17340.25 17405.31 439 7.34 9350.19 9411.07 272 7.24 10350.71 10412.92 74 7.88 10568.42 10607.17 1101 9.92 17470.05 17504.09 1229 9.34 20678.80 20714.42 895 5.11 15252.99 15318.62 263 4.84 8023.62 8089.31 130 9.45 3499.47 3536.13 1132 2.27 18423.54 18467.69 464 2.14 10213.68 10252.94 799 7.98 14261.97 14304.99 59 5.71 4625.10 4663.30 757 8.01 12459.41 12502.80 89 7.53 6907.07 6971.04 10 3.96 5520.17 5577.17 580 3.36 9390.04 9424.17 1081 4.42 17904.97 17941.79 528 8.35 8558.94 8594.83 
1 1250 2.82 20009.10 20067.31 
