150 0 0 1 15
2
4
5
2
5
4
1
3
4
5
4
1
3
2
2
4
4
3
4
4
3
6
5
2
7
6
2
2
3
5
7
2
6
3
3
4
4
6
3
4
2
6
3
3
2
3
3
3
3
7
1
4
2
4
4
4
7
4
10
2
4
3
4
3
7
5
7
3
8
4
3
5
4
5
3
3
3
10
5
3
3
3
3
1
2
4
5
5
4
2
5
4
6
2
8
3
4
2
5
6
10
5
3
4
8
4
2
2
3
4
2
5
7
5
3
2
5
3
2
3
7
4
2
3
5
6
5
3
4
5
2
5
4
2
5
3
4
6
4
5
4
6
5
1
7
5
3
1
3
4
68 4100 40.53
2 1 597.90
118 505 542.74
16 5213 58.10
29 9838 631.90
3 1317 424.15
25 1092 842.42
139 1948 906.40
90 7223 423.73
133 5253 655.87
4 7560 930.50
149 2079 345.04
5 4589 255.36
104 4875 445.23
53 8556 790.40
13 4945 695.72
57 4899 558.12
6 5331 288.14
51 783 146.67
37 1073 579.68
79 317 564.99
7 2191 147.27
8 471 151.02
67 5963 20.91
79 3209 554.85
9 6793 687.64
112 2797 388.76
23 4684 928.86
86 4856 180.61
10 6797 190.72
139 9499 476.69
123 8982 257.83
22 9216 980.43
53 2927 985.49
11 9352 160.38
19 5267 670.40
25 7242 768.00
55 2532 838.34
12 3837 173.38
13 5197 130.90
64 4727 317.41
104 3755 882.98
14 8314 400.40
61 7826 418.46
15 346 516.42
83 6111 495.55
16 535 116.32
45 8421 758.12
29 3612 144.75
100 8338 214.86
17 5300 196.01
147 8676 596.32
57 3829 843.12
115 1000 864.03
18 6715 529.98
1 6765 540.74
83 61 533.53
19 78 116.90
68 1378 950.32
57 1334 797.76
110 6484 279.07
20 3837 553.55
52 9426 302.15
30 3393 3.74
98 6220 70.79
21 669 199.00
20 8251 48.25
118 4556 414.12
22 4177 892.44
51 3093 408.91
91 56 773.26
17 804 693.48
72 7090 76.04
135 2516 6.63
23 6872 275.28
17 5241 673.87
19 8096 903.50
116 618 331.09
43 8341 227.40
24 5893 803.58
21 2835 601.35
25 9310 748.27
64 7736 665.60
126 6028 155.37
63 965 605.38
78 1053 486.16
107 7082 49.98
73 8607 685.00
26 8466 712.70
85 9860 737.90
77 3807 564.70
81 733 335.73
86 315 997.02
4 6915 839.92
27 5272 851.37
90 4322 662.46
28 921 785.64
54 9346 805.18
29 6543 405.65
112 7193 801.60
101 3461 626.36
30 4163 97.53
101 6748 831.40
91 5431 570.51
138 8664 600.14
48 6296 454.23
31 7016 741.20
128 226 375.08
85 8320 102.53
18 9749 590.64
14 7001 969.89
26 3728 104.00
126 7093 276.73
32 9108 645.77
140 7645 445.15
33 7626 575.36
50 178 687.19
43 3809 717.76
66 331 960.39
96 6964 775.49
13 3891 507.34
34 2626 952.16
58 5864 104.18
85 6530 827.30
35 475 487.68
60 5995 275.32
66 4698 624.27
36 7365 341.89
59 9764 786.24
63 5978 71.16
98 1661 500.36
37 3284 57.53
4 301 404.90
86 3346 669.01
123 1366 596.73
38 6330 487.75
66 6590 306.76
31 5760 687.33
134 1963 37.30
64 8135 560.91
127 6944 860.60
39 7568 105.98
6 6211 378.98
36 1017 420.18
40 9916 966.67
47 1851 451.19
19 2030 394.21
58 811 454.64
41 3656 624.21
143 2445 830.79
42 2472 255.72
108 4089 4.75
131 5872 453.04
129 2791 596.44
91 2803 980.23
97 5465 126.43
43 9831 331.79
138 6265 108.12
117 7843 491.99
44 7231 329.65
26 2239 185.01
16 2165 648.94
45 7538 331.71
8 4781 702.09
46 6519 198.90
69 8909 983.37
29 8136 95.28
47 728 334.59
23 9981 949.97
89 5184 126.82
48 6320 488.70
26 6884 751.81
21 5289 574.07
49 8852 444.82
15 8709 10.24
78 7196 650.62
50 2729 731.66
24 1845 992.92
35 5368 589.06
108 5771 943.20
67 7437 542.58
9 9874 331.79
106 1432 910.99
51 4367 280.84
52 7669 647.59
4 1715 740.43
40 2912 181.55
17 966 680.58
53 4780 814.00
68 8094 148.53
54 2379 619.95
25 3224 222.70
59 3345 78.05
116 5003 696.69
55 2751 686.73
85 9644 503.04
53 807 776.26
129 7947 552.82
56 3595 461.85
100 5768 822.85
103 3104 206.36
39 6722 444.57
57 1666 575.66
97 6027 609.22
13 5835 454.36
78 2279 908.13
129 7943 405.28
8 739 738.37
24 7563 938.67
58 4868 269.85
114 8147 228.63
133 4244 261.00
83 5975 842.64
59 8982 811.07
127 562 908.54
125 2432 955.69
131 6677 685.84
122 5260 357.16
33 3860 665.53
42 784 924.23
68 4762 10.53
41 6926 35.25
31 284 924.92
60 9097 703.76
91 1770 596.37
61 606 466.51
79 5259 557.41
140 4675 897.81
128 8200 997.07
62 9052 453.59
111 313 782.35
98 3085 926.83
63 5048 791.42
17 3255 918.07
106 4368 660.43
103 6810 554.25
64 5166 143.03
126 2932 749.77
43 1941 789.60
65 3192 476.86
130 1988 321.41
56 3826 477.47
12 4989 282.50
76 8317 902.23
61 9879 602.06
39 3705 340.83
66 9872 400.41
53 3494 785.30
1 5851 912.40
88 7521 456.94
124 6894 504.24
67 4943 867.55
23 6524 391.94
27 919 294.55
138 2769 203.63
52 2973 480.13
147 4680 469.96
48 5150 506.97
68 2663 42.79
97 6943 996.67
149 2157 637.36
69 908 697.27
80 1626 602.62
115 2927 664.67
104 2792 468.10
35 7958 318.85
61 2406 666.25
78 4468 112.92
123 221 826.40
70 9483 122.65
10 7138 703.94
143 6331 591.44
145 1261 53.02
71 738 317.08
114 3325 123.23
43 4605 317.91
72 5010 364.21
9 4454 297.06
17 9927 608.84
96 6469 996.03
107 5345 898.69
73 3844 747.93
119 2577 449.79
68 5000 901.95
94 9145 513.74
74 2773 209.80
80 3188 885.65
123 6431 850.92
1 2663 26.08
101 6824 738.24
75 9143 500.19
9 4419 94.58
12 1632 900.85
76 5301 844.83
99 5054 638.89
110 317 956.45
77 4647 244.31
74 6505 432.66
124 8348 695.62
78 9415 673.31
49 4673 582.23
113 6084 372.59
74 1616 290.60
4 5618 50.86
140 2207 626.67
116 654 572.99
11 5443 320.57
100 4021 828.26
16 4143 768.12
79 502 609.08
18 9036 957.50
81 8186 979.41
125 150 237.36
84 5883 185.31
80 7619 818.27
147 603 546.72
105 6674 549.35
81 7706 680.52
6 1226 340.53
43 8164 744.23
82 8283 834.83
74 2881 970.05
1 8567 494.48
83 1255 947.90
105 1274 966.70
144 3572 985.93
84 159 415.51
85 6888 181.96
44 4158 715.33
86 8687 777.56
117 8447 448.63
135 4348 510.22
24 9458 771.42
87 6299 501.13
52 4375 610.27
67 5860 604.01
111 6797 771.79
132 4403 427.64
88 7366 788.06
84 4944 489.17
82 4839 1.58
53 1573 77.73
99 9826 652.02
89 7258 167.66
56 4633 78.72
67 1513 388.27
139 9302 242.83
90 10000 800.88
35 3190 74.35
91 8891 257.97
65 1489 259.05
55 5398 732.65
148 1505 616.19
123 7563 495.94
92 2334 964.95
64 5688 854.28
50 6244 613.17
141 7725 718.10
93 3065 543.63
139 6143 402.36
87 3566 994.55
56 2250 153.81
92 1260 510.20
1 9 568.76
94 3512 413.39
126 6720 835.10
95 5136 132.71
52 4721 716.93
120 3 885.15
69 5747 615.72
142 4060 598.76
103 9092 494.73
7 415 598.95
99 7097 281.98
96 5915 431.55
8 4583 285.02
71 9324 825.01
97 8465 979.77
85 3772 347.50
53 5352 42.87
120 3776 505.60
98 4123 397.61
1 9365 681.46
99 8420 29.39
146 4579 710.84
97 2593 845.91
9 9869 468.05
52 3827 140.47
100 2695 371.83
49 8697 78.01
2 7953 466.02
64 1870 979.04
19 9497 338.11
18 2097 220.30
101 4157 89.71
109 6838 551.75
126 2384 420.07
61 8870 956.20
42 3870 673.41
129 3149 145.50
150 6985 143.53
75 5719 244.16
52 5420 423.12
96 565 981.81
102 5376 811.87
11 8451 125.09
85 8135 364.97
78 7290 755.84
137 2503 7.51
103 4682 557.21
85 8724 423.65
13 8547 447.07
104 2874 931.92
31 4820 233.31
19 769 992.19
123 5419 724.45
105 1785 866.06
126 7924 629.76
22 2917 131.07
62 4871 171.08
59 9358 26.88
68 2638 475.55
87 6816 828.39
18 7630 425.60
106 1538 339.14
80 9388 259.01
75 2620 670.04
149 9549 382.57
107 5720 710.51
57 2008 681.16
108 8029 625.74
89 8376 135.10
109 331 137.35
50 8025 99.71
142 4610 533.83
110 5348 300.39
57 3659 632.98
125 8783 238.65
131 7161 234.41
111 4988 797.75
105 229 793.64
112 9559 783.69
100 4030 253.63
53 7970 664.49
140 3003 979.46
24 477 458.30
113 7487 142.87
11 4592 180.60
18 8955 95.67
130 1311 190.27
133 3383 39.29
89 8234 854.01
101 6821 582.27
114 5549 680.38
94 6457 192.65
51 3310 821.19
6 2307 191.95
26 43 389.27
115 8912 739.74
108 774 448.41
95 2140 421.96
116 6252 846.55
141 2503 142.55
117 8425 195.01
38 6124 918.21
108 6667 410.59
34 554 372.79
110 3194 649.78
118 1599 398.28
109 5774 741.60
139 6819 255.23
119 2129 394.56
105 183 739.83
120 7151 80.33
57 97 512.45
105 7534 914.28
121 1305 829.41
79 8621 26.86
25 1597 399.46
80 6692 646.65
55 2117 604.81
106 7421 820.63
38 4767 48.19
122 911 226.99
120 8403 453.82
63 319 195.64
84 7394 783.69
123 2748 413.72
71 1938 573.99
124 31 893.55
80 2304 839.14
24 411 709.06
125 4146 789.63
146 48 140.09
22 8016 298.87
24 9885 358.82
15 818 687.92
126 269 320.68
64 7089 970.22
145 3331 325.89
99 7309 563.44
19 9739 233.83
147 2592 470.42
127 7102 112.69
38 7343 53.91
29 6647 221.90
35 4653 87.38
56 4242 852.88
128 9384 644.22
43 2648 834.52
44 5377 230.35
129 2401 248.90
21 3994 444.61
48 6088 437.95
78 6749 317.93
130 1810 750.13
74 3676 432.63
147 4448 790.75
37 7120 885.45
71 5063 368.38
131 3177 838.11
114 8371 377.47
132 8875 91.23
50 1455 682.27
116 6356 70.13
54 899 276.15
11 7105 12.73
133 6524 730.44
13 3628 848.29
66 4678 207.51
14 1623 92.64
134 1505 295.25
82 1393 582.99
135 6817 830.96
148 1371 181.91
149 5945 420.16
132 4868 578.10
37 7610 318.54
136 3861 926.56
118 7471 428.87
64 1421 788.83
137 3880 148.63
83 1727 359.27
125 9708 63.64
30 1142 29.28
138 5000 545.72
66 8590 415.88
118 3937 947.77
136 7705 499.82
91 7242 352.08
40 9706 860.14
139 1477 121.95
62 313 357.98
25 39 122.53
58 5168 976.50
140 5875 151.84
4 5138 794.24
16 2665 91.94
100 2434 854.16
98 2154 182.13
141 8460 269.33
88 5492 789.29
64 5802 650.94
145 2551 663.05
142 5905 267.61
133 6613 4.58
7 603 247.59
90 1261 480.53
26 6064 705.50
49 4607 118.34
143 9559 462.52
72 1272 459.93
18 4163 93.98
77 1231 932.71
62 1313 286.91
144 5565 456.19
145 1483 787.10
150 9996 890.52
36 1977 636.51
97 5737 516.85
129 2176 563.71
126 1982 985.91
21 7963 199.79
146 9838 543.67
90 8527 696.00
79 2790 698.99
62 2386 301.26
128 8680 800.50
147 4090 857.51
87 2734 842.94
29 3515 547.22
148 1419 41.14
149 5652 517.07
120 5551 788.72
105 2797 92.82
150 2523 562.77
83 1244 695.94
113 1223 100.10
24 6309 961.06
1 4888 638.42
120
74
13 10 6.64 1579.06 1639.28 28 9.67 2335.23 2368.61 147 8.71 1716.90 1766.50 92 2.47 2756.54 2810.57 41 9.12 943.18 1009.63 117 5.93 1816.45 1877.00 12 7.13 1697.41 1761.82 1 3.04 1531.91 1572.77 120 9.49 0.00 20.69 86 9.95 1576.80 1621.34 65 5.78 1739.99 1782.17 99 3.61 1489.26 1532.27 84 8.70 1011.88 1071.27 
7 96 6.23 1759.97 1794.69 89 3.91 1362.85 1400.10 106 1.29 1236.77 1289.03 43 5.20 1540.74 1574.31 146 7.04 1213.98 1272.44 78 5.70 1224.81 1265.50 7 4.91 1329.98 1389.30 
1 56 5.58 1433.44 1494.78 
6 130 6.96 2784.15 2848.16 95 7.83 2843.67 2894.71 66 4.43 2754.05 2813.38 15 1.53 2360.56 2401.04 62 4.77 3278.19 3313.81 55 4.86 3611.50 3678.16 
11 138 9.14 3321.67 3360.45 31 3.06 3464.59 3499.66 44 6.57 3806.99 3871.12 123 2.86 3567.95 3613.05 18 8.33 2901.32 2966.29 58 5.91 3788.85 3826.41 79 7.30 3851.76 3899.68 113 9.24 3023.21 3070.47 3 4.46 3572.66 3634.68 54 5.03 3907.85 3955.27 49 8.67 2763.75 2819.27 
20 39 1.35 3890.93 3956.97 150 6.86 3351.77 3397.90 103 7.33 4173.68 4216.67 128 5.82 3837.63 3882.89 26 6.44 3559.61 3618.74 59 8.48 3941.05 3991.77 8 3.39 4208.31 4245.06 53 7.88 3813.70 3861.40 36 9.50 4169.16 4217.52 67 3.78 4054.06 4094.77 104 5.41 4184.46 4220.04 102 6.57 4020.33 4066.02 21 8.09 3779.44 3843.72 13 9.33 3513.95 3567.98 81 7.65 3897.53 3952.28 83 3.20 3273.08 3338.85 134 5.52 3366.15 3415.10 57 5.57 3837.55 3876.02 125 2.53 3554.75 3598.73 80 4.71 4514.72 4560.63 
8 52 7.77 4083.84 4133.28 11 9.23 3635.35 3689.43 17 7.01 4413.84 4471.13 119 2.13 4599.43 4657.29 100 9.84 4321.70 4358.16 16 8.83 4219.81 4273.13 135 7.77 3867.02 3902.53 110 7.52 3944.21 4002.63 
16 136 9.76 4799.30 4838.90 132 7.26 4282.57 4330.59 72 9.86 4577.00 4612.01 121 4.63 5522.03 5558.44 107 8.06 4464.56 4514.66 145 5.15 4838.37 4893.96 118 9.18 4947.97 4992.03 71 5.95 5220.44 5263.08 88 9.42 5277.39 5339.73 97 8.39 4823.83 4875.77 63 7.61 4953.77 5016.63 114 9.39 4569.56 4616.07 108 7.15 4697.08 4759.18 91 1.95 5038.30 5097.88 6 3.34 4761.50 4808.02 40 1.14 4277.28 4318.48 
6 146 9.80 5149.85 5212.61 7 8.72 4913.01 4957.73 43 4.99 5259.68 5321.95 106 4.64 5629.42 5677.06 96 7.82 5339.50 5378.74 89 4.20 4849.43 4891.34 
4 124 8.47 6220.26 6259.27 77 5.40 6348.66 6401.67 127 7.93 5484.78 5531.24 22 3.53 6001.84 6038.30 
19 116 2.68 6610.47 6649.44 47 7.39 7069.34 7118.02 93 1.57 7891.05 7937.87 112 8.18 6514.35 6564.53 129 7.75 6380.26 6437.86 76 4.86 7433.98 7472.40 2 6.28 7233.63 7284.55 27 5.16 6642.90 6694.20 101 4.54 6344.55 6383.86 131 1.26 7229.41 7282.43 94 1.54 7338.83 7383.77 45 6.37 6705.54 6738.89 82 8.18 6163.70 6216.57 51 8.72 6181.48 6221.47 139 5.76 6525.14 6589.77 105 5.98 6520.26 6566.15 122 4.76 6899.28 6955.21 126 8.38 6513.18 6554.63 109 9.81 6891.33 6940.58 
19 111 6.81 7475.85 7529.39 37 3.62 6976.45 7034.42 90 3.91 7315.31 7357.03 14 9.79 6720.13 6768.49 133 3.87 6624.41 6678.93 34 6.02 7171.25 7229.64 85 7.64 7323.01 7358.93 140 8.26 6693.98 6736.12 38 8.19 6691.28 6726.50 75 1.65 6590.79 6635.02 137 6.25 7160.07 7216.18 61 2.45 7144.66 7180.87 87 6.95 7352.87 7402.28 19 6.57 6756.11 6796.11 25 3.33 6660.74 6710.75 70 9.31 7378.51 7434.52 144 6.18 7866.90 7929.69 33 5.34 7209.98 7273.22 32 2.73 8009.12 8074.86 
16 4 1.48 7206.39 7245.80 68 2.00 7509.36 7555.53 5 9.49 7454.63 7508.29 73 6.84 7357.35 7390.80 46 1.96 7752.08 7792.48 148 4.57 7338.09 7373.93 42 4.14 7760.32 7826.14 142 6.72 7239.75 7280.75 24 5.77 7527.47 7584.94 143 7.54 7697.54 7748.00 9 1.05 6688.33 6729.96 60 5.07 7297.18 7342.50 149 9.56 7552.05 7590.23 30 5.29 7040.24 7074.83 98 1.61 6888.34 6922.56 64 6.29 7254.12 7301.86 
2 23 2.38 7611.90 7666.21 50 5.42 7967.86 8006.32 
7 20 5.50 8925.31 8976.15 141 6.46 8090.18 8139.98 29 5.41 8458.30 8516.58 115 2.28 9148.58 9210.11 74 1.51 8976.19 9020.19 35 8.14 8547.46 8606.30 69 5.67 9257.82 9292.49 
