60 3540 0 1 6
59
59
59
59
59
59
59
59
59
59
59
59
59
59
59
59
59
59
59
59
59
59
59
59
59
59
59
59
59
59
59
59
59
59
59
59
59
59
59
59
59
59
59
59
59
59
59
59
59
59
59
59
59
59
59
59
59
59
59
59
60 2128.0 40.53
59 8421.0 597.9
58 8908.0 542.74
57 7483.0 58.1
56 4985.0 631.9
55 331.0 424.15
54 5717.0 842.42
53 1784.0 906.4
52 4680.0 423.73
51 4154.0 655.87
50 8416.0 930.5
49 8460.0 345.04
48 5133.0 255.36
47 3064.0 445.23
46 8886.0 790.4
45 7255.0 695.72
44 6296.0 558.12
43 6885.0 288.14
42 1254.0 146.67
41 7703.0 579.68
40 501.0 564.99
39 4645.0 147.27
38 9139.0 151.02
37 3842.0 20.91
36 738.0 554.85
35 908.0 687.64
34 4940.0 388.76
33 3191.0 928.86
32 5046.0 180.61
31 606.0 190.72
30 8977.0 476.69
29 1666.0 257.83
28 2750.0 980.43
27 4778.0 985.49
26 4365.0 160.38
25 8848.0 670.4
24 727.0 768.0
23 7534.0 838.34
22 9826.0 173.38
21 3654.0 130.9
20 7565.0 317.41
19 3283.0 882.98
18 475.0 400.4
17 7622.0 418.46
16 7012.0 516.42
15 6540.0 495.55
14 5270.0 116.32
13 9305.0 758.12
12 6868.0 144.75
11 669.0 214.86
10 77.0 196.01
9 5298.0 596.32
8 346.0 843.12
7 5195.0 864.03
6 9347.0 529.98
5 6789.0 540.74
4 2190.0 533.53
3 4587.0 116.9
2 1316.0 950.32
60 1392.0 797.76
59 8901.0 279.07
58 9167.0 553.55
57 6821.0 302.15
56 4890.0 3.74
55 652.0 70.79
54 5250.0 199.0
53 191.0 48.25
52 7066.0 414.12
51 7157.0 892.44
50 7298.0 408.91
49 8766.0 773.26
48 4141.0 693.48
47 5145.0 76.04
46 2894.0 6.63
45 9545.0 275.28
44 7023.0 673.87
43 8247.0 903.5
42 6328.0 331.09
41 4623.0 227.4
40 8176.0 803.58
39 5060.0 601.35
38 8609.0 748.27
37 9090.0 665.6
36 2153.0 155.37
35 9317.0 605.38
34 4524.0 486.16
33 4554.0 49.98
32 1352.0 685.0
31 3654.0 712.7
30 1622.0 737.9
29 8857.0 564.7
28 4104.0 335.73
27 1421.0 997.02
26 9017.0 839.92
25 2033.0 851.37
24 4765.0 662.46
23 8031.0 785.64
22 6513.0 805.18
21 6293.0 405.65
20 1998.0 801.6
19 9611.0 626.36
18 4886.0 97.53
17 5649.0 831.4
16 4088.0 570.51
15 1482.0 600.14
14 9555.0 454.23
13 8456.0 741.2
12 1476.0 375.08
11 3878.0 102.53
10 6814.0 590.64
9 6521.0 969.89
8 3176.0 104.0
7 2400.0 276.73
6 7099.0 645.77
5 4143.0 445.15
4 2746.0 575.36
3 1305.0 687.19
1 1.0 717.76
60 9402.0 960.39
59 9448.0 775.49
58 7287.0 507.34
57 6763.0 952.16
56 2540.0 104.18
55 783.0 827.3
54 3879.0 487.68
53 4469.0 275.32
52 3703.0 624.27
51 4309.0 341.89
50 5882.0 786.24
49 5286.0 71.16
48 3161.0 500.36
47 5569.0 57.53
46 8603.0 404.9
45 1617.0 669.01
44 7030.0 596.73
43 5880.0 487.75
42 5262.0 306.76
41 1175.0 687.33
40 3188.0 37.3
39 5983.0 560.91
38 6335.0 860.6
37 7530.0 105.98
36 7948.0 378.98
35 6348.0 420.18
34 1017.0 966.67
33 2572.0 451.19
32 1578.0 394.21
31 1769.0 454.64
30 3982.0 624.21
29 8198.0 830.79
28 9833.0 255.72
27 114.0 4.75
26 2822.0 453.04
25 7839.0 596.44
24 2841.0 980.23
23 2693.0 126.43
22 9476.0 331.79
21 3889.0 108.12
20 2136.0 491.99
19 6296.0 329.65
18 818.0 185.01
17 8288.0 648.94
16 8365.0 331.71
15 6806.0 702.09
14 4178.0 198.9
13 7274.0 983.37
12 9.0 95.28
11 6164.0 334.59
10 1537.0 949.97
9 2116.0 126.82
8 8067.0 488.7
7 4398.0 751.81
6 5147.0 574.07
5 4461.0 444.82
4 9894.0 10.24
2 7148.0 650.62
1 7557.0 731.66
60 4244.0 992.92
59 2591.0 589.06
58 8382.0 943.2
57 9541.0 542.58
56 1260.0 331.79
55 6142.0 910.99
54 1883.0 280.84
53 1226.0 647.59
52 5363.0 740.43
51 7390.0 181.55
50 4897.0 680.58
49 294.0 814.0
48 17.0 148.53
47 9869.0 619.95
46 3312.0 222.7
45 5778.0 78.05
44 8337.0 696.69
43 1504.0 686.73
42 5200.0 503.04
41 4779.0 776.26
40 2971.0 552.82
39 1603.0 461.85
38 553.0 822.85
37 7759.0 206.36
36 1038.0 444.57
35 3102.0 575.66
34 3720.0 609.22
33 2803.0 454.36
32 7094.0 908.13
31 6269.0 405.28
30 2159.0 738.37
29 5441.0 938.67
28 5185.0 269.85
27 64.0 228.63
26 7467.0 261.0
25 9034.0 842.64
24 800.0 811.07
23 43.0 908.54
22 7539.0 955.69
21 6957.0 685.84
20 7518.0 357.16
19 4367.0 665.53
18 7070.0 924.23
17 221.0 10.53
16 4558.0 35.25
15 8440.0 924.92
14 9701.0 703.76
13 9179.0 596.37
12 6430.0 466.51
11 150.0 557.41
10 5229.0 897.81
9 3439.0 997.07
8 1504.0 453.59
7 6057.0 782.35
6 6614.0 926.83
5 4605.0 791.42
3 4504.0 918.07
2 910.0 660.43
1 5328.0 554.25
60 8637.0 143.03
59 5275.0 749.77
58 2164.0 789.6
57 2898.0 476.86
56 4216.0 321.41
55 2405.0 477.47
54 4551.0 282.5
53 3621.0 902.23
52 9353.0 602.06
51 6998.0 340.83
50 7583.0 400.41
49 5768.0 785.3
48 3273.0 912.4
47 3686.0 456.94
46 1052.0 504.24
45 1601.0 867.55
44 1239.0 391.94
43 2550.0 294.55
42 9398.0 203.63
41 1714.0 480.13
40 7433.0 469.96
39 3291.0 506.97
38 9772.0 42.79
37 654.0 996.67
36 5192.0 637.36
35 537.0 697.27
34 7219.0 602.62
33 180.0 664.67
32 6211.0 468.1
31 9492.0 318.85
30 6620.0 666.25
29 1598.0 112.92
28 1660.0 826.4
27 2337.0 122.65
26 3715.0 703.94
25 6527.0 591.44
24 2217.0 53.02
23 364.0 317.08
22 6817.0 123.23
21 7493.0 317.91
20 7692.0 364.21
19 2502.0 297.06
18 7695.0 608.84
17 804.0 996.03
16 9734.0 898.69
15 8363.0 747.93
14 6875.0 449.79
13 4320.0 901.95
12 1760.0 513.74
11 5470.0 209.8
10 2096.0 885.65
9 6656.0 850.92
8 4519.0 26.08
7 7607.0 738.24
6 8980.0 500.19
4 3216.0 94.58
3 2156.0 900.85
2 30.0 844.83
1 471.0 638.89
60 7624.0 956.45
59 264.0 244.31
58 5861.0 432.66
57 2217.0 695.62
56 1408.0 673.31
55 3459.0 582.23
54 1920.0 372.59
53 6985.0 290.6
52 6746.0 50.86
51 8569.0 626.67
50 225.0 572.99
49 966.0 320.57
48 3437.0 828.26
47 1555.0 768.12
46 9453.0 609.08
45 5729.0 957.5
44 8155.0 979.41
43 9320.0 237.36
42 6396.0 185.31
41 1484.0 818.27
40 8676.0 546.72
39 9670.0 549.35
38 4036.0 680.52
37 5366.0 340.53
36 3296.0 744.23
35 5916.0 834.83
34 317.0 970.05
33 343.0 494.48
32 9773.0 947.9
31 4695.0 966.7
30 2327.0 985.93
29 3784.0 415.51
28 2618.0 181.96
27 7065.0 715.33
26 890.0 777.56
25 2206.0 448.63
24 5194.0 510.22
23 7671.0 771.42
22 415.0 501.13
21 6318.0 610.27
20 3295.0 604.01
19 8344.0 771.79
18 5097.0 427.64
17 3475.0 788.06
16 6061.0 489.17
15 9461.0 1.58
14 1341.0 77.73
13 1869.0 652.02
12 6647.0 167.66
11 33.0 78.72
10 7954.0 388.27
9 4598.0 242.83
8 3829.0 800.88
7 7116.0 74.35
5 8131.0 257.97
4 5172.0 259.05
3 3158.0 732.65
2 269.0 616.19
1 6793.0 495.94
60 1493.0 964.95
59 1596.0 854.28
58 8050.0 613.17
57 4919.0 718.1
56 9744.0 543.63
55 2025.0 402.36
54 5732.0 994.55
53 3308.0 153.81
52 7577.0 510.2
51 3446.0 568.76
50 999.0 413.39
49 1078.0 835.1
48 7025.0 132.71
47 1230.0 716.93
46 9525.0 885.15
45 8588.0 615.72
44 9360.0 598.76
43 6516.0 494.73
42 8996.0 598.95
41 2303.0 281.98
40 8212.0 431.55
39 9203.0 285.02
38 5975.0 825.01
37 2355.0 979.77
36 5305.0 347.5
35 2802.0 42.87
34 2767.0 505.6
33 7105.0 397.61
32 4869.0 681.46
31 6970.0 29.39
30 4867.0 710.84
29 7721.0 845.91
28 6112.0 468.05
27 5519.0 140.47
26 1072.0 371.83
25 351.0 78.01
24 5221.0 466.02
23 317.0 979.04
22 5023.0 338.11
21 4414.0 220.3
20 5716.0 89.71
19 6680.0 551.75
18 5488.0 420.07
17 6671.0 956.2
16 5315.0 673.41
15 5744.0 145.5
14 1615.0 143.53
13 5194.0 244.16
12 6017.0 423.12
11 8313.0 981.81
10 4305.0 811.87
9 9256.0 125.09
8 774.0 364.97
6 2438.0 755.84
5 2446.0 7.51
4 4019.0 557.21
3 8816.0 423.65
2 9379.0 447.07
1 3836.0 931.92
60 4028.0 233.31
59 9955.0 992.19
58 1488.0 724.45
57 6002.0 866.06
56 3683.0 629.76
55 5857.0 131.07
54 5757.0 171.08
53 1964.0 26.88
52 1981.0 475.55
51 9632.0 828.39
50 4082.0 425.6
49 804.0 339.14
48 1462.0 259.01
47 9329.0 670.04
46 4997.0 382.57
45 4839.0 710.51
44 736.0 681.16
43 7943.0 625.74
42 3625.0 135.1
41 6812.0 137.35
40 9759.0 99.71
39 2381.0 533.83
38 4777.0 300.39
37 769.0 632.98
36 6876.0 238.65
35 3775.0 234.41
34 4865.0 797.75
33 8966.0 793.64
32 7694.0 783.69
31 8131.0 253.63
30 6747.0 664.49
29 4168.0 979.46
28 899.0 458.3
27 8791.0 142.87
26 729.0 180.6
25 7190.0 95.67
24 1896.0 190.27
23 8808.0 39.29
22 5799.0 854.01
21 9399.0 582.27
20 8119.0 680.38
19 5869.0 192.65
18 2772.0 821.19
17 5223.0 191.95
16 315.0 389.27
15 1708.0 739.74
14 9013.0 448.41
13 8977.0 421.96
12 602.0 846.55
11 6513.0 142.55
10 4242.0 195.01
9 3807.0 918.21
7 7137.0 410.59
6 2637.0 372.79
5 6949.0 649.78
4 9866.0 398.28
3 4676.0 741.6
2 1809.0 255.23
1 8310.0 394.56
60 1173.0 739.83
59 2767.0 80.33
58 4424.0 512.45
57 3235.0 914.28
56 5349.0 829.41
55 6431.0 26.86
54 6599.0 399.46
53 8371.0 646.65
52 7198.0 604.81
51 5231.0 820.63
50 1947.0 48.19
49 190.0 226.99
48 6586.0 453.82
47 8334.0 195.64
46 1046.0 783.69
45 8642.0 413.72
44 5960.0 573.99
43 505.0 893.55
42 9445.0 839.14
41 4631.0 709.06
40 5895.0 789.63
39 3576.0 140.09
38 2931.0 298.87
37 4226.0 358.82
36 5662.0 687.92
35 739.0 320.68
34 3734.0 970.22
33 2319.0 325.89
32 7192.0 563.44
31 3207.0 233.83
30 2887.0 470.42
29 7949.0 112.69
28 6660.0 53.91
27 1559.0 221.9
26 4581.0 87.38
25 6347.0 852.88
24 8337.0 644.22
23 2642.0 834.52
22 5166.0 230.35
21 9209.0 248.9
20 6023.0 444.61
19 3147.0 437.95
18 6669.0 317.93
17 1449.0 750.13
16 3344.0 432.63
15 3577.0 790.75
14 7991.0 885.45
13 6465.0 368.38
12 4798.0 838.11
11 3743.0 377.47
10 8196.0 91.23
8 4682.0 682.27
7 5899.0 70.13
6 811.0 276.15
5 2637.0 12.73
4 6701.0 730.44
3 3652.0 848.29
2 8870.0 207.51
1 535.0 92.64
60 1572.0 295.25
59 5810.0 582.99
58 7193.0 830.96
57 3610.0 181.91
56 1056.0 420.16
55 8487.0 578.1
54 6481.0 318.54
53 1235.0 926.56
52 8311.0 428.87
51 3868.0 788.83
50 6690.0 148.63
49 1184.0 359.27
48 5051.0 63.64
47 5019.0 29.28
46 1291.0 545.72
45 5735.0 415.88
44 9601.0 947.77
43 7825.0 499.82
42 2175.0 352.08
41 9615.0 860.14
40 4770.0 121.95
39 2444.0 357.98
38 2725.0 122.53
37 2032.0 976.5
36 4346.0 151.84
35 5694.0 794.24
34 6910.0 91.94
33 5942.0 854.16
32 8973.0 182.13
31 1765.0 269.33
30 2795.0 789.29
29 600.0 650.94
28 6615.0 663.05
27 8551.0 267.61
26 323.0 4.58
25 4546.0 247.59
24 6761.0 480.53
23 1157.0 705.5
22 8713.0 118.34
21 6717.0 462.52
20 6233.0 459.93
19 8360.0 93.98
18 1962.0 932.71
17 2470.0 286.91
16 5968.0 456.19
15 2433.0 787.1
14 9299.0 890.52
13 5360.0 636.51
12 3330.0 516.85
11 8364.0 563.71
9 8493.0 985.91
8 8838.0 199.79
7 9297.0 543.67
6 2329.0 696.0
5 1166.0 698.99
4 5418.0 301.26
3 9992.0 800.5
2 1504.0 857.51
1 6712.0 842.94
60 4590.0 547.22
59 7506.0 41.14
58 1261.0 517.07
57 1333.0 788.72
56 1260.0 92.82
55 3147.0 562.77
54 6121.0 695.94
53 7765.0 100.1
52 7446.0 961.06
51 9192.0 638.42
50 3492.0 627.03
49 4354.0 963.35
48 8174.0 857.12
47 8443.0 164.66
46 5719.0 902.09
45 3521.0 548.19
44 9421.0 681.47
43 1297.0 227.84
42 8316.0 943.47
41 3935.0 994.09
40 9144.0 531.25
39 3313.0 290.67
38 3825.0 856.19
37 6547.0 581.66
36 1146.0 324.2
35 183.0 32.99
34 7912.0 466.98
33 1980.0 671.02
32 3564.0 522.64
31 6166.0 434.53
30 9286.0 509.72
29 3807.0 662.82
28 2140.0 759.13
27 7928.0 382.14
26 2663.0 59.32
25 9294.0 419.64
24 4340.0 429.5
23 7733.0 905.04
22 1646.0 229.41
21 7502.0 618.85
20 732.0 207.68
19 1700.0 814.15
18 2823.0 546.23
17 7920.0 700.74
16 6997.0 915.58
15 3419.0 384.82
14 8866.0 448.36
13 6714.0 851.93
12 1692.0 40.31
10 4161.0 651.2
9 7934.0 704.17
8 4123.0 536.28
7 5060.0 604.55
6 4914.0 831.4
5 1137.0 266.67
4 8293.0 764.96
3 6305.0 944.89
2 3859.0 310.04
1 3835.0 490.09
60 1927.0 619.61
59 313.0 788.39
58 4093.0 925.43
57 6892.0 739.26
56 1370.0 244.86
55 8993.0 502.39
54 5176.0 507.88
53 4673.0 170.32
52 4016.0 413.05
51 4683.0 752.07
50 6940.0 914.8
49 4488.0 667.82
48 7979.0 126.64
47 9703.0 982.64
46 9131.0 870.17
45 2993.0 752.32
44 3626.0 724.84
43 8866.0 973.82
42 5427.0 696.36
41 1378.0 984.67
40 1207.0 403.53
39 5604.0 785.11
38 2078.0 461.8
37 261.0 908.51
36 6444.0 550.15
35 6241.0 935.75
34 6095.0 820.84
33 8596.0 734.4
32 5135.0 932.75
31 9331.0 683.93
30 4479.0 105.99
29 2278.0 260.61
28 5898.0 16.94
27 2383.0 977.72
26 6711.0 857.7
25 9745.0 443.6
24 319.0 405.42
23 8124.0 758.24
22 538.0 356.43
21 5992.0 830.22
20 2275.0 489.76
19 1412.0 770.25
18 603.0 281.29
17 9442.0 187.74
16 1202.0 710.48
15 8543.0 64.5
14 6840.0 797.77
13 2347.0 750.2
11 2921.0 429.51
10 9626.0 587.24
9 97.0 463.08
8 3084.0 394.35
7 9193.0 30.04
6 2662.0 61.02
5 61.0 597.22
4 2743.0 798.05
3 6.0 857.55
2 4998.0 529.38
1 4175.0 554.03
60 1273.0 418.11
59 5496.0 820.43
58 1102.0 979.37
57 603.0 646.19
56 5319.0 291.4
55 5640.0 323.55
54 3253.0 976.53
53 4182.0 319.49
52 867.0 558.25
51 3657.0 737.52
50 7304.0 807.39
49 4239.0 799.56
48 1714.0 73.69
47 3435.0 583.6
46 397.0 161.59
45 6140.0 661.04
44 6146.0 619.71
43 5555.0 259.89
42 4028.0 923.09
41 7441.0 576.15
40 3321.0 482.54
39 8447.0 193.27
38 6788.0 54.68
37 5717.0 112.19
36 5238.0 943.89
35 1467.0 649.3
34 7985.0 107.56
33 6081.0 396.89
32 5138.0 349.46
31 2017.0 635.54
30 5429.0 529.92
29 1991.0 726.42
28 3498.0 6.59
27 9991.0 452.88
26 9620.0 951.57
25 7656.0 477.34
24 562.0 69.11
23 3870.0 587.67
22 1381.0 154.55
21 3186.0 492.08
20 4923.0 500.43
19 3465.0 607.48
18 3.0 490.47
17 6330.0 143.09
16 7223.0 57.59
15 4087.0 793.85
14 2749.0 519.38
12 9633.0 806.83
11 2237.0 2.35
10 5262.0 488.28
9 6391.0 621.15
8 8145.0 993.66
7 7239.0 816.74
6 4252.0 932.54
5 5994.0 226.45
4 5462.0 242.43
3 7734.0 336.94
2 5872.0 266.02
1 5890.0 291.02
60 8905.0 782.15
59 3014.0 42.42
58 9671.0 118.52
57 3805.0 568.14
56 1725.0 8.1
55 7534.0 754.06
54 5490.0 221.46
53 9367.0 779.76
52 4871.0 840.16
51 5475.0 920.35
50 8864.0 531.55
49 301.0 780.07
48 2455.0 215.18
47 5612.0 69.59
46 1091.0 999.76
45 161.0 164.25
44 2040.0 53.07
43 8824.0 923.91
42 6521.0 353.5
41 4452.0 949.01
40 937.0 127.87
39 4670.0 438.31
38 5175.0 418.54
37 6683.0 860.85
36 1782.0 423.06
35 39.0 665.92
34 9210.0 981.05
33 1685.0 384.65
32 6834.0 290.58
31 6728.0 358.31
30 7592.0 774.16
29 1987.0 522.15
28 4309.0 103.41
27 2823.0 431.5
26 9494.0 451.43
25 629.0 221.97
24 5980.0 68.28
23 2834.0 371.48
22 1594.0 928.45
21 9732.0 621.23
20 6644.0 643.11
19 8464.0 972.93
18 5494.0 469.04
17 8586.0 154.79
16 9180.0 320.12
15 594.0 378.11
13 8132.0 483.76
12 1976.0 623.02
11 4048.0 718.96
10 8182.0 735.87
9 6449.0 94.78
8 9195.0 600.04
7 4909.0 66.2
6 9635.0 752.73
5 826.0 188.69
4 2667.0 441.22
3 3192.0 51.23
2 5902.0 93.21
1 8462.0 503.55
60 8634.0 667.86
59 1025.0 322.63
58 6417.0 280.03
57 7664.0 870.47
56 7456.0 558.77
55 3751.0 885.98
54 9983.0 396.14
53 7597.0 863.18
52 9020.0 787.75
51 5577.0 395.99
50 8517.0 236.74
49 5493.0 882.85
48 2431.0 342.41
47 2546.0 868.25
46 2204.0 429.92
45 9610.0 178.02
44 1165.0 258.04
43 1655.0 171.41
42 9556.0 590.84
41 1009.0 394.42
40 17.0 94.75
39 6587.0 169.99
38 2528.0 460.97
37 4912.0 405.16
36 783.0 505.89
35 377.0 728.31
34 6414.0 153.27
33 3222.0 528.06
32 3544.0 539.71
31 3336.0 180.21
30 9855.0 590.9
29 1673.0 348.9
28 4091.0 1.65
27 1625.0 586.57
26 4552.0 200.61
25 1543.0 939.07
24 6454.0 377.35
23 7567.0 678.27
22 3079.0 244.06
21 7822.0 477.92
20 916.0 606.73
19 5264.0 739.35
18 7085.0 252.28
17 8396.0 451.38
16 2504.0 635.98
14 4750.0 751.74
13 7178.0 78.63
12 814.0 264.97
11 5794.0 57.62
10 6629.0 327.7
9 3774.0 683.45
8 7701.0 87.3
7 9762.0 482.71
6 7959.0 200.78
5 3754.0 500.76
4 2468.0 680.61
3 6825.0 883.86
2 5562.0 897.39
1 920.0 972.13
60 6021.0 183.0
59 7961.0 385.79
58 4100.0 610.13
57 9743.0 4.38
56 9024.0 212.87
55 9543.0 76.21
54 3015.0 974.84
53 2764.0 230.73
52 6612.0 724.27
51 7023.0 514.17
50 4068.0 249.51
49 7587.0 360.41
48 7463.0 146.31
47 5418.0 38.48
46 8193.0 27.63
45 6672.0 432.79
44 4529.0 629.78
43 3357.0 154.54
42 2359.0 525.8
41 2632.0 494.42
40 5484.0 748.6
39 9025.0 846.0
38 3994.0 320.43
37 9109.0 765.64
36 2829.0 41.21
35 1713.0 972.24
34 6898.0 993.54
33 7485.0 305.55
32 4998.0 76.35
31 9947.0 786.9
30 8836.0 565.91
29 7084.0 783.73
28 7770.0 380.09
27 5495.0 8.96
26 5970.0 826.64
25 1932.0 826.39
24 3755.0 212.06
23 324.0 186.89
22 7653.0 92.35
21 1897.0 849.92
20 8307.0 197.7
19 9754.0 811.02
18 2912.0 725.02
17 9310.0 902.04
15 8436.0 248.04
14 4452.0 477.81
13 7851.0 313.59
12 1526.0 870.45
11 4373.0 335.66
10 9415.0 477.97
9 3896.0 374.12
8 5725.0 408.1
7 2733.0 167.4
6 1712.0 49.14
5 1237.0 153.38
4 6941.0 34.57
3 2053.0 701.71
2 9834.0 315.9
1 4160.0 584.86
60 9693.0 376.52
59 1301.0 340.21
58 435.0 401.86
57 8064.0 949.58
56 4006.0 485.0
55 5687.0 216.4
54 9157.0 553.28
53 4123.0 495.33
52 3519.0 494.77
51 5153.0 449.02
50 5499.0 674.89
49 2508.0 457.95
48 7912.0 509.33
47 2455.0 642.87
46 1647.0 648.81
45 3747.0 689.73
44 1730.0 272.95
43 826.0 79.59
42 4999.0 468.72
41 1433.0 984.18
40 5767.0 482.58
39 9822.0 785.31
38 4392.0 746.54
37 8922.0 20.78
36 3532.0 722.99
35 2163.0 445.46
34 4933.0 319.87
33 3790.0 774.98
32 729.0 75.12
31 6482.0 341.25
30 1917.0 366.73
29 8084.0 840.25
28 1617.0 72.6
27 2686.0 902.17
26 5657.0 453.82
25 3874.0 622.84
24 112.0 558.91
23 6991.0 152.15
22 5592.0 447.36
21 3910.0 599.8
20 3834.0 56.25
19 731.0 157.07
18 1100.0 213.05
16 5034.0 773.87
15 7340.0 377.14
14 4396.0 228.84
13 5771.0 789.74
12 8092.0 889.23
11 8343.0 102.91
10 1261.0 829.23
9 6936.0 459.78
8 8033.0 632.77
7 6986.0 906.23
6 639.0 736.89
5 297.0 864.5
4 8172.0 657.21
3 7090.0 239.26
2 1419.0 938.21
1 9104.0 919.62
60 6840.0 854.68
59 2507.0 771.45
58 9231.0 573.71
57 4732.0 704.51
56 7382.0 510.8
55 2537.0 749.24
54 2147.0 783.14
53 592.0 73.54
52 52.0 640.4
51 2797.0 855.54
50 6525.0 285.56
49 6677.0 972.45
48 5624.0 400.94
47 6581.0 75.12
46 4641.0 648.56
45 4293.0 373.46
44 4744.0 263.96
43 2948.0 419.5
42 8137.0 359.45
41 4778.0 108.19
40 4201.0 476.95
39 3967.0 219.15
38 6280.0 360.26
37 6865.0 633.34
36 8228.0 440.89
35 9868.0 813.62
34 5968.0 874.21
33 8680.0 391.78
32 5171.0 643.79
31 2471.0 657.68
30 908.0 162.42
29 8719.0 398.72
28 1975.0 267.13
27 1640.0 442.28
26 2042.0 183.13
25 6817.0 805.24
24 824.0 628.09
23 3329.0 958.46
22 9850.0 385.53
21 3061.0 548.76
20 8307.0 673.76
19 2073.0 478.78
17 9215.0 916.45
16 8981.0 570.07
15 4230.0 624.57
14 9972.0 517.32
13 7986.0 646.05
12 456.0 137.34
11 8491.0 962.06
10 8868.0 725.26
9 2916.0 426.76
8 8617.0 728.62
7 975.0 969.57
6 2925.0 890.24
5 4943.0 722.21
4 1608.0 814.98
3 946.0 615.69
2 2522.0 6.81
1 2625.0 384.89
60 1460.0 979.82
59 6808.0 837.61
58 2369.0 434.12
57 6779.0 868.38
56 1302.0 912.54
55 43.0 830.51
54 9875.0 620.67
53 6034.0 434.03
52 4152.0 508.39
51 7250.0 856.19
50 4169.0 174.19
49 9659.0 906.59
48 8236.0 493.84
47 2040.0 900.44
46 3621.0 117.08
45 4038.0 925.01
44 4175.0 29.6
43 7502.0 311.17
42 8691.0 399.35
41 9547.0 407.12
40 8615.0 354.43
39 2287.0 976.86
38 8288.0 885.1
37 3772.0 412.08
36 9460.0 921.95
35 9449.0 730.17
34 8412.0 265.31
33 773.0 275.87
32 7878.0 544.27
31 1805.0 782.36
30 2722.0 804.71
29 7421.0 203.24
28 6364.0 98.96
27 4545.0 975.38
26 7707.0 731.45
25 3965.0 212.84
24 1488.0 380.99
23 9732.0 22.1
22 8351.0 668.01
21 5064.0 473.72
20 4740.0 613.07
18 6814.0 528.89
17 5451.0 127.34
16 6292.0 839.91
15 4059.0 212.08
14 1243.0 34.97
13 6278.0 855.63
12 8298.0 704.9
11 2647.0 478.75
10 1630.0 42.79
9 8544.0 786.64
8 8695.0 687.75
7 6108.0 609.69
6 8259.0 357.25
5 9341.0 833.11
4 7079.0 274.55
3 7641.0 948.01
2 4641.0 149.73
1 7361.0 762.2
60 3104.0 176.96
59 1651.0 379.77
58 3553.0 354.87
57 4878.0 804.45
56 387.0 5.78
55 8679.0 704.98
54 8224.0 583.19
53 2378.0 761.72
52 2354.0 455.71
51 7253.0 900.96
50 5310.0 304.0
49 1820.0 532.9
48 8704.0 559.45
47 7034.0 626.59
46 2786.0 739.22
45 8538.0 464.02
44 3385.0 149.37
43 4704.0 203.4
42 483.0 279.72
41 790.0 713.96
40 5447.0 159.96
39 6319.0 84.5
38 2425.0 8.49
37 4358.0 3.73
36 1023.0 939.87
35 4129.0 571.71
34 7253.0 905.9
33 4578.0 741.25
32 6229.0 600.99
31 8359.0 913.14
30 2708.0 75.48
29 2187.0 714.91
28 8392.0 172.67
27 2155.0 731.15
26 7405.0 273.17
25 9583.0 902.97
24 7326.0 223.4
23 2030.0 579.26
22 738.0 714.63
21 5988.0 492.86
19 4682.0 7.24
18 5639.0 221.56
17 5566.0 966.67
16 5441.0 437.17
15 5256.0 74.47
14 1903.0 499.98
13 4719.0 747.88
12 8012.0 206.24
11 5336.0 633.01
10 6025.0 475.29
9 1442.0 661.42
8 3892.0 142.54
7 4952.0 458.05
6 7265.0 829.23
5 3597.0 479.35
4 5825.0 891.5
3 2139.0 412.09
2 1261.0 68.36
1 6327.0 711.29
60 3327.0 946.6
59 8201.0 118.22
58 9471.0 498.9
57 1718.0 7.18
56 347.0 442.48
55 1626.0 829.19
54 4092.0 435.08
53 7576.0 483.69
52 330.0 744.89
51 3452.0 735.58
50 7257.0 364.51
49 5852.0 68.06
48 4748.0 950.09
47 5109.0 174.75
46 7285.0 488.91
45 5757.0 257.5
44 5635.0 566.84
43 8055.0 385.86
42 125.0 140.31
41 1618.0 494.68
40 4589.0 75.24
39 6890.0 153.32
38 5655.0 967.09
37 1545.0 905.16
36 6979.0 992.24
35 9673.0 914.02
34 3029.0 331.43
33 7706.0 161.87
32 653.0 216.49
31 350.0 160.26
30 3687.0 968.28
29 3076.0 541.93
28 1551.0 234.59
27 5822.0 177.78
26 2114.0 809.55
25 8294.0 27.68
24 5918.0 992.89
23 9068.0 203.33
22 1504.0 121.02
20 7039.0 445.34
19 2088.0 853.03
18 2929.0 67.18
17 4815.0 254.68
16 549.0 332.57
15 4037.0 550.81
14 6563.0 754.71
13 5297.0 557.75
12 3993.0 937.87
11 9988.0 750.81
10 8387.0 514.29
9 56.0 673.23
8 5257.0 776.48
7 5889.0 499.75
6 8021.0 569.74
5 5000.0 858.46
4 9916.0 730.12
3 811.0 123.81
2 3193.0 331.02
1 9911.0 972.8
60 3120.0 175.22
59 6269.0 503.82
58 173.0 112.27
57 7974.0 187.75
56 7822.0 674.11
55 992.0 402.53
54 2756.0 344.2
53 223.0 792.95
52 8561.0 578.18
51 1387.0 879.23
50 519.0 765.59
49 8210.0 497.34
48 5968.0 402.07
47 6747.0 421.01
46 3390.0 439.0
45 5277.0 177.75
44 2341.0 832.78
43 1793.0 664.68
42 4903.0 518.11
41 7003.0 971.03
40 3042.0 149.94
39 1844.0 976.23
38 3822.0 190.02
37 7053.0 686.7
36 7210.0 690.23
35 7069.0 223.13
34 5497.0 919.39
33 7329.0 380.5
32 5406.0 651.19
31 8133.0 772.82
30 1238.0 239.81
29 3671.0 256.82
28 6889.0 419.04
27 2089.0 902.38
26 6443.0 705.97
25 591.0 306.51
24 4414.0 484.38
23 8351.0 880.73
21 6776.0 545.8
20 6910.0 463.89
19 8978.0 970.91
18 9780.0 399.41
17 4087.0 812.9
16 9753.0 740.51
15 2648.0 125.55
14 4577.0 803.27
13 8580.0 783.46
12 6553.0 315.51
11 1223.0 392.64
10 3916.0 930.75
9 3820.0 330.68
8 4201.0 422.75
7 1513.0 80.6
6 454.0 194.11
5 6720.0 97.97
4 2796.0 398.52
3 9522.0 134.68
2 1268.0 574.64
1 2471.0 798.35
60 1919.0 956.84
59 8693.0 22.92
58 8855.0 750.12
57 9677.0 240.47
56 4838.0 859.66
55 243.0 685.43
54 2572.0 610.69
53 1812.0 511.98
52 6513.0 27.12
51 7863.0 165.33
50 9290.0 475.95
49 6622.0 67.27
48 9802.0 231.04
47 3171.0 843.99
46 3444.0 14.72
45 1928.0 607.33
44 2379.0 101.7
43 1859.0 218.73
42 720.0 477.76
41 7148.0 761.28
40 1589.0 27.18
39 2507.0 652.55
38 3313.0 844.59
37 5919.0 98.96
36 631.0 970.39
35 6479.0 776.27
34 8038.0 676.75
33 3770.0 17.81
32 8783.0 178.58
31 6162.0 107.8
30 8839.0 831.55
29 1041.0 248.11
28 3162.0 756.53
27 1298.0 614.0
26 7371.0 401.14
25 8143.0 839.26
24 3207.0 470.74
22 6556.0 2.54
21 2879.0 299.79
20 8797.0 492.88
19 9588.0 151.19
18 5838.0 957.46
17 9411.0 120.12
16 8699.0 576.65
15 1850.0 53.76
14 1392.0 909.43
13 3992.0 295.05
12 9864.0 468.88
11 4252.0 268.13
10 6674.0 390.99
9 3445.0 746.22
8 7492.0 867.81
7 7314.0 241.92
6 1534.0 398.84
5 7568.0 254.27
4 1712.0 260.48
3 3899.0 125.49
2 6217.0 340.92
1 7227.0 478.14
60 1092.0 954.82
59 843.0 496.76
58 5710.0 95.39
57 8243.0 509.77
56 8014.0 257.94
55 1960.0 814.23
54 3974.0 875.12
53 9288.0 388.61
52 1717.0 133.99
51 1914.0 123.69
50 6433.0 832.8
49 9813.0 687.57
48 6124.0 965.19
47 5433.0 801.14
46 5159.0 337.14
45 1951.0 886.24
44 592.0 317.51
43 3230.0 705.3
42 3076.0 801.12
41 7951.0 434.78
40 9340.0 645.65
39 6625.0 569.17
38 3208.0 938.7
37 2893.0 754.52
36 3511.0 136.96
35 5707.0 801.82
34 2441.0 762.99
33 432.0 831.3
32 6933.0 421.06
31 3518.0 709.35
30 2795.0 358.02
29 8937.0 641.62
28 1831.0 653.2
27 5438.0 826.55
26 8180.0 555.65
25 2258.0 110.78
23 5771.0 930.91
22 4244.0 997.16
21 222.0 303.28
20 2168.0 11.37
19 9185.0 346.33
18 5216.0 532.87
17 5897.0 757.39
16 5185.0 22.13
15 6207.0 456.23
14 9730.0 774.54
13 8465.0 991.02
12 4136.0 850.37
11 2136.0 120.04
10 1.0 604.61
9 2910.0 217.18
8 3381.0 390.79
7 517.0 984.26
6 618.0 443.76
5 2306.0 247.12
4 4957.0 346.72
3 6922.0 77.44
2 2479.0 702.7
1 6516.0 825.01
60 4835.0 40.17
59 1716.0 522.58
58 8794.0 404.9
57 3511.0 573.56
56 6557.0 22.86
55 6417.0 691.87
54 1342.0 127.41
53 9829.0 366.34
52 2385.0 15.13
51 3759.0 361.08
50 647.0 841.41
49 9954.0 172.5
48 5877.0 224.28
47 5796.0 46.61
46 7133.0 951.61
45 1211.0 508.59
44 969.0 8.99
43 1399.0 698.76
42 3802.0 456.9
41 7943.0 828.42
40 1045.0 479.77
39 996.0 551.4
38 9630.0 18.83
37 3459.0 249.63
36 7432.0 910.51
35 5967.0 160.4
34 5158.0 279.75
33 1742.0 2.31
32 9590.0 482.83
31 4547.0 911.61
30 2681.0 52.26
29 1758.0 693.62
28 5069.0 648.64
27 6597.0 609.1
26 7442.0 754.04
24 3120.0 110.95
23 6517.0 767.41
22 4315.0 137.88
21 9446.0 187.94
20 7857.0 888.59
19 2629.0 630.2
18 8078.0 51.12
17 2828.0 421.83
16 9697.0 339.24
15 3274.0 811.93
14 8523.0 126.64
13 4569.0 651.69
12 1081.0 12.35
11 331.0 548.57
10 6288.0 948.06
9 1244.0 940.73
8 7432.0 410.38
7 3207.0 730.59
6 9292.0 928.87
5 5627.0 221.38
4 1631.0 281.12
3 7769.0 954.09
2 3894.0 900.13
1 6317.0 322.24
60 1103.0 696.54
59 2993.0 597.39
58 5082.0 592.94
57 2232.0 915.68
56 2802.0 559.51
55 7940.0 976.69
54 473.0 402.6
53 512.0 510.62
52 1175.0 854.11
51 2640.0 432.59
50 7018.0 438.3
49 5597.0 735.65
48 1945.0 928.61
47 3835.0 64.78
46 6589.0 603.53
45 5165.0 973.89
44 8119.0 660.06
43 5868.0 47.5
42 8001.0 927.01
41 2455.0 694.94
40 9313.0 729.44
39 9171.0 959.04
38 3433.0 24.08
37 972.0 730.91
36 6007.0 185.5
35 1544.0 523.93
34 1871.0 970.67
33 5700.0 739.62
32 2579.0 979.61
31 4216.0 38.17
30 1341.0 30.93
29 1205.0 179.05
28 1231.0 231.38
27 961.0 243.52
25 4173.0 178.18
24 5101.0 834.8
23 7357.0 583.64
22 3832.0 774.65
21 5682.0 713.18
20 7155.0 694.67
19 7715.0 292.72
18 5948.0 349.49
17 7458.0 650.12
16 2286.0 818.5
15 1844.0 256.58
14 9257.0 671.05
13 2925.0 41.38
12 8672.0 656.48
11 1061.0 800.67
10 5744.0 9.85
9 487.0 950.95
8 8792.0 488.7
7 2452.0 115.46
6 2046.0 608.77
5 6167.0 208.55
4 7830.0 999.05
3 4225.0 927.37
2 284.0 794.22
1 2728.0 696.57
60 7254.0 21.52
59 3664.0 256.63
58 3409.0 90.66
57 1316.0 202.74
56 4429.0 80.96
55 7778.0 159.09
54 9384.0 998.98
53 6440.0 902.83
52 9858.0 674.42
51 1628.0 190.32
50 1756.0 725.81
49 3220.0 864.15
48 8855.0 712.35
47 9370.0 834.53
46 543.0 968.08
45 8767.0 523.92
44 1843.0 91.02
43 2356.0 256.24
42 132.0 317.89
41 7637.0 143.07
40 6897.0 919.4
39 2011.0 196.27
38 3687.0 536.05
37 8577.0 458.63
36 2342.0 162.02
35 1272.0 720.64
34 824.0 93.8
33 6991.0 288.94
32 1631.0 40.15
31 2262.0 235.43
30 6876.0 647.07
29 8224.0 734.7
28 1467.0 149.2
26 9566.0 130.55
25 3236.0 778.56
24 2205.0 918.78
23 6866.0 262.96
22 5181.0 263.35
21 304.0 937.81
20 1953.0 1.26
19 7758.0 388.35
18 2005.0 291.42
17 5544.0 161.98
16 8966.0 388.57
15 5332.0 623.64
14 4667.0 599.23
13 10000.0 828.68
12 8344.0 755.17
11 4821.0 153.9
10 3514.0 439.62
9 3769.0 12.04
8 7102.0 100.77
7 3830.0 915.87
6 6997.0 202.63
5 2249.0 564.94
4 4365.0 796.53
3 1940.0 850.11
2 4265.0 754.9
1 7665.0 205.26
60 9422.0 13.47
59 1508.0 372.35
58 5108.0 573.88
57 9109.0 764.63
56 3259.0 548.85
55 3945.0 829.2
54 4672.0 123.76
53 8175.0 215.8
52 1854.0 895.54
51 8352.0 86.49
50 2133.0 293.57
49 4142.0 825.01
48 4664.0 538.42
47 248.0 107.78
46 5819.0 790.23
45 9961.0 797.45
44 6912.0 694.92
43 646.0 922.53
42 7523.0 331.38
41 7197.0 323.15
40 1417.0 854.43
39 3028.0 569.04
38 5662.0 103.37
37 880.0 586.8
36 2638.0 68.39
35 7698.0 444.93
34 4732.0 920.4
33 6240.0 808.04
32 6553.0 384.35
31 4205.0 672.37
30 8661.0 249.73
29 7732.0 956.91
27 5107.0 141.35
26 5977.0 958.76
25 5039.0 182.89
24 1919.0 653.23
23 7543.0 391.88
22 7379.0 524.09
21 6417.0 516.91
20 205.0 37.66
19 4187.0 202.56
18 2808.0 637.51
17 1172.0 979.01
16 848.0 216.2
15 9258.0 547.74
14 4603.0 839.09
13 7417.0 325.46
12 7170.0 216.35
11 2576.0 298.96
10 3709.0 636.27
9 7559.0 599.89
8 3594.0 254.91
7 5972.0 174.32
6 4947.0 687.44
5 6531.0 650.32
4 5848.0 19.23
3 1919.0 364.52
2 9475.0 26.42
1 2378.0 797.76
60 5642.0 601.98
59 2647.0 101.05
58 1759.0 667.71
57 3629.0 70.75
56 612.0 504.63
55 9316.0 56.43
54 7398.0 667.26
53 6701.0 775.75
52 7439.0 222.61
51 1680.0 43.3
50 6343.0 303.13
49 8163.0 135.67
48 6418.0 797.89
47 5803.0 831.31
46 1005.0 990.16
45 444.0 584.1
44 5385.0 687.7
43 3720.0 379.24
42 5170.0 112.25
41 5837.0 638.23
40 6596.0 173.36
39 9605.0 952.64
38 3666.0 199.35
37 3062.0 268.03
36 5351.0 7.21
35 9023.0 884.58
34 472.0 870.5
33 9037.0 360.89
32 2758.0 912.64
31 4903.0 200.66
30 5032.0 746.82
28 9356.0 338.45
27 9802.0 864.65
26 4337.0 533.54
25 8986.0 937.12
24 6447.0 582.7
23 33.0 85.38
22 5134.0 826.07
21 683.0 734.7
20 7609.0 550.77
19 6471.0 896.99
18 7931.0 348.98
17 3544.0 852.69
16 7711.0 349.07
15 312.0 178.79
14 8662.0 567.75
13 7966.0 304.63
12 2226.0 107.97
11 2825.0 445.92
10 5765.0 498.74
9 116.0 462.13
8 1611.0 251.84
7 9353.0 362.8
6 7116.0 485.28
5 7442.0 212.3
4 669.0 681.24
3 2441.0 909.67
2 1312.0 347.73
1 3593.0 224.76
60 6192.0 470.17
59 613.0 311.53
58 1562.0 691.14
57 1967.0 884.25
56 9972.0 144.58
55 2595.0 501.9
54 7198.0 393.29
53 6825.0 568.86
52 1369.0 432.08
51 2207.0 365.91
50 1336.0 667.47
49 3537.0 363.69
48 9535.0 105.78
47 2137.0 859.57
46 4292.0 782.78
45 5868.0 221.05
44 6459.0 570.32
43 2024.0 105.41
42 2668.0 27.75
41 2277.0 291.4
40 8037.0 289.69
39 3149.0 158.8
38 5962.0 991.47
37 9725.0 375.3
36 1.0 964.12
35 706.0 919.11
34 21.0 2.12
33 8134.0 361.91
32 6995.0 407.74
31 4808.0 247.53
29 9840.0 156.98
28 14.0 598.54
27 9065.0 812.25
26 3967.0 361.91
25 4531.0 993.44
24 4950.0 235.52
23 5694.0 286.87
22 5023.0 362.72
21 5744.0 721.03
20 4202.0 761.0
19 8295.0 566.3
18 7893.0 180.76
17 2658.0 456.64
16 520.0 815.96
15 5651.0 886.78
14 3848.0 217.44
13 6008.0 250.22
12 16.0 50.8
11 2082.0 815.08
10 7445.0 579.01
9 5610.0 280.8
8 965.0 872.45
7 5132.0 5.63
6 2007.0 357.49
5 477.0 887.9
4 3898.0 351.08
3 1365.0 137.59
2 922.0 479.6
1 4866.0 778.9
60 1872.0 897.17
59 5776.0 763.96
58 2962.0 262.41
57 5500.0 161.5
56 3672.0 114.03
55 5279.0 347.6
54 6110.0 571.55
53 8666.0 738.49
52 6278.0 631.81
51 1439.0 823.19
50 1363.0 975.32
49 8546.0 777.73
48 9165.0 995.93
47 8724.0 153.46
46 9301.0 108.58
45 5831.0 359.06
44 3275.0 618.31
43 168.0 827.37
42 3676.0 682.57
41 9019.0 773.11
40 9503.0 391.15
39 9073.0 204.55
38 8601.0 701.87
37 9536.0 377.33
36 8630.0 383.51
35 5209.0 792.62
34 1465.0 418.51
33 3587.0 319.64
32 3519.0 643.32
30 483.0 860.41
29 9011.0 624.12
28 5056.0 113.4
27 3086.0 16.99
26 6612.0 208.3
25 4090.0 64.77
24 1391.0 104.37
23 2118.0 234.26
22 4156.0 340.9
21 2101.0 49.49
20 6769.0 425.65
19 7803.0 158.23
18 1601.0 821.23
17 4145.0 977.26
16 717.0 773.5
15 1403.0 771.52
14 8143.0 172.55
13 2517.0 705.11
12 4098.0 536.52
11 7641.0 420.03
10 4427.0 393.33
9 4156.0 523.5
8 5627.0 376.23
7 6502.0 317.8
6 4361.0 338.09
5 1250.0 587.73
4 3858.0 562.01
3 6011.0 364.48
2 711.0 149.03
1 9093.0 46.03
60 8664.0 344.94
59 1503.0 869.55
58 2704.0 421.7
57 4458.0 179.82
56 9329.0 745.39
55 4963.0 658.49
54 4518.0 817.33
53 2767.0 283.73
52 3647.0 832.84
51 5275.0 952.36
50 9812.0 291.45
49 661.0 159.55
48 2041.0 946.54
47 2322.0 573.11
46 1947.0 283.52
45 1017.0 608.23
44 8121.0 217.57
43 2398.0 294.38
42 3325.0 371.05
41 7302.0 720.3
40 8582.0 191.35
39 293.0 819.82
38 7844.0 678.65
37 4851.0 651.89
36 7636.0 935.33
35 260.0 452.09
34 5485.0 224.42
33 7714.0 814.81
31 5854.0 152.93
30 9918.0 248.57
29 24.0 912.57
28 3931.0 114.35
27 6644.0 175.11
26 6737.0 173.77
25 9544.0 73.79
24 1838.0 381.48
23 2410.0 555.76
22 292.0 563.65
21 7570.0 218.39
20 505.0 543.25
19 1200.0 426.93
18 7615.0 877.67
17 5297.0 330.44
16 2700.0 216.92
15 3092.0 384.87
14 7216.0 121.4
13 5757.0 439.69
12 225.0 72.97
11 5759.0 808.89
10 919.0 937.29
9 5146.0 240.97
8 8782.0 397.7
7 4076.0 870.92
6 8612.0 47.46
5 4842.0 782.45
4 6591.0 317.09
3 8284.0 787.44
2 2531.0 457.59
1 9047.0 447.23
60 6833.0 814.0
59 4848.0 165.71
58 684.0 553.22
57 1673.0 590.02
56 2329.0 14.76
55 389.0 967.34
54 6070.0 103.29
53 8927.0 792.88
52 1281.0 288.78
51 1320.0 40.05
50 9685.0 739.7
49 1074.0 234.65
48 1423.0 560.45
47 7300.0 227.28
46 4529.0 741.24
45 3823.0 135.58
44 6108.0 937.59
43 1511.0 143.09
42 6149.0 183.42
41 317.0 495.17
40 20.0 24.42
39 5438.0 46.97
38 2845.0 560.61
37 1723.0 112.07
36 351.0 436.71
35 9187.0 460.45
34 9366.0 822.28
32 1715.0 148.62
31 9538.0 472.2
30 1181.0 506.54
29 9999.0 474.24
28 5380.0 219.74
27 1988.0 774.83
26 4735.0 288.96
25 4823.0 509.97
24 824.0 465.13
23 887.0 661.77
22 1160.0 69.17
21 2754.0 28.11
20 6337.0 761.37
19 9919.0 392.47
18 3918.0 177.02
17 4700.0 361.24
16 6874.0 960.95
15 1629.0 268.14
14 3140.0 80.47
13 7478.0 288.15
12 3766.0 857.05
11 9079.0 347.44
10 9925.0 842.44
9 8421.0 815.58
8 6353.0 928.01
7 4798.0 430.64
6 4446.0 181.65
5 9141.0 622.36
4 5387.0 362.44
3 9880.0 764.51
2 7832.0 885.77
1 5163.0 590.44
60 4858.0 514.83
59 5187.0 656.87
58 8613.0 403.57
57 943.0 581.8
56 8660.0 213.94
55 6421.0 35.96
54 8904.0 779.76
53 197.0 261.74
52 8279.0 372.27
51 6106.0 560.76
50 9019.0 884.65
49 1991.0 15.82
48 2813.0 519.7
47 9472.0 993.55
46 2577.0 200.66
45 6913.0 557.48
44 8618.0 435.35
43 80.0 597.52
42 914.0 123.57
41 2257.0 106.79
40 6530.0 738.17
39 2192.0 918.04
38 2488.0 553.7
37 2306.0 873.87
36 9074.0 569.56
35 1414.0 735.17
33 6115.0 472.52
32 5571.0 976.36
31 4928.0 110.89
30 4884.0 904.81
29 250.0 211.95
28 3805.0 465.97
27 1108.0 48.06
26 7805.0 739.68
25 6851.0 653.11
24 3606.0 832.71
23 5937.0 851.03
22 6321.0 380.5
21 3743.0 614.43
20 1096.0 321.81
19 4250.0 687.92
18 3327.0 131.74
17 989.0 585.01
16 9447.0 602.73
15 3796.0 340.42
14 6881.0 997.39
13 9897.0 792.76
12 7939.0 688.5
11 1142.0 232.63
10 331.0 989.19
9 4651.0 461.85
8 8785.0 191.98
7 5342.0 265.34
6 5238.0 857.88
5 5936.0 741.3
4 8160.0 209.11
3 2336.0 879.99
2 3496.0 475.34
1 9867.0 821.11
60 6699.0 483.58
59 4256.0 748.97
58 9789.0 984.51
57 5149.0 327.96
56 2315.0 442.87
55 4752.0 968.74
54 6031.0 937.33
53 4329.0 544.47
52 5662.0 188.55
51 4227.0 981.09
50 7579.0 607.4
49 6326.0 669.34
48 4615.0 55.73
47 4308.0 535.69
46 1023.0 11.57
45 4216.0 873.22
44 2344.0 352.79
43 4209.0 115.79
42 2712.0 167.86
41 6896.0 413.63
40 6902.0 211.67
39 9755.0 236.58
38 5536.0 687.69
37 1664.0 531.58
36 55.0 17.76
34 4928.0 263.45
33 8165.0 915.26
32 3344.0 205.46
31 2696.0 419.27
30 1984.0 951.46
29 584.0 751.59
28 9392.0 898.97
27 375.0 804.48
26 2330.0 736.54
25 9066.0 245.57
24 2969.0 801.22
23 3898.0 466.76
22 5108.0 521.03
21 3545.0 732.88
20 176.0 775.01
19 6336.0 759.81
18 7803.0 941.02
17 1329.0 807.6
16 9118.0 170.44
15 6024.0 810.71
14 1658.0 218.98
13 5548.0 637.56
12 3319.0 953.22
11 6982.0 98.38
10 4873.0 359.11
9 501.0 282.61
8 1131.0 628.09
7 6056.0 235.94
6 7532.0 31.55
5 4966.0 632.4
4 6862.0 362.94
3 2195.0 527.1
2 8090.0 986.72
1 2662.0 164.61
60 5590.0 114.05
59 9239.0 922.69
58 1749.0 92.86
57 9006.0 393.41
56 4091.0 741.87
55 7002.0 441.07
54 4879.0 649.4
53 1996.0 847.86
52 6023.0 664.85
51 8350.0 973.08
50 5940.0 738.76
49 1542.0 905.67
48 4441.0 445.93
47 7783.0 747.91
46 1098.0 353.94
45 6569.0 657.22
44 282.0 596.82
43 7648.0 938.92
42 4879.0 561.35
41 7310.0 274.31
40 1455.0 784.64
39 1948.0 701.91
38 7823.0 141.49
37 1970.0 941.86
35 7541.0 41.68
34 5292.0 82.0
33 9492.0 641.18
32 4803.0 38.06
31 5780.0 27.14
30 4173.0 383.29
29 1545.0 596.5
28 7661.0 210.64
27 1858.0 370.28
26 6337.0 274.19
25 4005.0 791.81
24 3842.0 192.36
23 7979.0 497.18
22 5121.0 647.11
21 6223.0 955.2
20 5382.0 472.16
19 4304.0 225.15
18 9544.0 803.53
17 4383.0 83.07
16 8154.0 372.87
15 3352.0 764.92
14 1764.0 376.8
13 1071.0 833.24
12 6539.0 92.22
11 7480.0 95.36
10 8958.0 371.96
9 2025.0 312.64
8 3827.0 198.5
7 7034.0 458.04
6 8229.0 546.16
5 4417.0 635.45
4 94.0 193.82
3 6961.0 233.96
2 6517.0 776.5
1 9478.0 215.42
60 6963.0 790.21
59 6333.0 148.86
58 4168.0 212.21
57 5678.0 68.86
56 6079.0 716.27
55 467.0 907.9
54 1533.0 332.37
53 3697.0 331.12
52 6457.0 194.46
51 3338.0 362.87
50 3147.0 978.44
49 8208.0 414.02
48 3617.0 922.01
47 2408.0 670.79
46 9772.0 65.91
45 587.0 274.18
44 111.0 507.12
43 4070.0 138.98
42 7186.0 943.73
41 1583.0 793.36
40 5935.0 830.13
39 5326.0 661.14
38 4863.0 271.32
36 5356.0 989.48
35 2605.0 271.33
34 4348.0 226.82
33 3822.0 509.21
32 9721.0 528.07
31 3043.0 338.03
30 1054.0 432.53
29 9393.0 617.59
28 7776.0 591.17
27 8472.0 939.76
26 4856.0 784.5
25 9805.0 282.12
24 8667.0 626.67
23 9810.0 889.7
22 9757.0 12.34
21 3466.0 242.53
20 6404.0 654.52
19 7986.0 951.14
18 7771.0 605.48
17 9939.0 667.08
16 4819.0 561.21
15 5441.0 712.07
14 1981.0 706.78
13 2464.0 512.68
12 2592.0 620.09
11 8950.0 606.76
10 6886.0 391.74
9 8316.0 276.43
8 1218.0 256.23
7 9383.0 847.36
6 2321.0 450.45
5 7720.0 377.96
4 5210.0 652.65
3 6963.0 83.71
2 6796.0 50.66
1 5008.0 44.64
60 4957.0 773.03
59 4075.0 407.4
58 5520.0 858.77
57 6730.0 809.7
56 4392.0 288.88
55 4528.0 109.25
54 57.0 790.05
53 4287.0 821.19
52 7534.0 441.95
51 74.0 856.91
50 3022.0 394.86
49 4975.0 557.07
48 2902.0 936.65
47 5539.0 531.55
46 269.0 764.12
45 5920.0 730.33
44 9651.0 506.93
43 3349.0 416.23
42 7296.0 949.7
41 6459.0 681.8
40 8315.0 440.36
39 2458.0 457.57
37 5489.0 264.18
36 3035.0 892.7
35 8699.0 961.19
34 4708.0 117.37
33 2729.0 281.91
32 8318.0 872.29
31 121.0 269.46
30 4253.0 322.01
29 2916.0 52.0
28 6623.0 271.38
27 2908.0 209.67
26 311.0 600.2
25 3804.0 175.43
24 9188.0 297.65
23 9616.0 494.78
22 9465.0 429.79
21 5161.0 311.26
20 279.0 244.66
19 2468.0 945.86
18 8420.0 42.46
17 3500.0 238.69
16 7032.0 349.0
15 2879.0 218.96
14 6745.0 529.13
13 3344.0 950.85
12 9871.0 112.23
11 3459.0 768.9
10 4818.0 809.38
9 8396.0 167.17
8 1434.0 683.57
7 4135.0 903.07
6 4307.0 298.98
5 4428.0 818.89
4 2207.0 833.36
3 6696.0 15.11
2 2502.0 785.58
1 2771.0 291.63
60 7555.0 440.83
59 3627.0 107.97
58 4948.0 697.51
57 9298.0 404.06
56 1988.0 956.17
55 894.0 615.41
54 5494.0 623.58
53 2311.0 327.77
52 3466.0 583.96
51 9955.0 302.15
50 8494.0 474.06
49 7579.0 634.63
48 9097.0 824.12
47 935.0 946.7
46 8704.0 989.2
45 145.0 71.45
44 1102.0 166.14
43 8664.0 321.65
42 3340.0 284.39
41 8636.0 918.27
40 2950.0 203.1
38 387.0 110.09
37 413.0 388.65
36 9384.0 164.81
35 8258.0 907.87
34 8108.0 647.83
33 2884.0 51.33
32 1374.0 227.7
31 2247.0 923.64
30 9160.0 938.1
29 918.0 997.67
28 9086.0 720.76
27 4787.0 769.63
26 7850.0 855.42
25 8291.0 640.53
24 7472.0 171.89
23 8638.0 975.31
22 6302.0 993.45
21 6965.0 78.2
20 3300.0 83.14
19 417.0 852.66
18 7684.0 13.46
17 8017.0 292.08
16 1685.0 430.13
15 4394.0 487.94
14 3235.0 417.69
13 694.0 811.38
12 6424.0 575.49
11 2151.0 857.82
10 9472.0 61.57
9 1812.0 742.12
8 7086.0 676.21
7 7831.0 917.44
6 9874.0 906.33
5 4678.0 33.22
4 707.0 896.31
3 565.0 683.49
2 4713.0 778.89
1 5298.0 133.77
60 5091.0 775.09
59 7079.0 744.76
58 9451.0 902.24
57 804.0 743.56
56 4944.0 312.34
55 7790.0 657.99
54 9369.0 327.8
53 4340.0 395.9
52 170.0 194.78
51 5118.0 49.28
50 5048.0 272.39
49 4615.0 611.35
48 7901.0 161.47
47 8586.0 37.35
46 7847.0 106.75
45 6996.0 819.79
44 7210.0 271.75
43 5529.0 962.24
42 4431.0 837.86
41 6806.0 392.68
39 5395.0 833.02
38 5394.0 156.2
37 7825.0 190.99
36 303.0 663.82
35 5065.0 124.31
34 2896.0 719.8
33 2314.0 574.43
32 3660.0 158.83
31 2563.0 431.84
30 324.0 761.31
29 4454.0 68.23
28 596.0 32.35
27 6653.0 282.28
26 4132.0 862.48
25 1328.0 656.35
24 7939.0 188.21
23 4728.0 490.68
22 4888.0 750.43
21 8077.0 697.64
20 3758.0 768.45
19 941.0 189.0
18 5853.0 843.93
17 3013.0 958.89
16 2101.0 209.39
15 3256.0 655.24
14 3209.0 359.59
13 8763.0 726.93
12 3770.0 115.84
11 178.0 232.99
10 9533.0 687.95
9 9342.0 944.56
8 3910.0 896.58
7 6815.0 797.01
6 8506.0 223.51
5 4460.0 712.6
4 7238.0 513.18
3 2271.0 999.39
2 6004.0 744.72
1 9410.0 792.81
60 5679.0 276.06
59 2462.0 785.18
58 8113.0 102.07
57 1769.0 742.5
56 2205.0 61.14
55 6921.0 991.36
54 976.0 171.72
53 7624.0 277.53
52 3671.0 725.95
51 4542.0 1.42
50 1973.0 672.24
49 6110.0 97.68
48 3891.0 850.51
47 9551.0 333.5
46 960.0 798.38
45 1741.0 77.64
44 3722.0 712.84
43 3672.0 788.16
42 791.0 567.09
40 3732.0 286.71
39 5554.0 283.23
38 4629.0 130.2
37 9156.0 49.19
36 3022.0 965.0
35 6194.0 550.72
34 2087.0 134.24
33 1399.0 294.52
32 3627.0 427.0
31 2405.0 833.74
30 6125.0 884.81
29 4469.0 960.12
28 4737.0 592.63
27 436.0 82.3
26 2660.0 349.15
25 7855.0 611.18
24 5161.0 203.45
23 8708.0 259.43
22 6869.0 983.78
21 7362.0 385.59
20 7689.0 378.1
19 435.0 963.4
18 8016.0 712.79
17 5520.0 38.52
16 3728.0 266.31
15 9727.0 785.18
14 8705.0 172.43
13 1455.0 130.34
12 4492.0 613.44
11 7855.0 719.59
10 1271.0 451.44
9 3691.0 375.59
8 6288.0 845.56
7 5275.0 980.41
6 3117.0 127.22
5 2054.0 793.89
4 507.0 667.67
3 6999.0 184.43
2 7559.0 906.06
1 7616.0 555.04
60 1430.0 123.81
59 4853.0 519.81
58 2571.0 655.84
57 7441.0 33.57
56 6269.0 665.3
55 3535.0 582.54
54 67.0 884.12
53 8678.0 347.38
52 8583.0 129.09
51 9612.0 319.33
50 8479.0 474.48
49 3535.0 620.52
48 9758.0 906.89
47 6307.0 501.97
46 9138.0 10.58
45 530.0 689.66
44 4465.0 166.91
43 2648.0 464.9
41 4020.0 262.84
40 1100.0 619.15
39 3741.0 607.87
38 9648.0 618.48
37 374.0 448.19
36 3328.0 647.17
35 264.0 426.67
34 3172.0 2.84
33 1091.0 353.12
32 6474.0 516.13
31 1158.0 71.25
30 4040.0 443.1
29 9485.0 166.53
28 96.0 643.61
27 2278.0 175.58
26 4071.0 340.22
25 7802.0 684.24
24 8091.0 820.36
23 398.0 200.32
22 8495.0 569.32
21 3279.0 821.74
20 7628.0 552.33
19 8243.0 126.16
18 6908.0 399.41
17 5066.0 756.69
16 8068.0 795.75
15 3184.0 413.23
14 1478.0 620.85
13 6619.0 301.28
12 5859.0 529.0
11 7300.0 163.77
10 8572.0 723.32
9 6279.0 988.52
8 9087.0 49.76
7 1437.0 740.96
6 9976.0 88.85
5 3726.0 909.55
4 4572.0 778.94
3 7626.0 679.93
2 9514.0 741.24
1 8279.0 899.29
60 1135.0 626.14
59 8446.0 265.21
58 4256.0 961.7
57 7414.0 930.89
56 2715.0 727.38
55 7363.0 111.51
54 5872.0 758.17
53 5244.0 260.45
52 8133.0 241.36
51 4109.0 887.69
50 7316.0 124.47
49 7752.0 824.41
48 7189.0 192.8
47 5718.0 373.55
46 9680.0 685.27
45 2956.0 705.66
44 4918.0 116.36
42 4581.0 863.29
41 2684.0 811.28
40 9249.0 206.79
39 1522.0 861.49
38 9086.0 753.15
37 5108.0 216.36
36 9882.0 878.2
35 1816.0 252.44
34 3685.0 934.68
33 1969.0 231.68
32 3461.0 623.44
31 5147.0 748.04
30 4697.0 123.89
29 5046.0 921.22
28 6232.0 176.62
27 8829.0 926.72
26 1420.0 503.34
25 3511.0 451.92
24 5780.0 67.53
23 7902.0 533.54
22 8006.0 463.66
21 4407.0 389.61
20 1846.0 832.61
19 5120.0 128.06
18 5510.0 223.55
17 7297.0 282.94
16 6590.0 745.31
15 3493.0 569.13
14 9420.0 924.42
13 5851.0 98.56
12 4837.0 83.6
11 8778.0 738.59
10 71.0 337.01
9 4058.0 738.17
8 8593.0 854.6
7 2515.0 347.38
6 4681.0 663.49
5 9649.0 349.97
4 4465.0 517.48
3 5540.0 498.21
2 4394.0 821.4
1 159.0 323.85
60 994.0 222.64
59 4269.0 315.75
58 4285.0 232.31
57 6094.0 302.29
56 4003.0 859.31
55 501.0 972.1
54 3335.0 999.62
53 4823.0 80.85
52 4048.0 753.01
51 1251.0 147.27
50 4822.0 4.91
49 191.0 555.35
48 6616.0 35.46
47 2492.0 415.14
46 2877.0 169.52
45 6846.0 214.54
43 7536.0 578.13
42 5126.0 356.43
41 2473.0 711.8
40 9241.0 701.11
39 9880.0 939.0
38 5705.0 367.26
37 586.0 119.82
36 4449.0 509.32
35 9940.0 544.67
34 8752.0 576.45
33 1584.0 826.04
32 1354.0 939.64
31 4128.0 908.66
30 3798.0 660.42
29 6878.0 208.24
28 6114.0 665.27
27 7146.0 207.96
26 5928.0 900.49
25 2434.0 386.11
24 1002.0 495.49
23 414.0 68.07
22 4499.0 740.98
21 9331.0 498.67
20 8385.0 855.65
19 9983.0 784.36
18 5870.0 890.37
17 2171.0 267.0
16 5222.0 862.77
15 9855.0 897.13
14 6610.0 680.76
13 4942.0 444.2
12 816.0 144.47
11 3435.0 358.45
10 504.0 565.49
9 4449.0 439.84
8 4289.0 288.11
7 49.0 290.61
6 6908.0 987.22
5 704.0 649.77
4 2860.0 911.51
3 3297.0 512.8
2 6890.0 269.29
1 8683.0 112.54
60 6088.0 106.02
59 3107.0 705.74
58 2156.0 787.41
57 1430.0 884.72
56 7955.0 457.84
55 8153.0 505.98
54 8857.0 725.17
53 5920.0 931.94
52 597.0 364.91
51 1938.0 454.91
50 6362.0 634.59
49 3805.0 948.26
48 815.0 21.34
47 5690.0 682.64
46 4761.0 372.74
44 8903.0 25.73
43 9031.0 175.39
42 8994.0 949.02
41 8703.0 667.37
40 6665.0 782.24
39 2741.0 557.59
38 9638.0 93.5
37 685.0 265.33
36 6596.0 278.1
35 1377.0 305.27
34 1984.0 223.18
33 5494.0 558.89
32 3464.0 222.12
31 2810.0 505.89
30 9862.0 323.07
29 4197.0 85.02
28 4935.0 92.66
27 631.0 593.3
26 6805.0 238.43
25 244.0 758.56
24 6904.0 549.09
23 6827.0 322.65
22 235.0 958.85
21 5671.0 731.72
20 3684.0 534.92
19 2117.0 352.4
18 8987.0 103.46
17 3853.0 350.13
16 6069.0 38.43
15 419.0 497.24
14 1704.0 20.08
13 9249.0 564.21
12 1009.0 585.72
11 3622.0 376.82
10 6414.0 571.08
9 7484.0 317.67
8 4987.0 737.72
7 2754.0 514.5
6 5416.0 22.07
5 5264.0 495.1
4 6957.0 898.51
3 1431.0 591.93
2 9872.0 881.24
1 7363.0 759.68
60 2677.0 908.3
59 758.0 180.32
58 5616.0 260.69
57 8161.0 625.6
56 471.0 74.54
55 7748.0 668.01
54 7816.0 413.7
53 4397.0 654.43
52 1038.0 888.38
51 4168.0 180.1
50 2211.0 163.18
49 7608.0 648.37
48 8860.0 64.12
47 9706.0 979.02
45 4843.0 962.19
44 4121.0 719.17
43 8728.0 184.85
42 3715.0 383.95
41 4824.0 649.6
40 251.0 740.62
39 5800.0 960.84
38 6408.0 168.16
37 1101.0 399.01
36 1673.0 829.41
35 1921.0 373.19
34 4954.0 100.9
33 5949.0 397.05
32 9086.0 237.05
31 8263.0 734.15
30 2410.0 294.55
29 8038.0 822.91
28 7677.0 180.74
27 6401.0 952.37
26 8233.0 471.17
25 7039.0 781.22
24 4334.0 269.91
23 6515.0 186.23
22 8718.0 154.04
21 9878.0 847.27
20 7868.0 239.92
19 1090.0 455.3
18 2600.0 722.42
17 2644.0 291.44
16 218.0 454.05
15 7853.0 744.33
14 1655.0 113.64
13 2564.0 995.88
12 8417.0 853.34
11 807.0 692.52
10 1371.0 111.08
9 1311.0 394.14
8 4508.0 556.29
7 2790.0 567.2
6 1593.0 56.81
5 5178.0 884.7
4 6812.0 105.69
3 4854.0 609.03
2 8513.0 866.83
1 9995.0 542.16
60 7335.0 925.07
59 4549.0 11.07
58 4119.0 497.14
57 9108.0 650.73
56 5544.0 532.71
55 9541.0 180.99
54 7797.0 603.51
53 9562.0 58.39
52 5098.0 552.66
51 7622.0 237.5
50 9159.0 582.43
49 6402.0 972.14
48 5790.0 170.82
46 2316.0 388.33
45 4745.0 241.06
44 8663.0 449.53
43 1110.0 841.63
42 5274.0 369.29
41 742.0 946.64
40 2588.0 238.53
39 6199.0 440.37
38 4969.0 353.39
37 3837.0 215.74
36 2485.0 206.76
35 3411.0 382.52
34 5195.0 451.56
33 6900.0 910.98
32 5227.0 786.2
31 9360.0 617.55
30 6913.0 693.93
29 9590.0 826.72
28 7726.0 912.88
27 5702.0 960.56
26 5514.0 816.39
25 889.0 593.55
24 3229.0 793.94
23 2735.0 679.21
22 4588.0 608.83
21 1112.0 704.85
20 8153.0 366.84
19 969.0 653.77
18 1.0 858.49
17 8566.0 15.24
16 3774.0 930.92
15 1015.0 157.54
14 3612.0 134.76
13 6208.0 617.7
12 8280.0 231.14
11 7764.0 755.15
10 8247.0 266.39
9 6654.0 321.9
8 7408.0 643.52
7 5069.0 627.29
6 8214.0 500.16
5 8416.0 377.46
4 575.0 372.07
3 8133.0 197.41
2 5375.0 126.05
1 2332.0 179.21
60 4653.0 263.23
59 3267.0 174.27
58 3059.0 137.54
57 9009.0 888.41
56 2091.0 923.31
55 8250.0 681.16
54 5974.0 792.62
53 7494.0 45.54
52 6844.0 133.8
51 5501.0 578.29
50 6213.0 962.37
49 7917.0 956.73
47 1462.0 748.76
46 5545.0 149.02
45 133.0 931.56
44 7021.0 45.04
43 1382.0 815.46
42 338.0 361.45
41 2605.0 487.32
40 1324.0 915.07
39 8041.0 102.38
38 7491.0 291.57
37 192.0 866.07
36 5276.0 993.12
35 6803.0 18.73
34 1077.0 226.19
33 3059.0 811.99
32 5154.0 619.3
31 1096.0 739.85
30 2698.0 63.52
29 6850.0 889.66
28 3068.0 861.63
27 9333.0 891.0
26 7548.0 208.43
25 9311.0 693.5
24 9840.0 57.32
23 228.0 852.95
22 1877.0 835.29
21 4445.0 88.14
20 8979.0 86.43
19 3871.0 223.46
18 919.0 339.01
17 8934.0 53.25
16 9697.0 935.27
15 4376.0 123.6
14 9639.0 951.74
13 242.0 788.4
12 8133.0 672.39
11 4933.0 364.24
10 6559.0 907.07
9 5813.0 944.84
8 3002.0 733.2
7 4165.0 845.98
6 411.0 86.18
5 4239.0 374.42
4 5424.0 584.38
3 7390.0 856.27
2 1035.0 397.56
1 3511.0 38.48
60 8643.0 451.94
59 8148.0 870.47
58 9785.0 404.12
57 9204.0 489.72
56 5693.0 401.88
55 2343.0 455.96
54 7888.0 896.42
53 8713.0 912.76
52 2771.0 819.15
51 8202.0 857.32
50 1408.0 175.73
48 6482.0 611.66
47 9784.0 171.84
46 5628.0 971.4
45 3271.0 361.43
44 4215.0 182.06
43 4504.0 553.07
42 649.0 99.99
41 1945.0 172.94
40 1203.0 804.96
39 9789.0 617.96
38 3873.0 443.79
37 4187.0 467.33
36 5279.0 525.36
35 3108.0 805.45
34 5669.0 63.03
33 8982.0 905.68
32 1833.0 681.57
31 5158.0 69.47
30 217.0 164.57
29 1087.0 199.72
28 9619.0 800.51
27 3597.0 649.9
26 1278.0 79.77
25 5897.0 855.29
24 70.0 820.2
23 2284.0 658.68
22 3572.0 82.88
21 5450.0 180.33
20 4129.0 175.32
19 8993.0 409.03
18 6791.0 711.27
17 9642.0 831.43
16 7933.0 951.63
15 2826.0 353.56
14 239.0 226.64
13 6108.0 573.41
12 8398.0 767.31
11 6428.0 144.13
10 5265.0 891.38
9 9821.0 965.28
8 1101.0 346.05
7 4365.0 257.06
6 1101.0 85.57
5 7136.0 322.37
4 8562.0 929.03
3 1354.0 497.95
2 5768.0 199.95
1 5912.0 168.76
60 6669.0 484.06
59 4119.0 669.45
58 633.0 671.69
57 6298.0 256.29
56 5260.0 845.74
55 7801.0 881.74
54 5659.0 715.55
53 8307.0 777.94
52 6299.0 874.73
51 9107.0 640.73
49 1299.0 845.37
48 6649.0 577.91
47 795.0 279.72
46 6353.0 23.79
45 2414.0 414.57
44 6132.0 171.77
43 8726.0 982.63
42 5416.0 971.43
41 9880.0 168.96
40 7504.0 679.31
39 2080.0 833.69
38 4423.0 262.17
37 9405.0 983.96
36 6518.0 737.04
35 3897.0 243.85
34 1137.0 941.11
33 6306.0 46.17
32 5015.0 401.29
31 1335.0 907.47
30 4796.0 621.17
29 605.0 136.6
28 1548.0 114.08
27 5401.0 927.78
26 5724.0 404.21
25 5765.0 388.99
24 5271.0 806.08
23 2213.0 704.91
22 4232.0 803.9
21 1485.0 291.08
20 5545.0 673.43
19 8171.0 407.98
18 7453.0 340.74
17 2841.0 438.57
16 4533.0 872.03
15 8824.0 639.58
14 8862.0 594.92
13 5685.0 816.02
12 6421.0 614.79
11 3524.0 480.52
10 9031.0 843.91
9 9215.0 995.74
8 9725.0 737.61
7 7662.0 47.22
6 5188.0 44.63
5 8719.0 908.88
4 3776.0 920.2
3 3108.0 833.72
2 4401.0 140.92
1 4121.0 874.6
60 7882.0 614.15
59 1344.0 892.32
58 7136.0 251.01
57 483.0 281.01
56 4320.0 367.31
55 9498.0 67.89
54 6266.0 281.46
53 5096.0 378.4
52 3583.0 965.94
50 4189.0 402.28
49 2085.0 837.39
48 2956.0 360.39
47 1445.0 703.37
46 2244.0 681.04
45 9434.0 801.16
44 3250.0 790.52
43 7063.0 83.18
42 4494.0 602.99
41 5750.0 496.62
40 75.0 865.78
39 1722.0 392.99
38 9279.0 494.85
37 5440.0 96.57
36 1434.0 222.61
35 4743.0 999.33
34 8502.0 742.78
33 6005.0 963.95
32 5025.0 578.91
31 6371.0 662.51
30 6874.0 548.51
29 5238.0 620.34
28 3669.0 200.99
27 9654.0 327.0
26 6076.0 554.63
25 2726.0 424.42
24 6274.0 740.32
23 618.0 866.44
22 8451.0 631.04
21 5255.0 385.47
20 3510.0 585.59
19 8175.0 594.09
18 9820.0 491.68
17 7189.0 339.42
16 2443.0 400.65
15 6705.0 61.13
14 9133.0 788.4
13 3740.0 706.73
12 8158.0 986.42
11 2816.0 790.01
10 2776.0 961.42
9 9678.0 885.0
8 2385.0 882.65
7 4413.0 507.03
6 5615.0 732.52
5 8366.0 437.24
4 5762.0 292.13
3 5181.0 729.08
2 8693.0 114.33
1 2694.0 316.9
60 3417.0 840.6
59 3891.0 824.58
58 9929.0 775.1
57 1635.0 507.33
56 8036.0 634.55
55 4564.0 288.14
54 2115.0 919.76
53 4522.0 854.23
51 5016.0 506.36
50 323.0 434.3
49 8548.0 37.62
48 9852.0 130.61
47 8694.0 274.6
46 4995.0 479.94
45 4337.0 936.6
44 5155.0 70.2
43 8218.0 710.88
42 4562.0 737.66
41 1700.0 317.05
40 6084.0 326.71
39 6646.0 394.49
38 3183.0 131.67
37 8966.0 448.01
36 9126.0 540.46
35 6433.0 116.21
34 69.0 470.7
33 6288.0 101.99
32 3534.0 956.34
31 7053.0 124.33
30 2771.0 569.7
29 3745.0 943.65
28 5939.0 780.68
27 7200.0 278.83
26 7702.0 802.17
25 2568.0 281.49
24 2852.0 168.95
23 2885.0 78.03
22 9241.0 18.24
21 5878.0 241.96
20 9720.0 408.88
19 4586.0 270.63
18 7828.0 322.24
17 4865.0 542.12
16 2139.0 882.08
15 7579.0 946.8
14 1726.0 844.88
13 3763.0 213.39
12 1937.0 117.91
11 6262.0 987.61
10 3915.0 10.33
9 2788.0 904.69
8 8335.0 241.62
7 2971.0 759.81
6 5170.0 389.51
5 3891.0 435.58
4 6794.0 42.39
3 2589.0 905.44
2 8008.0 691.4
1 5374.0 398.29
60 3393.0 958.04
59 5129.0 598.7
58 3637.0 866.5
57 2837.0 168.4
56 4358.0 244.24
55 8134.0 868.66
54 2085.0 990.13
52 8468.0 751.22
51 9487.0 911.53
50 4958.0 815.53
49 7881.0 260.34
48 2369.0 171.36
47 4140.0 660.22
46 7443.0 775.68
45 6111.0 991.4
44 4254.0 442.63
43 8429.0 507.25
42 186.0 820.12
41 14.0 495.7
40 2806.0 970.24
39 7725.0 474.88
38 9834.0 806.34
37 5305.0 343.21
36 7074.0 759.93
35 698.0 254.02
34 2248.0 785.43
33 9272.0 743.64
32 3269.0 296.24
31 8703.0 78.36
30 5675.0 789.88
29 6530.0 398.84
28 5796.0 816.13
27 1610.0 133.71
26 3833.0 865.2
25 8105.0 141.08
24 4436.0 803.04
23 3847.0 783.75
22 8202.0 141.27
21 9090.0 360.79
20 1409.0 928.06
19 5928.0 806.38
18 869.0 87.03
17 8585.0 744.26
16 4071.0 544.07
15 8534.0 295.72
14 8145.0 967.9
13 5832.0 655.54
12 9307.0 230.07
11 1576.0 439.39
10 2431.0 742.92
9 5905.0 642.45
8 1295.0 23.77
7 3386.0 426.83
6 7372.0 225.63
5 6057.0 877.64
4 356.0 584.46
3 3931.0 853.29
2 7418.0 164.55
1 2873.0 379.29
60 2680.0 471.89
59 1107.0 248.21
58 836.0 805.21
57 3850.0 370.31
56 5352.0 607.46
55 8374.0 224.07
53 4383.0 58.85
52 6842.0 700.41
51 3234.0 451.38
50 2678.0 942.41
49 6837.0 500.16
48 90.0 260.78
47 1361.0 461.3
46 9261.0 778.39
45 8670.0 598.65
44 7908.0 378.13
43 4013.0 169.05
42 8471.0 883.17
41 3446.0 8.95
40 1868.0 422.45
39 5557.0 238.71
38 941.0 650.97
37 2259.0 288.96
36 636.0 346.42
35 4656.0 858.6
34 8537.0 471.81
33 299.0 325.31
32 6130.0 411.2
31 2612.0 323.66
30 7179.0 387.51
29 1153.0 266.46
28 536.0 480.73
27 6607.0 72.31
26 1233.0 996.99
25 2747.0 29.88
24 1442.0 119.04
23 7407.0 621.89
22 9750.0 372.15
21 5080.0 796.81
20 8016.0 670.13
19 6676.0 503.89
18 9268.0 323.74
17 205.0 680.69
16 3432.0 164.2
15 2340.0 469.95
14 5831.0 458.37
13 1109.0 283.79
12 3785.0 944.68
11 2520.0 903.8
10 7284.0 723.86
9 8347.0 625.06
8 3392.0 936.05
7 557.0 997.73
6 228.0 495.25
5 5396.0 57.82
4 9734.0 135.59
3 4759.0 154.53
2 8861.0 510.11
1 1538.0 871.06
60 8119.0 490.13
59 2395.0 730.6
58 9010.0 729.35
57 8999.0 184.05
56 5578.0 5.62
54 2474.0 163.26
53 4085.0 274.01
52 3404.0 311.92
51 9247.0 883.01
50 5037.0 5.92
49 7452.0 10.22
48 3701.0 792.46
47 7989.0 893.8
46 1190.0 786.56
45 7987.0 706.81
44 8551.0 780.5
43 4418.0 839.38
42 1047.0 510.33
41 4648.0 153.34
40 9278.0 903.8
39 3141.0 70.74
38 8682.0 109.5
37 9135.0 785.49
36 3800.0 702.68
35 6160.0 543.32
34 6424.0 974.98
33 6847.0 223.75
32 9948.0 203.33
31 244.0 738.12
30 7846.0 994.5
29 5994.0 928.43
28 7714.0 641.26
27 727.0 647.55
26 1649.0 835.31
25 447.0 202.5
24 8725.0 979.72
23 5336.0 701.71
22 7360.0 675.77
21 4633.0 357.16
20 4011.0 155.37
19 7391.0 933.35
18 7814.0 12.28
17 9596.0 676.07
16 6885.0 929.97
15 2613.0 523.63
14 4718.0 476.13
13 6852.0 544.12
12 2278.0 223.41
11 8547.0 531.21
10 2013.0 295.94
9 7305.0 81.68
8 4403.0 89.0
7 4853.0 459.83
6 6710.0 528.84
5 4017.0 309.05
4 3514.0 555.07
3 2793.0 606.46
2 4634.0 52.4
1 8025.0 208.0
60 2188.0 86.83
59 7402.0 276.25
58 4317.0 11.63
57 8314.0 756.38
55 8882.0 807.06
54 7965.0 952.73
53 6403.0 743.75
52 5713.0 659.73
51 4780.0 944.55
50 16.0 309.7
49 7786.0 133.26
48 1855.0 686.95
47 1507.0 910.42
46 8279.0 676.67
45 523.0 970.48
44 20.0 828.12
43 7396.0 812.43
42 82.0 142.88
41 9630.0 678.2
40 4323.0 86.94
39 5558.0 482.01
38 4736.0 307.28
37 2217.0 466.68
36 8441.0 492.51
35 9723.0 479.7
34 39.0 606.24
33 6008.0 157.6
32 8706.0 581.78
31 9589.0 114.94
30 3991.0 607.23
29 2141.0 540.16
28 4342.0 211.19
27 1913.0 782.63
26 3457.0 391.48
25 5788.0 48.36
24 7562.0 247.98
23 2822.0 618.76
22 8291.0 42.23
21 6933.0 127.56
20 6024.0 912.8
19 6255.0 118.41
18 2866.0 597.34
17 9979.0 6.17
16 7782.0 105.88
15 2996.0 140.61
14 3324.0 393.6
13 8719.0 768.81
12 9859.0 441.33
11 6085.0 537.92
10 226.0 624.61
9 3496.0 847.17
8 4329.0 113.62
7 1145.0 439.34
6 663.0 569.59
5 831.0 457.46
4 6077.0 376.16
3 3698.0 12.2
2 7135.0 229.67
1 5345.0 79.43
60 6822.0 691.34
59 8679.0 70.81
58 5882.0 302.29
56 8108.0 915.55
55 7506.0 522.99
54 4563.0 948.21
53 500.0 222.23
52 9191.0 802.85
51 5294.0 85.0
50 2885.0 724.21
49 7718.0 347.22
48 6649.0 218.85
47 2629.0 549.15
46 9582.0 14.2
45 861.0 641.22
44 5570.0 328.17
43 9595.0 540.0
42 6575.0 830.29
41 6467.0 756.5
40 727.0 74.11
39 3990.0 812.36
38 3451.0 887.6
37 2264.0 905.44
36 2521.0 532.88
35 1517.0 682.95
34 2358.0 150.04
33 8070.0 614.34
32 8237.0 461.61
31 9333.0 719.41
30 1553.0 724.07
29 5792.0 277.98
28 2968.0 716.23
27 4965.0 947.09
26 8419.0 162.08
25 5353.0 197.71
24 8688.0 396.16
23 9349.0 67.41
22 124.0 101.45
21 6928.0 172.66
20 7552.0 172.07
19 8961.0 57.45
18 2959.0 731.29
17 5877.0 993.12
16 217.0 12.71
15 9919.0 73.85
14 5130.0 716.19
13 9746.0 901.79
12 4585.0 827.15
11 3737.0 645.68
10 1880.0 439.38
9 6642.0 458.96
8 3824.0 789.98
7 8647.0 86.47
6 9212.0 90.08
5 4724.0 164.13
4 5529.0 774.77
3 6718.0 858.89
2 6677.0 82.36
1 9554.0 489.48
60 1798.0 1.13
59 4475.0 536.03
57 3372.0 692.73
56 1183.0 388.94
55 2838.0 775.83
54 9856.0 535.39
53 2266.0 620.4
52 5729.0 33.55
51 1276.0 774.66
50 8095.0 278.28
49 9827.0 706.64
48 6146.0 333.7
47 7693.0 457.96
46 1770.0 534.55
45 4066.0 988.02
44 8221.0 189.27
43 6867.0 117.47
42 6396.0 919.92
41 9043.0 175.72
40 6260.0 374.55
39 1332.0 876.26
38 200.0 800.47
37 1833.0 282.91
36 2361.0 197.58
35 4311.0 97.68
34 2487.0 640.2
33 2992.0 614.35
32 389.0 620.1
31 9623.0 439.8
30 1184.0 441.57
29 9681.0 777.18
28 3017.0 76.98
27 4978.0 393.53
26 1301.0 569.33
25 9197.0 305.56
24 3282.0 929.3
23 5871.0 930.59
22 6054.0 697.59
21 2508.0 387.64
20 9787.0 745.74
19 3284.0 264.36
18 9100.0 67.87
17 4083.0 317.38
16 538.0 358.83
15 4287.0 797.25
14 8282.0 390.69
13 4754.0 145.58
12 2791.0 183.91
11 2619.0 442.22
10 7797.0 198.75
9 8692.0 306.28
8 4295.0 384.02
7 3674.0 336.26
6 3802.0 868.62
5 1050.0 500.53
4 3570.0 905.87
3 5140.0 749.17
2 1996.0 591.44
1 5546.0 327.15
60 5695.0 777.78
58 5856.0 700.51
57 5809.0 990.57
56 9293.0 799.84
55 1634.0 144.39
54 1664.0 623.19
53 3037.0 569.85
52 874.0 555.68
51 2725.0 254.67
50 8082.0 330.87
49 9123.0 711.53
48 7198.0 422.09
47 934.0 884.51
46 1217.0 173.74
45 775.0 830.4
44 3612.0 821.3
43 4136.0 896.72
42 5987.0 624.31
41 8484.0 441.05
40 385.0 395.62
39 996.0 142.8
38 3130.0 179.75
37 1836.0 870.0
36 7662.0 293.48
35 9910.0 411.49
34 4494.0 604.5
33 1603.0 131.99
32 7075.0 11.11
31 7297.0 899.33
30 8340.0 396.43
29 8140.0 977.84
28 6155.0 790.69
27 3823.0 525.19
26 2626.0 25.99
25 776.0 374.02
24 6032.0 346.52
23 3457.0 962.53
22 5472.0 32.55
21 7435.0 596.42
20 7299.0 763.34
19 4515.0 147.45
18 8918.0 167.91
17 5455.0 744.2
16 1636.0 205.33
15 4639.0 432.65
14 48.0 434.34
13 9922.0 106.91
12 7400.0 862.43
11 2029.0 559.07
10 6664.0 933.65
9 9180.0 701.42
8 6702.0 634.74
7 1623.0 132.44
6 1674.0 45.33
5 8021.0 660.62
4 9743.0 541.76
3 7208.0 325.31
2 8659.0 634.19
1 6249.0 608.24
59 6934.0 232.02
58 9937.0 66.68
57 1948.0 185.98
56 7654.0 682.19
55 7462.0 454.39
54 1821.0 660.46
53 1874.0 530.28
52 6502.0 651.71
51 7598.0 562.41
50 5427.0 552.07
49 6970.0 268.05
48 7728.0 73.69
47 4257.0 505.27
46 5395.0 566.89
45 7745.0 754.92
44 7976.0 964.48
43 364.0 860.99
42 420.0 239.86
41 103.0 165.94
40 4306.0 527.7
39 5753.0 328.68
38 7826.0 595.35
37 7803.0 572.43
36 8141.0 61.74
35 8171.0 64.91
34 5950.0 608.26
33 8129.0 702.68
32 9587.0 838.72
31 4561.0 369.13
30 2768.0 594.17
29 9040.0 945.93
28 2508.0 798.27
27 6288.0 773.81
26 2846.0 713.76
25 8520.0 308.29
24 8058.0 998.17
23 66.0 360.49
22 291.0 330.59
21 2888.0 128.94
20 8789.0 585.64
19 2589.0 243.23
18 7525.0 532.05
17 5747.0 666.08
16 116.0 735.85
15 1819.0 547.53
14 4546.0 968.85
13 6988.0 662.74
12 3040.0 995.59
11 710.0 777.02
10 3512.0 220.03
9 9518.0 674.91
8 6981.0 858.15
7 578.0 651.82
6 6912.0 395.76
5 6689.0 815.1
4 2516.0 485.21
3 4607.0 403.09
2 5440.0 422.17
1 1598.0 62.72
48
30
1 48 7.19 0.0 21.72
10 10 7.31 86.79 150.54 18 9.01 90.32 151.8 21 7.79 67.38 123.28 22 7.12 59.18 98.67 23 2.31 85.24 125.22 25 4.87 103.63 142.38 29 1.18 105.38 167.37 36 8.9 15.06 72.3 43 5.62 121.47 158.58 52 8.06 86.42 130.25
9 3 7.51 98.5 133.38 11 6.36 117.74 178.14 15 1.68 97.96 156.8 16 9.88 92.02 153.99 26 8.51 97.74 163.35 39 5.52 143.85 200.79 41 5.71 214.13 261.05 49 3.36 118.13 173.5 55 2.92 102.84 168.36
2 2 1.47 123.99 190.29 42 7.83 164.57 230.92
9 1 4.95 197.98 259.86 5 2.11 182.81 225.32 8 6.71 200.95 259.35 13 5.71 241.78 285.86 17 6.3 144.64 192.37 31 4.05 241.58 279.63 32 8.58 188.56 250.33 51 2.05 216.68 280.59 59 6.92 208.68 256.99
1 30 6.28 264.88 328.48
