900 3480 0 1 12
2
3
3
3
3
3
3
3
3
3
3
3
3
3
3
3
3
3
3
3
3
3
3
3
3
3
3
3
3
2
3
4
4
4
4
4
4
4
4
4
4
4
4
4
4
4
4
4
4
4
4
4
4
4
4
4
4
4
4
3
3
4
4
4
4
4
4
4
4
4
4
4
4
4
4
4
4
4
4
4
4
4
4
4
4
4
4
4
4
3
3
4
4
4
4
4
4
4
4
4
4
4
4
4
4
4
4
4
4
4
4
4
4
4
4
4
4
4
4
3
3
4
4
4
4
4
4
4
4
4
4
4
4
4
4
4
4
4
4
4
4
4
4
4
4
4
4
4
4
3
3
4
4
4
4
4
4
4
4
4
4
4
4
4
4
4
4
4
4
4
4
4
4
4
4
4
4
4
4
3
3
4
4
4
4
4
4
4
4
4
4
4
4
4
4
4
4
4
4
4
4
4
4
4
4
4
4
4
4
3
3
4
4
4
4
4
4
4
4
4
4
4
4
4
4
4
4
4
4
4
4
4
4
4
4
4
4
4
4
3
3
4
4
4
4
4
4
4
4
4
4
4
4
4
4
4
4
4
4
4
4
4
4
4
4
4
4
4
4
3
3
4
4
4
4
4
4
4
4
4
4
4
4
4
4
4
4
4
4
4
4
4
4
4
4
4
4
4
4
3
3
4
4
4
4
4
4
4
4
4
4
4
4
4
4
4
4
4
4
4
4
4
4
4
4
4
4
4
4
3
3
4
4
4
4
4
4
4
4
4
4
4
4
4
4
4
4
4
4
4
4
4
4
4
4
4
4
4
4
3
3
4
4
4
4
4
4
4
4
4
4
4
4
4
4
4
4
4
4
4
4
4
4
4
4
4
4
4
4
3
3
4
4
4
4
4
4
4
4
4
4
4
4
4
4
4
4
4
4
4
4
4
4
4
4
4
4
4
4
3
3
4
4
4
4
4
4
4
4
4
4
4
4
4
4
4
4
4
4
4
4
4
4
4
4
4
4
4
4
3
3
4
4
4
4
4
4
4
4
4
4
4
4
4
4
4
4
4
4
4
4
4
4
4
4
4
4
4
4
3
3
4
4
4
4
4
4
4
4
4
4
4
4
4
4
4
4
4
4
4
4
4
4
4
4
4
4
4
4
3
3
4
4
4
4
4
4
4
4
4
4
4
4
4
4
4
4
4
4
4
4
4
4
4
4
4
4
4
4
3
3
4
4
4
4
4
4
4
4
4
4
4
4
4
4
4
4
4
4
4
4
4
4
4
4
4
4
4
4
3
3
4
4
4
4
4
4
4
4
4
4
4
4
4
4
4
4
4
4
4
4
4
4
4
4
4
4
4
4
3
3
4
4
4
4
4
4
4
4
4
4
4
4
4
4
4
4
4
4
4
4
4
4
4
4
4
4
4
4
3
3
4
4
4
4
4
4
4
4
4
4
4
4
4
4
4
4
4
4
4
4
4
4
4
4
4
4
4
4
3
3
4
4
4
4
4
4
4
4
4
4
4
4
4
4
4
4
4
4
4
4
4
4
4
4
4
4
4
4
3
3
4
4
4
4
4
4
4
4
4
4
4
4
4
4
4
4
4
4
4
4
4
4
4
4
4
4
4
4
3
3
4
4
4
4
4
4
4
4
4
4
4
4
4
4
4
4
4
4
4
4
4
4
4
4
4
4
4
4
3
3
4
4
4
4
4
4
4
4
4
4
4
4
4
4
4
4
4
4
4
4
4
4
4
4
4
4
4
4
3
3
4
4
4
4
4
4
4
4
4
4
4
4
4
4
4
4
4
4
4
4
4
4
4
4
4
4
4
4
3
3
4
4
4
4
4
4
4
4
4
4
4
4
4
4
4
4
4
4
4
4
4
4
4
4
4
4
4
4
3
3
4
4
4
4
4
4
4
4
4
4
4
4
4
4
4
4
4
4
4
4
4
4
4
4
4
4
4
4
3
2
3
3
3
3
3
3
3
3
3
3
3
3
3
3
3
3
3
3
3
3
3
3
3
3
3
3
3
3
2
2 6752.0 40.53
31 7229.0 597.9
3 6387.0 542.74
1 603.0 58.1
32 3125.0 631.9
4 6550.0 424.15
2 487.0 842.42
33 6849.0 906.4
5 5479.0 423.73
3 4397.0 655.87
34 4612.0 930.5
6 7872.0 345.04
4 3473.0 255.36
35 5395.0 445.23
7 5887.0 790.4
5 6725.0 695.72
36 7125.0 558.12
8 4514.0 288.14
6 4877.0 146.67
37 6384.0 579.68
9 6707.0 564.99
7 778.0 147.27
38 5611.0 151.02
10 5526.0 20.91
8 5924.0 554.85
39 7422.0 687.64
11 2589.0 388.76
9 6317.0 928.86
40 6759.0 180.61
12 9538.0 190.72
10 6008.0 476.69
41 5429.0 257.83
13 489.0 980.43
11 6977.0 985.49
42 2034.0 160.38
14 5090.0 670.4
12 9573.0 768.0
43 3302.0 838.34
15 6567.0 173.38
13 7879.0 130.9
44 6712.0 317.41
16 9376.0 882.98
14 1551.0 400.4
45 277.0 418.46
17 4949.0 516.42
15 2271.0 495.55
46 5158.0 116.32
18 6153.0 758.12
16 4178.0 144.75
47 5483.0 214.86
19 785.0 196.01
17 478.0 596.32
48 7797.0 843.12
20 6149.0 864.03
18 125.0 529.98
49 8133.0 540.74
21 5034.0 533.53
19 1030.0 116.9
50 242.0 950.32
22 4101.0 797.76
20 1932.0 279.07
51 2054.0 553.55
23 5874.0 302.15
21 5267.0 3.74
52 6518.0 70.79
24 4299.0 199.0
22 5630.0 48.25
53 2838.0 414.12
25 8745.0 892.44
23 9380.0 408.91
54 5191.0 773.26
26 9879.0 693.48
24 9251.0 76.04
55 4577.0 6.63
27 9934.0 275.28
25 1736.0 673.87
56 1874.0 903.5
28 9867.0 331.09
26 8645.0 227.4
57 844.0 803.58
29 9839.0 601.35
27 9694.0 748.27
58 18.0 665.6
30 1662.0 155.37
28 1667.0 605.38
59 8183.0 486.16
29 555.0 49.98
60 4925.0 685.0
32 328.0 712.7
61 7719.0 737.9
1 5183.0 564.7
33 2715.0 335.73
31 3460.0 997.02
62 6336.0 839.92
2 5036.0 851.37
34 1762.0 662.46
32 1212.0 785.64
63 7488.0 805.18
3 6958.0 405.65
35 1811.0 801.6
33 4380.0 626.36
64 5515.0 97.53
4 5576.0 831.4
36 6892.0 570.51
34 8417.0 600.14
65 2172.0 454.23
5 2327.0 741.2
37 9963.0 375.08
35 6021.0 102.53
66 8681.0 590.64
6 4469.0 969.89
38 5872.0 104.0
36 2276.0 276.73
67 2127.0 645.77
7 5624.0 445.15
39 1864.0 575.36
37 5825.0 687.19
68 8191.0 717.76
8 7505.0 960.39
40 8863.0 775.49
38 3811.0 507.34
69 4818.0 952.16
9 9919.0 104.18
41 2160.0 827.3
39 416.0 487.68
70 6599.0 275.32
10 7691.0 624.27
42 451.0 341.89
40 7730.0 786.24
71 8905.0 71.16
11 9360.0 500.36
43 3249.0 57.53
41 1285.0 404.9
72 9974.0 669.01
12 6043.0 596.73
44 8555.0 487.75
42 3015.0 306.76
73 4759.0 687.33
13 8919.0 37.3
45 5189.0 560.91
43 9026.0 860.6
74 4628.0 105.98
14 9906.0 378.98
46 5419.0 420.18
44 7412.0 966.67
75 9300.0 451.19
15 7911.0 394.21
47 8401.0 454.64
45 7191.0 624.21
76 1617.0 830.79
16 6520.0 255.72
48 6943.0 4.75
46 9173.0 453.04
77 5941.0 596.44
17 9517.0 980.23
49 6140.0 126.43
47 8563.0 331.79
78 5950.0 108.12
18 5691.0 491.99
50 40.0 329.65
48 4278.0 185.01
79 3637.0 648.94
19 40.0 331.71
51 5142.0 702.09
49 7516.0 198.9
80 3531.0 983.37
20 2598.0 95.28
52 3053.0 334.59
50 3488.0 949.97
81 3500.0 126.82
21 8986.0 488.7
53 7053.0 751.81
51 7514.0 574.07
82 4605.0 444.82
22 9455.0 10.24
54 6231.0 650.62
52 9291.0 731.66
83 8412.0 992.92
23 3350.0 589.06
55 3915.0 943.2
53 7830.0 542.58
84 9432.0 331.79
24 9287.0 910.99
56 3233.0 280.84
54 7934.0 647.59
85 6970.0 740.43
25 7595.0 181.55
57 3989.0 680.58
55 8291.0 814.0
86 5001.0 148.53
26 7407.0 619.95
58 9660.0 222.7
56 4372.0 78.05
87 2208.0 696.69
27 593.0 686.73
59 3435.0 503.04
57 9441.0 776.26
88 9867.0 552.82
28 800.0 461.85
60 4781.0 822.85
58 2201.0 206.36
89 1865.0 444.57
29 6250.0 575.66
59 471.0 609.22
90 6463.0 454.36
30 4599.0 908.13
62 5754.0 405.28
91 5023.0 738.37
31 4759.0 938.67
63 329.0 269.85
61 3607.0 228.63
92 5577.0 261.0
32 3963.0 842.64
64 8641.0 811.07
62 8500.0 908.54
93 9994.0 955.69
33 1862.0 685.84
65 9797.0 357.16
63 2399.0 665.53
94 4190.0 924.23
34 7192.0 10.53
66 4421.0 35.25
64 6857.0 924.92
95 6615.0 703.76
35 3477.0 596.37
67 4513.0 466.51
65 8709.0 557.41
96 9567.0 897.81
36 9900.0 997.07
68 5094.0 453.59
66 1035.0 782.35
97 6208.0 926.83
37 2568.0 791.42
69 9055.0 918.07
67 2453.0 660.43
98 5773.0 554.25
38 9672.0 143.03
70 4780.0 749.77
68 2726.0 789.6
99 7400.0 476.86
39 1047.0 321.41
71 8209.0 477.47
69 1771.0 282.5
100 2408.0 902.23
40 1025.0 602.06
72 2613.0 340.83
70 6565.0 400.41
101 3413.0 785.3
41 6433.0 912.4
73 1579.0 456.94
71 5373.0 504.24
102 6615.0 867.55
42 6636.0 391.94
74 6096.0 294.55
72 6166.0 203.63
103 7658.0 480.13
43 717.0 469.96
75 9639.0 506.97
73 3264.0 42.79
104 9708.0 996.67
44 1923.0 637.36
76 9731.0 697.27
74 4351.0 602.62
105 8043.0 664.67
45 9734.0 468.1
77 5363.0 318.85
75 4723.0 666.25
106 1197.0 112.92
46 1756.0 826.4
78 2171.0 122.65
76 8348.0 703.94
107 2951.0 591.44
47 4467.0 53.02
79 2854.0 317.08
77 9561.0 123.23
108 7248.0 317.91
48 6828.0 364.21
80 5433.0 297.06
78 7899.0 608.84
109 5576.0 996.03
49 435.0 898.69
81 8997.0 747.93
79 6920.0 449.79
110 309.0 901.95
50 7053.0 513.74
82 7896.0 209.8
80 3427.0 885.65
111 2584.0 850.92
51 9390.0 26.08
83 1016.0 738.24
81 4342.0 500.19
112 9444.0 94.58
52 8327.0 900.85
84 4891.0 844.83
82 7600.0 638.89
113 6298.0 956.45
53 4633.0 244.31
85 8394.0 432.66
83 7912.0 695.62
114 6058.0 673.31
54 7186.0 582.23
86 8084.0 372.59
84 6876.0 290.6
115 9770.0 50.86
55 7894.0 626.67
87 2042.0 572.99
85 6813.0 320.57
116 5778.0 828.26
56 5358.0 768.12
88 5207.0 609.08
86 6699.0 957.5
117 4986.0 979.41
57 7902.0 237.36
89 7827.0 185.31
87 2224.0 818.27
118 4142.0 546.72
58 9036.0 549.35
90 8232.0 680.52
88 7700.0 340.53
119 457.0 744.23
59 7570.0 834.83
89 8798.0 970.05
120 1531.0 494.48
60 4430.0 947.9
92 8284.0 966.7
121 8456.0 985.93
61 1073.0 415.51
93 9201.0 181.96
91 9110.0 715.33
122 797.0 777.56
62 9802.0 448.63
94 4801.0 510.22
92 4737.0 771.42
123 5145.0 501.13
63 7242.0 610.27
95 5175.0 604.01
93 2133.0 771.79
124 8396.0 427.64
64 6684.0 788.06
96 4482.0 489.17
94 6364.0 1.58
125 9804.0 77.73
65 3088.0 652.02
97 2858.0 167.66
95 6605.0 78.72
126 2034.0 388.27
66 3812.0 242.83
98 9230.0 800.88
96 2541.0 74.35
127 34.0 257.97
67 9671.0 259.05
99 1399.0 732.65
97 7307.0 616.19
128 8757.0 495.94
68 8570.0 964.95
100 4753.0 854.28
98 8491.0 613.17
129 8345.0 718.1
69 8863.0 543.63
101 2376.0 402.36
99 4733.0 994.55
130 4571.0 153.81
70 9485.0 510.2
102 6887.0 568.76
100 6053.0 413.39
131 1120.0 835.1
71 7028.0 132.71
103 5148.0 716.93
101 4270.0 885.15
132 6584.0 615.72
72 7869.0 598.76
104 7169.0 494.73
102 487.0 598.95
133 2783.0 281.98
73 7430.0 431.55
105 4353.0 285.02
103 3142.0 825.01
134 1992.0 979.77
74 8327.0 347.5
106 4623.0 42.87
104 1116.0 505.6
135 9259.0 397.61
75 1279.0 681.46
107 5789.0 29.39
105 6370.0 710.84
136 4310.0 845.91
76 9281.0 468.05
108 5389.0 140.47
106 4298.0 371.83
137 989.0 78.01
77 2689.0 466.02
109 3169.0 979.04
107 2373.0 338.11
138 4183.0 220.3
78 7829.0 89.71
110 1630.0 551.75
108 2959.0 420.07
139 9165.0 956.2
79 7887.0 673.41
111 4758.0 145.5
109 3391.0 143.53
140 5802.0 244.16
80 2283.0 423.12
112 8555.0 981.81
110 5120.0 811.87
141 9739.0 125.09
81 4307.0 364.97
113 6661.0 755.84
111 8740.0 7.51
142 6838.0 557.21
82 5379.0 423.65
114 6816.0 447.07
112 4938.0 931.92
143 1037.0 233.31
83 3805.0 992.19
115 6599.0 724.45
113 5179.0 866.06
144 1861.0 629.76
84 8234.0 131.07
116 1593.0 171.08
114 5070.0 26.88
145 6830.0 475.55
85 2162.0 828.39
117 7370.0 425.6
115 6465.0 339.14
146 4677.0 259.01
86 6298.0 670.04
118 6761.0 382.57
116 1634.0 710.51
147 2747.0 681.16
87 9514.0 625.74
119 5882.0 135.1
117 5503.0 137.35
148 813.0 99.71
88 8004.0 533.83
120 1948.0 300.39
118 5967.0 632.98
149 1929.0 238.65
89 2374.0 234.41
119 5342.0 797.75
150 3616.0 793.64
90 6590.0 783.69
122 8422.0 253.63
151 5986.0 664.49
91 5222.0 979.46
123 4265.0 458.3
121 6224.0 142.87
152 4168.0 180.6
92 2842.0 95.67
124 2663.0 190.27
122 5343.0 39.29
153 8297.0 854.01
93 9642.0 582.27
125 6002.0 680.38
123 2356.0 192.65
154 8610.0 821.19
94 1992.0 191.95
126 7690.0 389.27
124 3279.0 739.74
155 1763.0 448.41
95 2413.0 421.96
127 726.0 846.55
125 6663.0 142.55
156 5845.0 195.01
96 171.0 918.21
128 1572.0 410.59
126 8500.0 372.79
157 7833.0 649.78
97 8795.0 398.28
129 6532.0 741.6
127 1785.0 255.23
158 8527.0 394.56
98 4524.0 739.83
130 3838.0 80.33
128 970.0 512.45
159 3102.0 914.28
99 2535.0 829.41
131 6359.0 26.86
129 954.0 399.46
160 6148.0 646.65
100 6980.0 604.81
132 1734.0 820.63
130 3452.0 48.19
161 2720.0 226.99
101 2994.0 453.82
133 4338.0 195.64
131 969.0 783.69
162 5550.0 413.72
102 4353.0 573.99
134 7895.0 893.55
132 8614.0 839.14
163 9696.0 709.06
103 7641.0 789.63
135 9324.0 140.09
133 464.0 298.87
164 3203.0 358.82
104 6512.0 687.92
136 853.0 320.68
134 6500.0 970.22
165 3707.0 325.89
105 6415.0 563.44
137 3833.0 233.83
135 1492.0 470.42
166 1079.0 112.69
106 9814.0 53.91
138 9231.0 221.9
136 5725.0 87.38
167 9336.0 852.88
107 3258.0 644.22
139 9069.0 834.52
137 6935.0 230.35
168 4198.0 248.9
108 3377.0 444.61
140 8749.0 437.95
138 8163.0 317.93
169 1620.0 750.13
109 5034.0 432.63
141 8868.0 790.75
139 6081.0 885.45
170 3692.0 368.38
110 5697.0 838.11
142 8381.0 377.47
140 295.0 91.23
171 3897.0 682.27
111 8027.0 70.13
143 6597.0 276.15
141 187.0 12.73
172 8739.0 730.44
112 1914.0 848.29
144 8300.0 207.51
142 8103.0 92.64
173 6449.0 295.25
113 2543.0 582.99
145 6674.0 830.96
143 4081.0 181.91
174 1504.0 420.16
114 3390.0 578.1
146 1116.0 318.54
144 6361.0 926.56
175 4944.0 428.87
115 9801.0 788.83
147 708.0 148.63
145 8635.0 359.27
176 5557.0 63.64
116 1945.0 29.28
148 9961.0 545.72
146 6772.0 415.88
177 9828.0 947.77
117 9339.0 499.82
149 1326.0 352.08
147 7857.0 860.14
178 3703.0 121.95
118 1578.0 357.98
150 3195.0 122.53
148 2280.0 976.5
179 6787.0 151.84
119 2938.0 794.24
149 7699.0 91.94
180 5696.0 854.16
120 9140.0 182.13
152 5166.0 269.33
181 8660.0 789.29
121 3370.0 650.94
153 965.0 663.05
151 6544.0 267.61
182 3314.0 4.58
122 7317.0 247.59
154 2431.0 480.53
152 394.0 705.5
183 7272.0 118.34
123 8945.0 462.52
155 4848.0 459.93
153 1313.0 93.98
184 351.0 932.71
124 7840.0 286.91
156 4047.0 456.19
154 987.0 787.1
185 8239.0 890.52
125 3508.0 636.51
157 4838.0 516.85
155 2864.0 563.71
186 3599.0 985.91
126 8257.0 199.79
158 6354.0 543.67
156 4527.0 696.0
187 1502.0 698.99
127 1884.0 301.26
159 187.0 800.5
157 6876.0 857.51
188 2767.0 842.94
128 8673.0 547.22
160 3507.0 41.14
158 4570.0 517.07
189 8360.0 788.72
129 5351.0 92.82
161 6391.0 562.77
159 1030.0 695.94
190 3011.0 100.1
130 9270.0 961.06
162 3323.0 638.42
160 2095.0 627.03
191 8182.0 963.35
131 1492.0 857.12
163 7019.0 164.66
161 4888.0 902.09
192 9006.0 548.19
132 8694.0 681.47
164 1636.0 227.84
162 6417.0 943.47
193 8756.0 994.09
133 5987.0 531.25
165 928.0 290.67
163 1366.0 856.19
194 9836.0 581.66
134 6355.0 324.2
166 4175.0 32.99
164 7340.0 466.98
195 9456.0 671.02
135 310.0 522.64
167 6343.0 434.53
165 9082.0 509.72
196 3865.0 662.82
136 7563.0 759.13
168 801.0 382.14
166 9721.0 59.32
197 5207.0 419.64
137 7312.0 429.5
169 180.0 905.04
167 2472.0 229.41
198 5171.0 618.85
138 1831.0 207.68
170 4921.0 814.15
168 8275.0 546.23
199 4804.0 700.74
139 8124.0 915.58
171 9073.0 384.82
169 1804.0 448.36
200 1431.0 851.93
140 5833.0 40.31
172 5575.0 651.2
170 746.0 704.17
201 7545.0 536.28
141 2607.0 604.55
173 2893.0 831.4
171 6565.0 266.67
202 2565.0 764.96
142 9052.0 944.89
174 1518.0 310.04
172 2286.0 490.09
203 9974.0 619.61
143 3650.0 788.39
175 6930.0 925.43
173 4020.0 739.26
204 8721.0 244.86
144 9353.0 502.39
176 1849.0 507.88
174 3724.0 170.32
205 1375.0 413.05
145 4652.0 752.07
177 5025.0 914.8
175 147.0 667.82
206 2162.0 126.64
146 5328.0 982.64
178 6941.0 870.17
176 9692.0 752.32
207 9891.0 724.84
147 2461.0 973.82
179 2992.0 696.36
177 8336.0 984.67
208 6921.0 403.53
148 657.0 785.11
180 4780.0 461.8
178 1286.0 908.51
209 7078.0 550.15
149 4779.0 935.75
179 5758.0 820.84
210 3254.0 734.4
150 8296.0 932.75
182 5756.0 683.93
211 5082.0 105.99
151 9612.0 260.61
183 8614.0 16.94
181 9720.0 977.72
212 9354.0 857.7
152 4369.0 443.6
184 6038.0 405.42
182 765.0 758.24
213 1855.0 356.43
153 8102.0 830.22
185 1347.0 489.76
183 9904.0 770.25
214 2004.0 281.29
154 4195.0 187.74
186 7265.0 710.48
184 2001.0 64.5
215 8025.0 797.77
155 6566.0 750.2
187 3687.0 429.51
185 34.0 587.24
216 7353.0 463.08
156 9160.0 394.35
188 6151.0 30.04
186 929.0 61.02
217 2975.0 597.22
157 2246.0 798.05
189 430.0 857.55
187 122.0 529.38
218 4321.0 554.03
158 6718.0 418.11
190 2848.0 820.43
188 5770.0 979.37
219 425.0 646.19
159 7685.0 291.4
191 5975.0 323.55
189 5374.0 976.53
220 6591.0 319.49
160 533.0 558.25
192 7560.0 737.52
190 8898.0 807.39
221 9478.0 799.56
161 248.0 73.69
193 1613.0 583.6
191 9680.0 161.59
222 7925.0 661.04
162 8601.0 619.71
194 2085.0 259.89
192 757.0 923.09
223 897.0 576.15
163 8132.0 482.54
195 5495.0 193.27
193 8526.0 54.68
224 5770.0 112.19
164 9836.0 943.89
196 3936.0 649.3
194 9790.0 107.56
225 2404.0 396.89
165 4461.0 349.46
197 7939.0 635.54
195 2628.0 529.92
226 9003.0 726.42
166 7147.0 6.59
198 7423.0 452.88
196 5267.0 951.57
227 735.0 477.34
167 9189.0 69.11
199 853.0 587.67
197 4977.0 154.55
228 9084.0 492.08
168 732.0 500.43
200 9690.0 607.48
198 5643.0 490.47
229 6000.0 143.09
169 5873.0 57.59
201 5734.0 793.85
199 8231.0 519.38
230 6792.0 806.83
170 1424.0 2.35
202 1033.0 488.28
200 7698.0 621.15
231 7156.0 993.66
171 812.0 816.74
203 9685.0 932.54
201 5916.0 226.45
232 3706.0 242.43
172 17.0 336.94
204 2706.0 266.02
202 1660.0 291.02
233 1458.0 782.15
173 2623.0 42.42
205 4048.0 118.52
203 3141.0 568.14
234 4095.0 8.1
174 3499.0 754.06
206 7045.0 221.46
204 5032.0 779.76
235 1074.0 840.16
175 1687.0 920.35
207 9806.0 531.55
205 9999.0 780.07
236 805.0 215.18
176 5730.0 69.59
208 8858.0 999.76
206 5268.0 164.25
237 9151.0 53.07
177 7335.0 923.91
209 3517.0 353.5
207 7535.0 949.01
238 310.0 127.87
178 4541.0 438.31
210 2729.0 418.54
208 6151.0 860.85
239 2338.0 423.06
179 8461.0 665.92
209 3648.0 981.05
240 2867.0 384.65
180 2897.0 290.58
212 4785.0 358.31
241 4279.0 774.16
181 1708.0 522.15
213 2330.0 103.41
211 5798.0 431.5
242 4224.0 451.43
182 5727.0 221.97
214 827.0 68.28
212 9224.0 371.48
243 3093.0 928.45
183 8297.0 621.23
215 9075.0 643.11
213 5075.0 972.93
244 1231.0 469.04
184 2548.0 154.79
216 2982.0 320.12
214 146.0 378.11
245 8507.0 483.76
185 1349.0 623.02
217 2336.0 718.96
215 2807.0 735.87
246 893.0 94.78
186 4369.0 600.04
218 4250.0 66.2
216 3065.0 752.73
247 8482.0 188.69
187 1961.0 441.22
219 8705.0 51.23
217 5541.0 93.21
248 1839.0 503.55
188 6818.0 667.86
220 1244.0 322.63
218 5327.0 280.03
249 3966.0 870.47
189 4731.0 558.77
221 9795.0 885.98
219 9960.0 396.14
250 835.0 863.18
190 7369.0 787.75
222 1806.0 395.99
220 1817.0 236.74
251 8664.0 882.85
191 8126.0 342.41
223 710.0 868.25
221 5689.0 429.92
252 7268.0 178.02
192 2675.0 258.04
224 5251.0 171.41
222 7274.0 590.84
253 5527.0 394.42
193 664.0 94.75
225 5961.0 169.99
223 6311.0 460.97
254 9177.0 405.16
194 659.0 505.89
226 4426.0 728.31
224 2782.0 153.27
255 7407.0 528.06
195 5445.0 539.71
227 7374.0 180.21
225 2321.0 590.9
256 5972.0 348.9
196 5062.0 1.65
228 1229.0 586.57
226 8191.0 200.61
257 5768.0 939.07
197 8790.0 377.35
229 6985.0 678.27
227 9074.0 244.06
258 921.0 477.92
198 5410.0 606.73
230 6981.0 739.35
228 5420.0 252.28
259 682.0 451.38
199 7975.0 635.98
231 4104.0 751.74
229 3665.0 78.63
260 3363.0 264.97
200 8586.0 57.62
232 3336.0 327.7
230 1829.0 683.45
261 7591.0 87.3
201 9634.0 482.71
233 8574.0 200.78
231 6450.0 500.76
262 1208.0 680.61
202 8514.0 883.86
234 2102.0 897.39
232 7030.0 972.13
263 9318.0 183.0
203 2500.0 385.79
235 2126.0 610.13
233 5830.0 4.38
264 215.0 212.87
204 1101.0 76.21
236 5070.0 974.84
234 1275.0 230.73
265 4580.0 724.27
205 297.0 514.17
237 6356.0 249.51
235 1225.0 360.41
266 83.0 146.31
206 576.0 38.48
238 8174.0 27.63
236 4418.0 432.79
267 5529.0 629.78
207 3702.0 154.54
239 896.0 525.8
237 6175.0 494.42
268 9431.0 748.6
208 9602.0 846.0
240 925.0 320.43
238 7395.0 765.64
269 3712.0 41.21
209 4085.0 972.24
239 9311.0 993.54
270 1826.0 305.55
210 5439.0 76.35
242 484.0 786.9
271 4282.0 565.91
211 1672.0 783.73
243 7461.0 380.09
241 5512.0 8.96
272 4185.0 826.64
212 3737.0 826.39
244 9410.0 212.06
242 4878.0 186.89
273 6177.0 92.35
213 7310.0 849.92
245 4605.0 197.7
243 5348.0 811.02
274 6515.0 725.02
214 5175.0 902.04
246 3410.0 248.04
244 2432.0 477.81
275 6323.0 313.59
215 9285.0 870.45
247 8018.0 335.66
245 1327.0 477.97
276 5748.0 374.12
216 9878.0 408.1
248 2453.0 167.4
246 5291.0 49.14
277 891.0 153.38
217 2160.0 34.57
249 3637.0 701.71
247 4922.0 315.9
278 9729.0 584.86
218 1672.0 376.52
250 4070.0 340.21
248 8127.0 401.86
279 1983.0 949.58
219 390.0 485.0
251 6099.0 216.4
249 877.0 553.28
280 7828.0 495.33
220 9945.0 494.77
252 1733.0 449.02
250 3948.0 674.89
281 2659.0 457.95
221 9194.0 509.33
253 690.0 642.87
251 3048.0 648.81
282 6120.0 689.73
222 6347.0 272.95
254 6289.0 79.59
252 1213.0 468.72
283 8918.0 984.18
223 7453.0 482.58
255 2560.0 785.31
253 4963.0 746.54
284 7429.0 20.78
224 6910.0 722.99
256 6189.0 445.46
254 1966.0 319.87
285 9365.0 774.98
225 1609.0 75.12
257 8966.0 341.25
255 1395.0 366.73
286 2273.0 840.25
226 4682.0 72.6
258 5660.0 902.17
256 7064.0 453.82
287 1207.0 622.84
227 1232.0 558.91
259 3781.0 152.15
257 1578.0 447.36
288 5165.0 599.8
228 9247.0 56.25
260 5502.0 157.07
258 9556.0 213.05
289 7203.0 773.87
229 4813.0 377.14
261 9482.0 228.84
259 2812.0 789.74
290 3376.0 889.23
230 1071.0 102.91
262 2494.0 829.23
260 4570.0 459.78
291 9630.0 632.77
231 4948.0 906.23
263 8654.0 736.89
261 6807.0 864.5
292 1158.0 657.21
232 299.0 239.26
264 5054.0 938.21
262 8503.0 919.62
293 3042.0 854.68
233 1567.0 771.45
265 452.0 573.71
263 5925.0 704.51
294 7163.0 510.8
234 3506.0 749.24
266 5182.0 783.14
264 5852.0 73.54
295 1619.0 640.4
235 8660.0 855.54
267 770.0 285.56
265 8850.0 972.45
296 4232.0 400.94
236 1394.0 75.12
268 730.0 648.56
266 5430.0 373.46
297 291.0 263.96
237 1259.0 419.5
269 9507.0 359.45
267 2481.0 108.19
298 6582.0 476.95
238 9455.0 219.15
270 7914.0 360.26
268 7808.0 633.34
299 8892.0 440.89
239 648.0 813.62
269 837.0 874.21
300 7192.0 391.78
240 6848.0 643.79
272 5933.0 657.68
301 2718.0 162.42
241 2988.0 398.72
273 2927.0 267.13
271 3280.0 442.28
302 1396.0 183.13
242 3370.0 805.24
274 2461.0 628.09
272 4731.0 958.46
303 7047.0 385.53
243 9943.0 548.76
275 9577.0 673.76
273 5684.0 478.78
304 7968.0 916.45
244 6781.0 570.07
276 5184.0 624.57
274 472.0 517.32
305 1433.0 646.05
245 3503.0 137.34
277 9833.0 962.06
275 8062.0 725.26
306 5293.0 426.76
246 4512.0 728.62
278 8197.0 969.57
276 4064.0 890.24
307 8163.0 722.21
247 2478.0 814.98
279 2099.0 615.69
277 3660.0 6.81
308 828.0 384.89
248 7602.0 979.82
280 1141.0 837.61
278 8234.0 434.12
309 8177.0 868.38
249 9126.0 912.54
281 5144.0 830.51
279 9104.0 620.67
310 9774.0 434.03
250 9018.0 508.39
282 3783.0 856.19
280 1973.0 174.19
311 5620.0 906.59
251 8113.0 493.84
283 6880.0 900.44
281 9702.0 117.08
312 5337.0 925.01
252 1366.0 29.6
284 8620.0 311.17
282 74.0 399.35
313 6636.0 407.12
253 2529.0 354.43
285 3350.0 976.86
283 7416.0 885.1
314 468.0 412.08
254 2366.0 921.95
286 8529.0 730.17
284 3950.0 265.31
315 4653.0 275.87
255 5672.0 544.27
287 5247.0 782.36
285 4787.0 804.71
316 8587.0 203.24
256 1501.0 98.96
288 4680.0 975.38
286 176.0 731.45
317 2625.0 212.84
257 2012.0 380.99
289 9052.0 22.1
287 9092.0 668.01
318 3764.0 473.72
258 7698.0 613.07
290 7353.0 528.89
288 6356.0 127.34
319 8047.0 839.91
259 1794.0 212.08
291 2147.0 34.97
289 2461.0 855.63
320 4937.0 704.9
260 1531.0 478.75
292 2176.0 42.79
290 1455.0 786.64
321 1455.0 687.75
261 6075.0 609.69
293 6254.0 357.25
291 2296.0 833.11
322 536.0 274.55
262 6398.0 948.01
294 7057.0 149.73
292 5142.0 762.2
323 5041.0 176.96
263 9744.0 379.77
295 2227.0 354.87
293 4328.0 804.45
324 9841.0 5.78
264 7137.0 704.98
296 3326.0 583.19
294 9055.0 761.72
325 4595.0 455.71
265 519.0 900.96
297 4373.0 304.0
295 5461.0 532.9
326 9091.0 559.45
266 188.0 626.59
298 7781.0 739.22
296 1245.0 464.02
327 1386.0 149.37
267 1393.0 203.4
299 1104.0 279.72
297 3381.0 713.96
328 9048.0 159.96
268 2669.0 84.5
300 417.0 8.49
298 7287.0 3.73
329 4680.0 939.87
269 7559.0 571.71
299 3489.0 905.9
330 5821.0 741.25
270 6073.0 600.99
302 988.0 913.14
331 2277.0 75.48
271 2094.0 714.91
303 3245.0 172.67
301 7946.0 731.15
332 8253.0 273.17
272 8554.0 902.97
304 6836.0 223.4
302 5675.0 579.26
333 8517.0 714.63
273 910.0 492.86
305 9292.0 7.24
303 6350.0 221.56
334 8182.0 966.67
274 1725.0 437.17
306 2900.0 74.47
304 9258.0 499.98
335 3022.0 747.88
275 9175.0 206.24
307 51.0 633.01
305 6936.0 475.29
336 8558.0 661.42
276 8640.0 142.54
308 6735.0 458.05
306 8223.0 829.23
337 2862.0 479.35
277 4193.0 891.5
309 3387.0 412.09
307 8893.0 68.36
338 8631.0 711.29
278 427.0 946.6
310 5518.0 118.22
308 3367.0 498.9
339 3758.0 7.18
279 6121.0 442.48
311 6024.0 829.19
309 3557.0 435.08
340 4302.0 483.69
280 7701.0 744.89
312 6849.0 735.58
310 267.0 364.51
341 2338.0 68.06
281 6131.0 950.09
313 9365.0 174.75
311 8526.0 488.91
342 5439.0 257.5
282 1351.0 566.84
314 2092.0 385.86
312 4961.0 140.31
343 2964.0 494.68
283 9483.0 75.24
315 3915.0 153.32
313 3928.0 967.09
344 3678.0 905.16
284 6954.0 992.24
316 3415.0 914.02
314 166.0 331.43
345 9968.0 161.87
285 4760.0 216.49
317 5376.0 160.26
315 6051.0 968.28
346 7706.0 541.93
286 2226.0 234.59
318 8897.0 177.78
316 2569.0 809.55
347 796.0 27.68
287 7898.0 992.89
319 5825.0 203.33
317 9042.0 121.02
348 8294.0 445.34
288 8274.0 853.03
320 8253.0 67.18
318 7271.0 254.68
349 5162.0 332.57
289 6850.0 550.81
321 6588.0 754.71
319 9704.0 557.75
350 7502.0 937.87
290 4797.0 750.81
322 8678.0 514.29
320 1459.0 673.23
351 8040.0 776.48
291 5598.0 499.75
323 290.0 569.74
321 7336.0 858.46
352 2990.0 730.12
292 3505.0 123.81
324 104.0 331.02
322 3834.0 972.8
353 4849.0 175.22
293 8729.0 503.82
325 6082.0 112.27
323 9892.0 187.75
354 7603.0 674.11
294 3842.0 402.53
326 1482.0 344.2
324 6750.0 792.95
355 1353.0 578.18
295 8481.0 879.23
327 3362.0 765.59
325 5506.0 497.34
356 6861.0 402.07
296 3766.0 421.01
328 4799.0 439.0
326 6406.0 177.75
357 6466.0 832.78
297 1725.0 664.68
329 8183.0 518.11
327 4017.0 971.03
358 8558.0 149.94
298 7678.0 976.23
330 9124.0 190.02
328 6736.0 686.7
359 2449.0 690.23
299 6468.0 223.13
329 2875.0 919.39
360 2559.0 380.5
300 9245.0 651.19
332 6365.0 772.82
361 2485.0 239.81
301 4337.0 256.82
333 6857.0 419.04
331 6341.0 902.38
362 178.0 705.97
302 8775.0 306.51
334 2647.0 484.38
332 5335.0 880.73
363 3846.0 545.8
303 2297.0 463.89
335 5079.0 970.91
333 5177.0 399.41
364 3092.0 812.9
304 7163.0 740.51
336 4433.0 125.55
334 8463.0 803.27
365 2415.0 783.46
305 7899.0 315.51
337 5595.0 392.64
335 864.0 930.75
366 2226.0 330.68
306 9334.0 422.75
338 7639.0 80.6
336 3797.0 194.11
367 8921.0 97.97
307 5548.0 398.52
339 5723.0 134.68
337 5265.0 574.64
368 6080.0 798.35
308 165.0 956.84
340 523.0 22.92
338 9917.0 750.12
369 1061.0 240.47
309 7692.0 859.66
341 211.0 685.43
339 2800.0 610.69
370 3256.0 511.98
310 5660.0 27.12
342 1325.0 165.33
340 7969.0 475.95
371 8069.0 67.27
311 2707.0 231.04
343 6724.0 843.99
341 1446.0 14.72
372 9078.0 607.33
312 63.0 101.7
344 7536.0 218.73
342 168.0 477.76
373 3564.0 761.28
313 5486.0 27.18
345 4375.0 652.55
343 9918.0 844.59
374 4980.0 98.96
314 6856.0 970.39
346 7168.0 776.27
344 4165.0 676.75
375 7081.0 17.81
315 9899.0 178.58
347 3468.0 107.8
345 6389.0 831.55
376 4277.0 248.11
316 9450.0 756.53
348 2014.0 614.0
346 9822.0 401.14
377 9114.0 839.26
317 8981.0 470.74
349 2797.0 2.54
347 9040.0 299.79
378 9724.0 492.88
318 7249.0 151.19
350 5949.0 957.46
348 3517.0 120.12
379 3010.0 576.65
319 200.0 53.76
351 3357.0 909.43
349 602.0 295.05
380 4128.0 468.88
320 9615.0 268.13
352 9463.0 390.99
350 7038.0 746.22
381 8253.0 867.81
321 6006.0 241.92
353 1334.0 398.84
351 2390.0 254.27
382 135.0 260.48
322 7941.0 125.49
354 5954.0 340.92
352 6588.0 478.14
383 1702.0 954.82
323 6247.0 496.76
355 5312.0 95.39
353 3917.0 509.77
384 8960.0 257.94
324 4662.0 814.23
356 5465.0 875.12
354 6689.0 388.61
385 5519.0 133.99
325 6546.0 123.69
357 6024.0 832.8
355 596.0 687.57
386 2019.0 965.19
326 4240.0 801.14
358 5951.0 337.14
356 1776.0 886.24
387 8609.0 317.51
327 9000.0 705.3
359 3869.0 801.12
357 1300.0 434.78
388 6924.0 645.65
328 789.0 569.17
360 5565.0 938.7
358 1813.0 754.52
389 7811.0 136.96
329 3947.0 801.82
359 6863.0 762.99
390 9107.0 831.3
330 7580.0 421.06
362 8659.0 709.35
391 2661.0 358.02
331 5401.0 641.62
363 7081.0 653.2
361 2133.0 826.55
392 8568.0 555.65
332 5476.0 110.78
364 7987.0 930.91
362 7288.0 997.16
393 6691.0 303.28
333 711.0 11.37
365 5640.0 346.33
363 8659.0 532.87
394 1987.0 757.39
334 4514.0 22.13
366 8827.0 456.23
364 5043.0 774.54
395 8680.0 991.02
335 5052.0 850.37
367 5881.0 120.04
365 5696.0 604.61
396 9494.0 217.18
336 1419.0 390.79
368 2881.0 984.26
366 15.0 443.76
397 1983.0 247.12
337 295.0 346.72
369 3177.0 77.44
367 497.0 702.7
398 3575.0 825.01
338 8134.0 40.17
370 137.0 522.58
368 4238.0 404.9
399 1608.0 573.56
339 2915.0 22.86
371 1559.0 691.87
369 8837.0 127.41
400 5988.0 366.34
340 3357.0 15.13
372 7621.0 361.08
370 3793.0 841.41
401 4249.0 172.5
341 9834.0 224.28
373 9334.0 46.61
371 1800.0 951.61
402 7970.0 508.59
342 1155.0 8.99
374 9371.0 698.76
372 9458.0 456.9
403 1780.0 828.42
343 4528.0 479.77
375 7859.0 551.4
373 7699.0 18.83
404 3315.0 249.63
344 6930.0 910.51
376 4242.0 160.4
374 3079.0 279.75
405 989.0 2.31
345 2926.0 482.83
377 8985.0 911.61
375 7626.0 52.26
406 249.0 693.62
346 7994.0 648.64
378 5371.0 609.1
376 8093.0 754.04
407 2952.0 110.95
347 3172.0 767.41
379 799.0 137.88
377 1394.0 187.94
408 237.0 888.59
348 1181.0 630.2
380 2268.0 51.12
378 5473.0 421.83
409 5827.0 339.24
349 2431.0 811.93
381 3713.0 126.64
379 4556.0 651.69
410 5826.0 12.35
350 850.0 548.57
382 5932.0 948.06
380 7804.0 940.73
411 6639.0 410.38
351 9841.0 730.59
383 9834.0 928.87
381 5415.0 221.38
412 3729.0 281.12
352 8156.0 954.09
384 5409.0 900.13
382 3556.0 322.24
413 8129.0 696.54
353 425.0 597.39
385 8711.0 592.94
383 5840.0 915.68
414 5456.0 559.51
354 3969.0 976.69
386 7628.0 402.6
384 1868.0 510.62
415 8329.0 854.11
355 5798.0 432.59
387 3178.0 438.3
385 7239.0 735.65
416 2144.0 928.61
356 4188.0 64.78
388 1397.0 603.53
386 5871.0 973.89
417 1716.0 660.06
357 5780.0 47.5
389 2663.0 927.01
387 5035.0 694.94
418 9654.0 729.44
358 1461.0 959.04
390 8946.0 24.08
388 7309.0 730.91
419 8187.0 185.5
359 9845.0 523.93
389 787.0 970.67
420 9379.0 739.62
360 2903.0 979.61
392 3936.0 38.17
421 1303.0 30.93
361 1558.0 179.05
393 4741.0 231.38
391 5386.0 243.52
422 7274.0 178.18
362 5349.0 834.8
394 4755.0 583.64
392 3721.0 774.65
423 4954.0 713.18
363 5361.0 694.67
395 286.0 292.72
393 6513.0 349.49
424 2553.0 650.12
364 7379.0 818.5
396 7916.0 256.58
394 1877.0 671.05
425 1570.0 41.38
365 3059.0 656.48
397 275.0 800.67
395 7649.0 9.85
426 3997.0 950.95
366 678.0 488.7
398 4041.0 115.46
396 3450.0 608.77
427 1756.0 208.55
367 3989.0 999.05
399 5669.0 927.37
397 7211.0 794.22
428 4512.0 696.57
368 2694.0 21.52
400 6691.0 256.63
398 6501.0 90.66
429 9704.0 202.74
369 178.0 80.96
401 1560.0 159.09
399 9053.0 998.98
430 9933.0 902.83
370 9908.0 674.42
402 2190.0 190.32
400 9516.0 725.81
431 5533.0 864.15
371 313.0 712.35
403 7996.0 834.53
401 5553.0 968.08
432 3843.0 523.92
372 1537.0 91.02
404 8608.0 256.24
402 7734.0 317.89
433 4652.0 143.07
373 743.0 919.4
405 1132.0 196.27
403 6962.0 536.05
434 8422.0 458.63
374 4064.0 162.02
406 3757.0 720.64
404 6925.0 93.8
435 6714.0 288.94
375 2603.0 40.15
407 191.0 235.43
405 2859.0 647.07
436 4705.0 734.7
376 1585.0 149.2
408 6904.0 130.55
406 1872.0 778.56
437 1365.0 918.78
377 3806.0 262.96
409 6933.0 263.35
407 1098.0 937.81
438 5348.0 1.26
378 6936.0 388.35
410 815.0 291.42
408 7831.0 161.98
439 2189.0 388.57
379 1191.0 623.64
411 6379.0 599.23
409 8230.0 828.68
440 1645.0 755.17
380 7704.0 153.9
412 1856.0 439.62
410 8919.0 12.04
441 817.0 100.77
381 9165.0 915.87
413 7971.0 202.63
411 9803.0 564.94
442 3667.0 796.53
382 3152.0 850.11
414 9554.0 754.9
412 6318.0 205.26
443 7239.0 13.47
383 4200.0 372.35
415 1796.0 573.88
413 4027.0 764.63
444 2434.0 548.85
384 325.0 829.2
416 738.0 123.76
414 2224.0 215.8
445 6373.0 895.54
385 4406.0 86.49
417 3978.0 293.57
415 2613.0 825.01
446 8378.0 538.42
386 9403.0 107.78
418 2630.0 790.23
416 6227.0 797.45
447 2215.0 694.92
387 7269.0 922.53
419 6403.0 331.38
417 2263.0 323.15
448 2351.0 854.43
388 6656.0 569.04
420 4313.0 103.37
418 3218.0 586.8
449 9625.0 68.39
389 9720.0 444.93
419 8449.0 920.4
450 5970.0 808.04
390 2951.0 384.35
422 1637.0 672.37
451 3307.0 249.73
391 2042.0 956.91
423 2048.0 141.35
421 9566.0 958.76
452 1754.0 182.89
392 5002.0 653.23
424 6755.0 391.88
422 7079.0 524.09
453 1813.0 516.91
393 9338.0 37.66
425 2453.0 202.56
423 6097.0 637.51
454 9061.0 979.01
394 9096.0 216.2
426 5633.0 547.74
424 2630.0 839.09
455 3247.0 325.46
395 7585.0 216.35
427 2950.0 298.96
425 3054.0 636.27
456 506.0 599.89
396 3213.0 254.91
428 9866.0 174.32
426 9659.0 687.44
457 2579.0 650.32
397 6029.0 19.23
429 4680.0 364.52
427 37.0 26.42
458 1776.0 797.76
398 2686.0 601.98
430 1773.0 101.05
428 8456.0 667.71
459 3808.0 70.75
399 4067.0 504.63
431 7870.0 56.43
429 9223.0 667.26
460 5289.0 775.75
400 6137.0 222.61
432 8088.0 43.3
430 7755.0 303.13
461 2319.0 135.67
401 4190.0 797.89
433 5888.0 831.31
431 8687.0 990.16
462 5043.0 584.1
402 1950.0 687.7
434 1810.0 379.24
432 4444.0 112.25
463 924.0 638.23
403 9731.0 173.36
435 9722.0 952.64
433 1065.0 199.35
464 7863.0 268.03
404 128.0 7.21
436 4783.0 884.58
434 2820.0 870.5
465 4744.0 360.89
405 6252.0 912.64
437 7176.0 200.66
435 8388.0 746.82
466 3524.0 338.45
406 7147.0 864.65
438 8062.0 533.54
436 5105.0 937.12
467 5498.0 582.7
407 9005.0 85.38
439 3980.0 826.07
437 3716.0 734.7
468 595.0 550.77
408 5851.0 896.99
440 1639.0 348.98
438 8471.0 852.69
469 1055.0 349.07
409 102.0 178.79
441 3407.0 567.75
439 4867.0 304.63
470 1470.0 107.97
410 5272.0 445.92
442 8082.0 498.74
440 2458.0 462.13
471 4724.0 251.84
411 4812.0 362.8
443 1770.0 485.28
441 1006.0 212.3
472 6775.0 681.24
412 6779.0 909.67
444 5053.0 347.73
442 8101.0 224.76
473 6690.0 470.17
413 6981.0 311.53
445 5254.0 691.14
443 7611.0 884.25
474 6025.0 144.58
414 270.0 501.9
446 396.0 393.29
444 7342.0 568.86
475 6066.0 432.08
415 6729.0 365.91
447 6022.0 667.47
445 9285.0 363.69
476 7205.0 105.78
416 9811.0 859.57
448 8578.0 782.78
446 4476.0 221.05
477 9247.0 570.32
417 4190.0 105.41
449 4837.0 27.75
447 5271.0 291.4
478 1912.0 289.69
418 7717.0 158.8
450 9203.0 991.47
448 5088.0 375.3
479 9.0 964.12
419 7468.0 919.11
449 9457.0 2.12
480 5727.0 361.91
420 525.0 407.74
452 1344.0 247.53
481 6279.0 156.98
421 7710.0 598.54
453 1639.0 812.25
451 5734.0 361.91
482 1545.0 993.44
422 4060.0 235.52
454 7796.0 286.87
452 6224.0 362.72
483 4647.0 721.03
423 324.0 761.0
455 596.0 566.3
453 5558.0 180.76
484 2997.0 456.64
424 5565.0 815.96
456 4192.0 886.78
454 5299.0 217.44
485 7965.0 250.22
425 6503.0 50.8
457 348.0 815.08
455 1173.0 579.01
486 223.0 280.8
426 7534.0 872.45
458 1508.0 5.63
456 3722.0 357.49
487 6764.0 887.9
427 1146.0 351.08
459 8940.0 137.59
457 7908.0 479.6
488 9624.0 778.9
428 5549.0 897.17
460 124.0 763.96
458 5889.0 262.41
489 7017.0 161.5
429 2027.0 114.03
461 250.0 347.6
459 7731.0 571.55
490 3943.0 738.49
430 1375.0 631.81
462 9787.0 823.19
460 2230.0 975.32
491 3023.0 777.73
431 860.0 995.93
463 5223.0 153.46
461 4822.0 108.58
492 7547.0 359.06
432 188.0 618.31
464 6005.0 827.37
462 2389.0 682.57
493 9389.0 773.11
433 6780.0 391.15
465 259.0 204.55
463 8924.0 701.87
494 9602.0 377.33
434 4563.0 383.51
466 2736.0 792.62
464 6846.0 418.51
495 7599.0 319.64
435 6162.0 643.32
467 5004.0 860.41
465 4129.0 624.12
496 747.0 113.4
436 5216.0 16.99
468 3665.0 208.3
466 8402.0 64.77
497 6212.0 104.37
437 8426.0 234.26
469 4583.0 340.9
467 1052.0 49.49
498 6012.0 425.65
438 9968.0 158.23
470 5812.0 821.23
468 5370.0 977.26
499 6962.0 773.5
439 4870.0 771.52
471 1471.0 172.55
469 9201.0 705.11
500 5836.0 536.52
440 7002.0 420.03
472 2128.0 393.33
470 7897.0 523.5
501 5556.0 376.23
441 3049.0 317.8
473 8326.0 338.09
471 5090.0 587.73
502 3050.0 562.01
442 2165.0 364.48
474 6039.0 149.03
472 1301.0 46.03
503 4602.0 344.94
443 1768.0 869.55
475 9086.0 421.7
473 7798.0 179.82
504 5809.0 745.39
444 8009.0 658.49
476 8890.0 817.33
474 4787.0 283.73
505 8336.0 832.84
445 6238.0 952.36
477 7978.0 291.45
475 7131.0 159.55
506 57.0 946.54
446 1887.0 573.11
478 5036.0 283.52
476 5787.0 608.23
507 6658.0 217.57
447 5566.0 294.38
479 6792.0 371.05
477 615.0 720.3
508 2086.0 191.35
448 6523.0 819.82
480 2979.0 678.65
478 7946.0 651.89
509 8291.0 935.33
449 5419.0 452.09
479 4378.0 224.42
510 4509.0 814.81
450 4429.0 152.93
482 9951.0 248.57
511 6671.0 912.57
451 6241.0 114.35
483 8580.0 175.11
481 485.0 173.77
512 6940.0 73.79
452 9353.0 381.48
484 5542.0 555.76
482 2682.0 563.65
513 9269.0 218.39
453 6856.0 543.25
485 9219.0 426.93
483 9696.0 877.67
514 788.0 330.44
454 5407.0 216.92
486 9139.0 384.87
484 8075.0 121.4
515 908.0 439.69
455 5583.0 72.97
487 1259.0 808.89
485 8055.0 937.29
516 4328.0 240.97
456 6459.0 397.7
488 2337.0 870.92
486 7625.0 47.46
517 7742.0 782.45
457 9293.0 317.09
489 511.0 787.44
487 596.0 457.59
518 5579.0 447.23
458 4203.0 814.0
490 3032.0 165.71
488 8787.0 553.22
519 7787.0 590.02
459 2586.0 14.76
491 2113.0 967.34
489 2917.0 103.29
520 4894.0 792.88
460 5852.0 288.78
492 1485.0 40.05
490 8349.0 739.7
521 2399.0 234.65
461 9071.0 560.45
493 3888.0 227.28
491 3240.0 741.24
522 9877.0 135.58
462 180.0 937.59
494 9269.0 143.09
492 8592.0 183.42
523 577.0 495.17
463 701.0 24.42
495 4594.0 46.97
493 4515.0 560.61
524 6997.0 112.07
464 843.0 436.71
496 6921.0 460.45
494 5751.0 822.28
525 2948.0 148.62
465 5201.0 472.2
497 1416.0 506.54
495 292.0 474.24
526 5571.0 219.74
466 4277.0 774.83
498 5526.0 288.96
496 2390.0 509.97
527 1534.0 465.13
467 9005.0 661.77
499 2850.0 69.17
497 5713.0 28.11
528 8518.0 761.37
468 3012.0 392.47
500 4067.0 177.02
498 4196.0 361.24
529 6400.0 960.95
469 1671.0 268.14
501 2627.0 80.47
499 7171.0 288.15
530 2265.0 857.05
470 5965.0 347.44
502 1757.0 842.44
500 9208.0 815.58
531 3260.0 928.01
471 214.0 430.64
503 7664.0 181.65
501 9156.0 622.36
532 53.0 362.44
472 2755.0 764.51
504 7554.0 885.77
502 7519.0 590.44
533 794.0 514.83
473 4038.0 656.87
505 3370.0 403.57
503 3288.0 581.8
534 3536.0 213.94
474 4754.0 35.96
506 7608.0 779.76
504 4385.0 261.74
535 8428.0 372.27
475 2466.0 560.76
507 9936.0 884.65
505 3986.0 15.82
536 4899.0 519.7
476 2943.0 993.55
508 6590.0 200.66
506 6109.0 557.48
537 3718.0 435.35
477 8326.0 597.52
509 5011.0 123.57
507 5533.0 106.79
538 8070.0 738.17
478 535.0 918.04
510 376.0 553.7
508 7065.0 873.87
539 3007.0 569.56
479 9217.0 735.17
509 1958.0 472.52
540 4828.0 976.36
480 5683.0 110.89
512 2545.0 904.81
541 4517.0 211.95
481 2916.0 465.97
513 2998.0 48.06
511 7099.0 739.68
542 3839.0 653.11
482 5563.0 832.71
514 871.0 851.03
512 8918.0 380.5
543 5601.0 614.43
483 2082.0 321.81
515 2548.0 687.92
513 7630.0 131.74
544 2277.0 585.01
484 513.0 602.73
516 4941.0 340.42
514 747.0 997.39
545 2375.0 792.76
485 4924.0 688.5
517 3222.0 232.63
515 9522.0 989.19
546 1298.0 461.85
486 4881.0 191.98
518 92.0 265.34
516 3811.0 857.88
547 1030.0 741.3
487 7515.0 209.11
519 3436.0 879.99
517 7266.0 475.34
548 7972.0 821.11
488 9028.0 483.58
520 8351.0 748.97
518 2290.0 984.51
549 6084.0 327.96
489 7070.0 442.87
521 7343.0 968.74
519 6476.0 937.33
550 2241.0 544.47
490 4890.0 188.55
522 9450.0 981.09
520 168.0 607.4
551 5890.0 669.34
491 8738.0 55.73
523 689.0 535.69
521 9704.0 11.57
552 722.0 873.22
492 806.0 352.79
524 8511.0 115.79
522 6944.0 167.86
553 6576.0 413.63
493 5474.0 211.67
525 8176.0 236.58
523 3054.0 687.69
554 7826.0 531.58
494 459.0 17.76
526 1277.0 263.45
524 2892.0 915.26
555 7008.0 205.46
495 679.0 419.27
527 2249.0 951.46
525 8221.0 751.59
556 2202.0 898.97
496 6001.0 804.48
528 6681.0 736.54
526 2621.0 245.57
557 989.0 801.22
497 726.0 466.76
529 9022.0 521.03
527 3442.0 732.88
558 4278.0 775.01
498 1202.0 759.81
530 2580.0 941.02
528 8994.0 807.6
559 5220.0 170.44
499 5626.0 810.71
531 964.0 218.98
529 8884.0 637.56
560 9040.0 953.22
500 4767.0 98.38
532 4067.0 359.11
530 1062.0 282.61
561 2664.0 628.09
501 6215.0 235.94
533 5109.0 31.55
531 5920.0 632.4
562 5453.0 362.94
502 3973.0 527.1
534 8675.0 986.72
532 4808.0 164.61
563 5215.0 114.05
503 2071.0 922.69
535 4900.0 92.86
533 269.0 393.41
564 7053.0 741.87
504 9835.0 441.07
536 5860.0 649.4
534 6470.0 847.86
565 3720.0 664.85
505 82.0 973.08
537 8048.0 738.76
535 6160.0 905.67
566 7427.0 445.93
506 955.0 747.91
538 5806.0 353.94
536 443.0 657.22
567 5621.0 596.82
507 4988.0 938.92
539 4190.0 561.35
537 2782.0 274.31
568 6300.0 784.64
508 5478.0 701.91
540 4333.0 141.49
538 2500.0 941.86
569 64.0 41.68
509 6716.0 82.0
539 5356.0 641.18
570 2411.0 38.06
510 8912.0 27.14
542 8439.0 383.29
571 9111.0 596.5
511 2047.0 210.64
543 5943.0 370.28
541 4148.0 274.19
572 3229.0 791.81
512 3437.0 192.36
544 6467.0 497.18
542 8835.0 647.11
573 8457.0 955.2
513 6825.0 472.16
545 7447.0 225.15
543 3983.0 803.53
574 4921.0 83.07
514 3674.0 372.87
546 1900.0 764.92
544 9751.0 376.8
575 7382.0 833.24
515 9995.0 92.22
547 5619.0 95.36
545 4069.0 371.96
576 9910.0 312.64
516 1252.0 198.5
548 7469.0 458.04
546 7220.0 546.16
577 1261.0 635.45
517 7251.0 193.82
549 4510.0 233.96
547 4146.0 776.5
578 3101.0 215.42
518 3159.0 790.21
550 3518.0 148.86
548 9081.0 212.21
579 4363.0 68.86
519 6441.0 716.27
551 3234.0 907.9
549 6977.0 332.37
580 4494.0 331.12
520 6053.0 194.46
552 2523.0 362.87
550 216.0 978.44
581 7214.0 414.02
521 6684.0 922.01
553 9104.0 670.79
551 5783.0 65.91
582 2116.0 274.18
522 9956.0 507.12
554 1233.0 138.98
552 3674.0 943.73
583 4550.0 793.36
523 3185.0 830.13
555 5120.0 661.14
553 585.0 271.32
584 9294.0 989.48
524 4891.0 271.33
556 7335.0 226.82
554 7690.0 509.21
585 61.0 528.07
525 6847.0 338.03
557 9724.0 432.53
555 859.0 617.59
586 6137.0 591.17
526 8879.0 939.76
558 3072.0 784.5
556 8456.0 282.12
587 7853.0 626.67
527 5379.0 889.7
559 3566.0 12.34
557 6549.0 242.53
588 7285.0 654.52
528 747.0 951.14
560 8426.0 605.48
558 4633.0 667.08
589 786.0 561.21
529 7223.0 712.07
561 2848.0 706.78
559 7488.0 512.68
590 9846.0 620.09
530 871.0 606.76
562 337.0 391.74
560 9724.0 276.43
591 7318.0 256.23
531 3260.0 847.36
563 2433.0 450.45
561 165.0 377.96
592 1234.0 652.65
532 919.0 83.71
564 4912.0 50.66
562 3952.0 44.64
593 4821.0 773.03
533 9915.0 407.4
565 3966.0 858.77
563 2999.0 809.7
594 7852.0 288.88
534 9390.0 109.25
566 2388.0 790.05
564 5325.0 821.19
595 1759.0 441.95
535 9901.0 856.91
567 2326.0 394.86
565 6246.0 557.07
596 4478.0 936.65
536 9009.0 531.55
568 38.0 764.12
566 3425.0 730.33
597 3752.0 506.93
537 5146.0 416.23
569 2280.0 949.7
567 1882.0 681.8
598 2199.0 440.36
538 8759.0 457.57
570 5654.0 264.18
568 2663.0 892.7
599 7889.0 961.19
539 472.0 117.37
569 3203.0 281.91
600 1789.0 872.29
540 7497.0 269.46
572 8651.0 322.01
601 628.0 52.0
541 6084.0 271.38
573 3726.0 209.67
571 5985.0 600.2
602 6098.0 175.43
542 2694.0 297.65
574 2139.0 494.78
572 9432.0 429.79
603 6121.0 311.26
543 9842.0 244.66
575 8212.0 945.86
573 9026.0 42.46
604 3927.0 238.69
544 3329.0 349.0
576 6074.0 218.96
574 4465.0 529.13
605 650.0 950.85
545 4496.0 112.23
577 6496.0 768.9
575 8433.0 809.38
606 4210.0 167.17
546 3465.0 683.57
578 2003.0 903.07
576 5826.0 298.98
607 9613.0 818.89
547 4277.0 833.36
579 9719.0 15.11
577 4505.0 785.58
608 7945.0 291.63
548 6472.0 440.83
580 2837.0 107.97
578 9892.0 697.51
609 6117.0 404.06
549 3279.0 956.17
581 4063.0 615.41
579 5537.0 623.58
610 6209.0 327.77
550 6664.0 583.96
582 9436.0 302.15
580 8122.0 474.06
611 9077.0 634.63
551 1392.0 824.12
583 6029.0 946.7
581 7924.0 989.2
612 7188.0 71.45
552 9957.0 166.14
584 4820.0 321.65
582 2482.0 284.39
613 8281.0 918.27
553 1920.0 203.1
585 6338.0 110.09
583 9058.0 388.65
614 2042.0 164.81
554 1561.0 907.87
586 3447.0 647.83
584 9986.0 51.33
615 6512.0 227.7
555 29.0 923.64
587 3733.0 938.1
585 463.0 997.67
616 9278.0 720.76
556 5494.0 769.63
588 5383.0 855.42
586 3047.0 640.53
617 4262.0 171.89
557 8182.0 975.31
589 8441.0 993.45
587 2053.0 78.2
618 1966.0 83.14
558 3632.0 852.66
590 3380.0 13.46
588 9876.0 292.08
619 8273.0 430.13
559 6316.0 487.94
591 6851.0 417.69
589 3444.0 811.38
620 531.0 575.49
560 22.0 857.82
592 7105.0 61.57
590 1444.0 742.12
621 6995.0 676.21
561 853.0 917.44
593 7271.0 906.33
591 1717.0 33.22
622 1508.0 896.31
562 4425.0 683.49
594 1710.0 778.89
592 28.0 133.77
623 3863.0 775.09
563 8379.0 744.76
595 5818.0 902.24
593 780.0 743.56
624 9937.0 312.34
564 2896.0 657.99
596 5979.0 327.8
594 6074.0 395.9
625 348.0 194.78
565 5687.0 49.28
597 5387.0 272.39
595 3764.0 611.35
626 3631.0 161.47
566 7165.0 37.35
598 8270.0 106.75
596 7574.0 819.79
627 2661.0 271.75
567 9057.0 962.24
599 3374.0 837.86
597 8943.0 392.68
628 1189.0 833.02
568 2278.0 156.2
600 5425.0 190.99
598 767.0 663.82
629 3384.0 124.31
569 9128.0 719.8
599 8283.0 574.43
630 5345.0 158.83
570 63.0 431.84
602 6310.0 761.31
631 4029.0 68.23
571 7130.0 32.35
603 2284.0 282.28
601 6448.0 862.48
632 3167.0 656.35
572 1996.0 188.21
604 4204.0 490.68
602 8439.0 750.43
633 4902.0 697.64
573 2910.0 768.45
605 5653.0 189.0
603 5621.0 843.93
634 1725.0 958.89
574 4770.0 209.39
606 3367.0 655.24
604 474.0 359.59
635 9489.0 726.93
575 8058.0 115.84
607 9129.0 232.99
605 4574.0 687.95
636 1252.0 944.56
576 2541.0 896.58
608 6560.0 797.01
606 9033.0 223.51
637 677.0 712.6
577 5653.0 513.18
609 3356.0 999.39
607 8635.0 744.72
638 5258.0 792.81
578 3779.0 276.06
610 3618.0 785.18
608 9269.0 102.07
639 4758.0 742.5
579 6046.0 61.14
611 6573.0 991.36
609 9168.0 171.72
640 8544.0 277.53
580 3044.0 725.95
612 2591.0 1.42
610 6545.0 672.24
641 5459.0 97.68
581 4011.0 850.51
613 8138.0 333.5
611 7634.0 798.38
642 4792.0 77.64
582 1480.0 712.84
614 1354.0 788.16
612 3338.0 567.09
643 3875.0 286.71
583 6165.0 283.23
615 3855.0 130.2
613 1165.0 49.19
644 1164.0 965.0
584 8061.0 550.72
616 8811.0 134.24
614 1937.0 294.52
645 4473.0 427.0
585 892.0 833.74
617 1612.0 884.81
615 9985.0 960.12
646 1465.0 592.63
586 216.0 82.3
618 6716.0 349.15
616 1373.0 611.18
647 9676.0 203.45
587 5804.0 259.43
619 5522.0 983.78
617 588.0 385.59
648 1821.0 378.1
588 234.0 963.4
620 2007.0 712.79
618 1359.0 38.52
649 4753.0 266.31
589 3910.0 785.18
621 5902.0 172.43
619 7096.0 130.34
650 9621.0 613.44
590 5475.0 719.59
622 6585.0 451.44
620 9884.0 375.59
651 5297.0 845.56
591 3334.0 980.41
623 7052.0 127.22
621 7021.0 793.89
652 2685.0 667.67
592 6507.0 184.43
624 1894.0 906.06
622 963.0 555.04
653 4504.0 123.81
593 7340.0 519.81
625 2469.0 655.84
623 7588.0 33.57
654 1239.0 665.3
594 1207.0 582.54
626 5343.0 884.12
624 4527.0 347.38
655 3722.0 129.09
595 7839.0 319.33
627 7860.0 474.48
625 1332.0 620.52
656 3504.0 906.89
596 5205.0 501.97
628 9593.0 10.58
626 1702.0 689.66
657 7958.0 166.91
597 8378.0 464.9
629 2096.0 262.84
627 4260.0 619.15
658 9570.0 607.87
598 7033.0 618.48
630 9854.0 448.19
628 2743.0 647.17
659 6551.0 426.67
599 5390.0 2.84
629 8205.0 353.12
660 7363.0 516.13
600 5603.0 71.25
632 9245.0 443.1
661 8419.0 166.53
601 1947.0 643.61
633 7841.0 175.58
631 412.0 340.22
662 448.0 684.24
602 1637.0 820.36
634 4694.0 200.32
632 7114.0 569.32
663 3091.0 821.74
603 5302.0 552.33
635 4747.0 126.16
633 5518.0 399.41
664 5413.0 756.69
604 5850.0 795.75
636 7100.0 413.23
634 3654.0 620.85
665 8196.0 301.28
605 2650.0 529.0
637 7668.0 163.77
635 7003.0 723.32
666 1709.0 988.52
606 1989.0 49.76
638 4475.0 740.96
636 2089.0 88.85
667 3374.0 909.55
607 841.0 778.94
639 9894.0 679.93
637 3676.0 741.24
668 5977.0 899.29
608 9527.0 626.14
640 5660.0 265.21
638 4155.0 961.7
669 5457.0 930.89
609 7173.0 727.38
641 7661.0 111.51
639 8718.0 758.17
670 6139.0 260.45
610 8059.0 241.36
642 3601.0 887.69
640 7152.0 124.47
671 8384.0 824.41
611 8740.0 192.8
643 476.0 373.55
641 9895.0 685.27
672 9465.0 705.66
612 4035.0 116.36
644 9961.0 863.29
642 1229.0 811.28
673 7444.0 206.79
613 1010.0 861.49
645 6710.0 753.15
643 5522.0 216.36
674 9063.0 878.2
614 8782.0 252.44
646 8765.0 934.68
644 3653.0 231.68
675 923.0 623.44
615 9020.0 748.04
647 3382.0 123.89
645 7364.0 921.22
676 4500.0 176.62
616 6220.0 926.72
648 9950.0 503.34
646 5829.0 451.92
677 4312.0 67.53
617 3416.0 533.54
649 3284.0 463.66
647 3831.0 389.61
678 813.0 832.61
618 3694.0 128.06
650 7812.0 223.55
648 6373.0 282.94
679 8094.0 745.31
619 6121.0 569.13
651 1808.0 924.42
649 7874.0 98.56
680 1971.0 83.6
620 7667.0 738.59
652 3804.0 337.01
650 4243.0 738.17
681 1133.0 854.6
621 7889.0 347.38
653 167.0 663.49
651 2658.0 349.97
682 6485.0 517.48
622 1214.0 498.21
654 5340.0 821.4
652 5825.0 323.85
683 4320.0 222.64
623 9708.0 315.75
655 3579.0 232.31
653 3350.0 302.29
684 849.0 859.31
624 7378.0 972.1
656 600.0 999.62
654 6406.0 80.85
685 9045.0 753.01
625 3156.0 147.27
657 3478.0 4.91
655 8033.0 555.35
686 5278.0 35.46
626 7574.0 415.14
658 7382.0 169.52
656 4490.0 214.54
687 2509.0 578.13
627 7981.0 356.43
659 4335.0 711.8
657 8165.0 701.11
688 6971.0 939.0
628 3062.0 367.26
660 6113.0 119.82
658 6.0 509.32
689 1252.0 544.67
629 4049.0 576.45
659 3147.0 826.04
690 3319.0 939.64
630 6898.0 908.66
662 9960.0 660.42
691 9995.0 208.24
631 687.0 665.27
663 3995.0 207.96
661 7248.0 900.49
692 9317.0 386.11
632 1550.0 495.49
664 8620.0 68.07
662 5943.0 740.98
693 9676.0 498.67
633 6483.0 855.65
665 3224.0 784.36
663 7541.0 890.37
694 1619.0 267.0
634 1748.0 862.77
666 6943.0 897.13
664 4514.0 680.76
695 4396.0 444.2
635 9440.0 144.47
667 2092.0 358.45
665 2967.0 565.49
696 1082.0 439.84
636 3915.0 288.11
668 3621.0 290.61
666 820.0 987.22
697 9445.0 649.77
637 1398.0 911.51
669 9051.0 512.8
667 5820.0 269.29
698 8259.0 112.54
638 9935.0 106.02
670 3667.0 705.74
668 1010.0 787.41
699 9769.0 884.72
639 1805.0 457.84
671 7179.0 505.98
669 3841.0 725.17
700 9529.0 931.94
640 5093.0 364.91
672 6428.0 454.91
670 6140.0 634.59
701 9210.0 948.26
641 4695.0 21.34
673 948.0 682.64
671 9333.0 372.74
702 9517.0 25.73
642 6955.0 175.39
674 7653.0 949.02
672 5548.0 667.37
703 5175.0 782.24
643 2359.0 557.59
675 3484.0 93.5
673 6309.0 265.33
704 5506.0 278.1
644 4017.0 305.27
676 6056.0 223.18
674 8.0 558.89
705 2291.0 222.12
645 6910.0 505.89
677 2770.0 323.07
675 5737.0 85.02
706 513.0 92.66
646 6539.0 593.3
678 3616.0 238.43
676 2505.0 758.56
707 9421.0 549.09
647 2265.0 322.65
679 4646.0 958.85
677 8432.0 731.72
708 6819.0 534.92
648 8607.0 352.4
680 1641.0 103.46
678 7714.0 350.13
709 8846.0 38.43
649 3827.0 497.24
681 3760.0 20.08
679 6372.0 564.21
710 574.0 585.72
650 2776.0 376.82
682 8210.0 571.08
680 5549.0 317.67
711 1261.0 737.72
651 1975.0 514.5
683 9102.0 22.07
681 9925.0 495.1
712 2009.0 898.51
652 833.0 591.93
684 6855.0 881.24
682 661.0 759.68
713 194.0 908.3
653 1219.0 180.32
685 4590.0 260.69
683 2207.0 625.6
714 3588.0 74.54
654 2598.0 668.01
686 3315.0 413.7
684 5312.0 654.43
715 2751.0 888.38
655 4347.0 180.1
687 8833.0 163.18
685 9282.0 648.37
716 5742.0 64.12
656 2563.0 979.02
688 5334.0 962.19
686 3842.0 719.17
717 5656.0 184.85
657 544.0 383.95
689 9199.0 649.6
687 6015.0 740.62
718 4052.0 960.84
658 9804.0 168.16
690 613.0 399.01
688 1180.0 829.41
719 899.0 373.19
659 5790.0 100.9
689 8199.0 397.05
720 9730.0 237.05
660 4057.0 734.15
692 1304.0 294.55
721 5994.0 822.91
661 1231.0 180.74
693 9215.0 952.37
691 6822.0 471.17
722 8511.0 781.22
662 4454.0 269.91
694 9714.0 186.23
692 3893.0 154.04
723 2151.0 847.27
663 3874.0 239.92
695 3545.0 455.3
693 709.0 722.42
724 5550.0 291.44
664 1380.0 454.05
696 3536.0 744.33
694 8591.0 113.64
725 2647.0 995.88
665 6090.0 853.34
697 4833.0 692.52
695 3510.0 111.08
726 4611.0 394.14
666 3878.0 556.29
698 7552.0 567.2
696 5710.0 56.81
727 5486.0 884.7
667 9583.0 105.69
699 6431.0 609.03
697 6070.0 866.83
728 5005.0 542.16
668 3049.0 925.07
700 3920.0 11.07
698 7778.0 497.14
729 9285.0 650.73
669 8587.0 532.71
701 5439.0 180.99
699 5810.0 603.51
730 8330.0 58.39
670 9958.0 552.66
702 5814.0 237.5
700 1505.0 582.43
731 2414.0 972.14
671 5279.0 170.82
703 6442.0 388.33
701 4166.0 241.06
732 8436.0 449.53
672 3560.0 841.63
704 1866.0 369.29
702 9178.0 946.64
733 4891.0 238.53
673 5371.0 440.37
705 612.0 353.39
703 5980.0 215.74
734 45.0 206.76
674 7137.0 382.52
706 9191.0 451.56
704 7150.0 910.98
735 1232.0 786.2
675 5484.0 617.55
707 6039.0 693.93
705 2888.0 826.72
736 2795.0 912.88
676 3602.0 960.56
708 4781.0 816.39
706 8345.0 593.55
737 6873.0 793.94
677 5517.0 679.21
709 6108.0 608.83
707 7943.0 704.85
738 2821.0 366.84
678 5339.0 653.77
710 573.0 858.49
708 7693.0 15.24
739 5384.0 930.92
679 1164.0 157.54
711 2626.0 134.76
709 6911.0 617.7
740 1185.0 231.14
680 7575.0 755.15
712 2055.0 266.39
710 7367.0 321.9
741 8287.0 643.52
681 2523.0 627.29
713 3051.0 500.16
711 7000.0 377.46
742 5124.0 372.07
682 4082.0 197.41
714 8032.0 126.05
712 9359.0 179.21
743 1552.0 263.23
683 4162.0 174.27
715 1400.0 137.54
713 1897.0 888.41
744 4703.0 923.31
684 9819.0 681.16
716 8429.0 792.62
714 9218.0 45.54
745 1834.0 133.8
685 7402.0 578.29
717 3852.0 962.37
715 2525.0 956.73
746 7487.0 748.76
686 6992.0 149.02
718 799.0 931.56
716 9454.0 45.04
747 2542.0 815.46
687 7069.0 361.45
719 9591.0 487.32
717 5096.0 915.07
748 3361.0 102.38
688 3834.0 291.57
720 7458.0 866.07
718 1321.0 993.12
749 233.0 18.73
689 1366.0 226.19
719 4167.0 811.99
750 7972.0 619.3
690 8979.0 739.85
722 979.0 63.52
751 9532.0 889.66
691 1175.0 861.63
723 5965.0 891.0
721 90.0 208.43
752 566.0 693.5
692 2182.0 57.32
724 2116.0 852.95
722 233.0 835.29
753 7939.0 88.14
693 8761.0 86.43
725 1967.0 223.46
723 3230.0 339.01
754 3431.0 53.25
694 8907.0 935.27
726 9275.0 123.6
724 90.0 951.74
755 5260.0 788.4
695 6138.0 672.39
727 9487.0 364.24
725 8375.0 907.07
756 8391.0 944.84
696 5381.0 733.2
728 8069.0 845.98
726 6895.0 86.18
757 4433.0 374.42
697 3858.0 584.38
729 4043.0 856.27
727 1760.0 397.56
758 2304.0 38.48
698 7976.0 451.94
730 5172.0 870.47
728 8129.0 404.12
759 2666.0 489.72
699 6395.0 401.88
731 1429.0 455.96
729 1200.0 896.42
760 9816.0 912.76
700 6298.0 819.15
732 7327.0 857.32
730 2339.0 175.73
761 3460.0 611.66
701 6611.0 171.84
733 7574.0 971.4
731 3769.0 361.43
762 5902.0 182.06
702 4232.0 553.07
734 9421.0 99.99
732 9039.0 172.94
763 9809.0 804.96
703 7730.0 617.96
735 614.0 443.79
733 5945.0 467.33
764 6143.0 525.36
704 8122.0 805.45
736 3779.0 63.03
734 2417.0 905.68
765 5889.0 681.57
705 4266.0 69.47
737 1803.0 164.57
735 1451.0 199.72
766 2792.0 800.51
706 337.0 649.9
738 3857.0 79.77
736 8747.0 855.29
767 2421.0 820.2
707 3010.0 658.68
739 8644.0 82.88
737 4167.0 180.33
768 6712.0 175.32
708 1174.0 409.03
740 8110.0 711.27
738 7894.0 831.43
769 8332.0 951.63
709 4257.0 353.56
741 6224.0 226.64
739 9161.0 573.41
770 2857.0 767.31
710 1714.0 144.13
742 8507.0 891.38
740 5785.0 965.28
771 2693.0 346.05
711 9679.0 257.06
743 5441.0 85.57
741 5528.0 322.37
772 1559.0 929.03
712 6071.0 497.95
744 1850.0 199.95
742 9991.0 168.76
773 5251.0 484.06
713 9178.0 669.45
745 6262.0 671.69
743 4738.0 256.29
774 5333.0 845.74
714 5243.0 881.74
746 6847.0 715.55
744 5356.0 777.94
775 2820.0 874.73
715 4615.0 640.73
747 4341.0 845.37
745 1721.0 577.91
776 7108.0 279.72
716 219.0 23.79
748 2853.0 414.57
746 1674.0 171.77
777 2864.0 982.63
717 7710.0 971.43
749 2380.0 168.96
747 4470.0 679.31
778 2033.0 833.69
718 709.0 262.17
750 8887.0 983.96
748 8522.0 737.04
779 6949.0 243.85
719 8080.0 941.11
749 9207.0 46.17
780 4894.0 401.29
720 7633.0 907.47
752 3131.0 621.17
781 6752.0 136.6
721 7203.0 114.08
753 7574.0 927.78
751 7329.0 404.21
782 7925.0 388.99
722 9729.0 806.08
754 6679.0 704.91
752 3484.0 803.9
783 2381.0 291.08
723 9890.0 673.43
755 7513.0 407.98
753 7655.0 340.74
784 176.0 438.57
724 6448.0 872.03
756 3182.0 639.58
754 2440.0 594.92
785 303.0 816.02
725 6567.0 614.79
757 9780.0 480.52
755 6449.0 843.91
786 8801.0 995.74
726 9773.0 737.61
758 6732.0 47.22
756 5462.0 44.63
787 2701.0 908.88
727 8918.0 920.2
759 4801.0 833.72
757 6511.0 140.92
788 4983.0 874.6
728 3381.0 614.15
760 128.0 892.32
758 7783.0 251.01
789 5723.0 281.01
729 1381.0 367.31
761 7299.0 67.89
759 5463.0 281.46
790 9530.0 378.4
730 900.0 965.94
762 669.0 402.28
760 7097.0 837.39
791 5709.0 360.39
731 4029.0 703.37
763 8436.0 681.04
761 4404.0 801.16
792 9008.0 790.52
732 8320.0 83.18
764 8201.0 602.99
762 7024.0 496.62
793 34.0 865.78
733 6449.0 392.99
765 8083.0 494.85
763 1704.0 96.57
794 393.0 222.61
734 1005.0 999.33
766 3929.0 742.78
764 6929.0 963.95
795 2221.0 578.91
735 4983.0 662.51
767 3882.0 548.51
765 83.0 620.34
796 4492.0 200.99
736 2885.0 327.0
768 1130.0 554.63
766 2156.0 424.42
797 6471.0 740.32
737 7846.0 866.44
769 5266.0 631.04
767 5207.0 385.47
798 2956.0 585.59
738 9669.0 594.09
770 4769.0 491.68
768 7574.0 339.42
799 6948.0 400.65
739 1290.0 61.13
771 890.0 788.4
769 4759.0 706.73
800 7780.0 986.42
740 2273.0 790.01
772 5372.0 961.42
770 8307.0 885.0
801 8973.0 882.65
741 1010.0 507.03
773 1327.0 732.52
771 9932.0 437.24
802 7302.0 292.13
742 7698.0 729.08
774 8243.0 114.33
772 4833.0 316.9
803 5485.0 840.6
743 9487.0 824.58
775 8437.0 775.1
773 2500.0 507.33
804 4850.0 634.55
744 2026.0 288.14
776 1764.0 919.76
774 4731.0 854.23
805 3312.0 506.36
745 4105.0 434.3
777 3633.0 37.62
775 3836.0 130.61
806 193.0 274.6
746 3904.0 479.94
778 166.0 936.6
776 580.0 70.2
807 7069.0 710.88
747 1045.0 737.66
779 8731.0 317.05
777 4121.0 326.71
808 8265.0 394.49
748 6375.0 131.67
780 9424.0 448.01
778 1396.0 540.46
809 2842.0 116.21
749 4183.0 470.7
779 1820.0 101.99
810 4855.0 956.34
750 777.0 124.33
782 7349.0 569.7
811 3936.0 943.65
751 8909.0 780.68
783 8617.0 278.83
781 8189.0 802.17
812 4762.0 281.49
752 2381.0 168.95
784 9819.0 78.03
782 8982.0 18.24
813 3679.0 241.96
753 2906.0 408.88
785 5621.0 270.63
783 9185.0 322.24
814 4181.0 542.12
754 1660.0 882.08
786 5573.0 946.8
784 9882.0 844.88
815 4855.0 213.39
755 799.0 117.91
787 9030.0 987.61
785 5603.0 10.33
816 7961.0 904.69
756 961.0 241.62
788 2450.0 759.81
786 874.0 389.51
817 5274.0 435.58
757 2383.0 42.39
789 4438.0 905.44
787 3726.0 691.4
818 5332.0 398.29
758 6069.0 958.04
790 5621.0 598.7
788 9684.0 866.5
819 3962.0 168.4
759 4204.0 244.24
791 6004.0 868.66
789 5081.0 990.13
820 8309.0 751.22
760 5386.0 911.53
792 7146.0 815.53
790 2868.0 260.34
821 2604.0 171.36
761 3513.0 660.22
793 6260.0 775.68
791 5672.0 991.4
822 6872.0 442.63
762 5977.0 507.25
794 4920.0 820.12
792 1028.0 495.7
823 3142.0 970.24
763 2672.0 474.88
795 499.0 806.34
793 4693.0 343.21
824 1366.0 759.93
764 9378.0 254.02
796 301.0 785.43
794 4119.0 743.64
825 689.0 296.24
765 4564.0 78.36
797 8286.0 789.88
795 3445.0 398.84
826 2894.0 816.13
766 836.0 133.71
798 3528.0 865.2
796 9984.0 141.08
827 4789.0 803.04
767 6073.0 783.75
799 676.0 141.27
797 2604.0 360.79
828 5885.0 928.06
768 8517.0 806.38
800 5206.0 87.03
798 9591.0 744.26
829 1004.0 544.07
769 3345.0 295.72
801 4955.0 967.9
799 4924.0 655.54
830 5342.0 230.07
770 9384.0 439.39
802 2524.0 742.92
800 8409.0 642.45
831 8071.0 23.77
771 2565.0 426.83
803 3687.0 225.63
801 5787.0 877.64
832 7057.0 584.46
772 2377.0 853.29
804 5070.0 164.55
802 9459.0 379.29
833 2583.0 471.89
773 3015.0 248.21
805 7702.0 805.21
803 3134.0 370.31
834 3874.0 607.46
774 5481.0 224.07
806 6359.0 58.85
804 4115.0 700.41
835 9522.0 451.38
775 6194.0 942.41
807 8867.0 500.16
805 9449.0 260.78
836 9093.0 461.3
776 6196.0 778.39
808 4951.0 598.65
806 5959.0 378.13
837 5399.0 169.05
777 6182.0 883.17
809 945.0 8.95
807 8756.0 422.45
838 4755.0 238.71
778 2934.0 650.97
810 6420.0 288.96
808 4546.0 346.42
839 2809.0 858.6
779 3430.0 471.81
809 1107.0 325.31
840 5784.0 411.2
780 8676.0 323.66
812 7640.0 387.51
841 4351.0 266.46
781 2146.0 480.73
813 8689.0 72.31
811 8113.0 996.99
842 3257.0 29.88
782 4506.0 119.04
814 8265.0 621.89
812 8253.0 372.15
843 1346.0 796.81
783 2197.0 670.13
815 7013.0 503.89
813 6293.0 323.74
844 5682.0 680.69
784 6186.0 164.2
816 6071.0 469.95
814 4676.0 458.37
845 3771.0 283.79
785 4968.0 944.68
817 5054.0 903.8
815 7140.0 723.86
846 8937.0 625.06
786 4708.0 936.05
818 4632.0 997.73
816 555.0 495.25
847 5194.0 57.82
787 8650.0 135.59
819 2763.0 154.53
817 9814.0 510.11
848 3270.0 871.06
788 4708.0 490.13
820 2319.0 730.6
818 4039.0 729.35
849 5593.0 184.05
789 7912.0 5.62
821 785.0 163.26
819 8910.0 274.01
850 5470.0 311.92
790 1932.0 883.01
822 1922.0 5.92
820 778.0 10.22
851 874.0 792.46
791 2850.0 893.8
823 2499.0 786.56
821 8357.0 706.81
852 607.0 780.5
792 6663.0 839.38
824 30.0 510.33
822 4963.0 153.34
853 1705.0 903.8
793 2280.0 70.74
825 1121.0 109.5
823 7740.0 785.49
854 1442.0 702.68
794 1723.0 543.32
826 7711.0 974.98
824 9008.0 223.75
855 4124.0 203.33
795 4217.0 738.12
827 9230.0 994.5
825 4765.0 928.43
856 3295.0 641.26
796 3116.0 647.55
828 8733.0 835.31
826 7074.0 202.5
857 6236.0 979.72
797 8332.0 701.71
829 2291.0 675.77
827 7133.0 357.16
858 2913.0 155.37
798 8044.0 933.35
830 6627.0 12.28
828 5733.0 676.07
859 6142.0 929.97
799 3747.0 523.63
831 3854.0 476.13
829 9005.0 544.12
860 2741.0 223.41
800 2077.0 531.21
832 5380.0 295.94
830 9429.0 81.68
861 7291.0 89.0
801 1906.0 459.83
833 599.0 528.84
831 8296.0 309.05
862 3235.0 555.07
802 7552.0 606.46
834 6246.0 52.4
832 5301.0 208.0
863 8100.0 86.83
803 7273.0 276.25
835 8004.0 11.63
833 6193.0 756.38
864 1842.0 807.06
804 1845.0 952.73
836 5238.0 743.75
834 974.0 659.73
865 7799.0 944.55
805 3907.0 309.7
837 460.0 133.26
835 3754.0 686.95
866 7803.0 910.42
806 7901.0 676.67
838 1546.0 970.48
836 9123.0 828.12
867 8577.0 812.43
807 9788.0 142.88
839 8555.0 678.2
837 7425.0 86.94
868 1342.0 482.01
808 2331.0 307.28
840 3917.0 466.68
838 7357.0 492.51
869 7609.0 479.7
809 1748.0 606.24
839 8656.0 157.6
870 5505.0 581.78
810 1289.0 114.94
842 8781.0 607.23
871 4185.0 540.16
811 8754.0 211.19
843 8207.0 782.63
841 3825.0 391.48
872 8018.0 48.36
812 6400.0 247.98
844 381.0 618.76
842 1253.0 42.23
873 747.0 127.56
813 2964.0 912.8
845 9941.0 118.41
843 715.0 597.34
874 4844.0 6.17
814 5989.0 105.88
846 1787.0 140.61
844 2234.0 393.6
875 6509.0 768.81
815 4652.0 441.33
847 4737.0 537.92
845 9032.0 624.61
876 5438.0 847.17
816 312.0 113.62
848 8485.0 439.34
846 4478.0 569.59
877 4886.0 457.46
817 5930.0 376.16
849 541.0 12.2
847 6862.0 229.67
878 3365.0 79.43
818 4581.0 691.34
850 8777.0 70.81
848 6266.0 302.29
879 5413.0 915.55
819 9436.0 522.99
851 3769.0 948.21
849 9344.0 222.23
880 7927.0 802.85
820 615.0 85.0
852 8199.0 724.21
850 1435.0 347.22
881 7155.0 218.85
821 5223.0 549.15
853 2719.0 14.2
851 1236.0 641.22
882 4373.0 328.17
822 4233.0 540.0
854 9798.0 830.29
852 8193.0 756.5
883 8714.0 74.11
823 42.0 812.36
855 2738.0 887.6
853 3703.0 905.44
884 565.0 532.88
824 6722.0 682.95
856 6315.0 150.04
854 148.0 614.34
885 4228.0 461.61
825 6343.0 719.41
857 6559.0 724.07
855 2707.0 277.98
886 4436.0 716.23
826 7166.0 947.09
858 4970.0 162.08
856 1591.0 197.71
887 5741.0 396.16
827 2123.0 67.41
859 6777.0 101.45
857 1866.0 172.66
888 4520.0 172.07
828 7022.0 57.45
860 1303.0 731.29
858 9121.0 993.12
889 6282.0 12.71
829 4589.0 73.85
861 3830.0 716.19
859 4969.0 901.79
890 5965.0 827.15
830 5286.0 645.68
862 5873.0 439.38
860 3443.0 458.96
891 766.0 789.98
831 3746.0 86.47
863 565.0 90.08
861 742.0 164.13
892 6675.0 774.77
832 4528.0 858.89
864 7351.0 82.36
862 8266.0 489.48
893 9417.0 1.13
833 1364.0 536.03
865 6993.0 692.73
863 8248.0 388.94
894 6852.0 775.83
834 1029.0 535.39
866 9062.0 620.4
864 7363.0 33.55
895 3294.0 774.66
835 7483.0 278.28
867 9101.0 706.64
865 3672.0 333.7
896 2223.0 457.96
836 5035.0 534.55
868 9780.0 988.02
866 1628.0 189.27
897 8892.0 117.47
837 1783.0 919.92
869 9077.0 175.72
867 189.0 374.55
898 9463.0 876.26
838 8493.0 800.47
870 558.0 282.91
868 6339.0 197.58
899 5465.0 97.68
839 8431.0 640.2
869 9253.0 614.35
900 6511.0 620.1
840 8611.0 439.8
872 7944.0 441.57
841 1386.0 777.18
873 4019.0 76.98
871 7293.0 393.53
842 9190.0 569.33
874 4513.0 305.56
872 7387.0 929.3
843 9982.0 930.59
875 2638.0 697.59
873 948.0 387.64
844 8675.0 745.74
876 344.0 264.36
874 6108.0 67.87
845 1043.0 317.38
877 3100.0 358.83
875 2603.0 797.25
846 611.0 390.69
878 8847.0 145.58
876 5411.0 183.91
847 1303.0 442.22
879 9842.0 198.75
877 5081.0 306.28
848 8918.0 384.02
880 8233.0 336.26
878 6132.0 868.62
849 7953.0 500.53
881 9188.0 905.87
879 3865.0 749.17
850 9624.0 591.44
882 8868.0 327.15
880 3683.0 777.78
851 514.0 700.51
883 8226.0 990.57
881 7980.0 799.84
852 414.0 144.39
884 4802.0 623.19
882 3557.0 569.85
853 2448.0 555.68
885 3768.0 254.67
883 8836.0 330.87
854 6877.0 711.53
886 9124.0 422.09
884 321.0 884.51
855 3555.0 173.74
887 1898.0 830.4
885 6535.0 821.3
856 3909.0 896.72
888 2780.0 624.31
886 4834.0 441.05
857 654.0 395.62
889 8658.0 142.8
887 7784.0 179.75
858 7358.0 870.0
890 4965.0 293.48
888 3100.0 411.49
859 4579.0 604.5
891 3903.0 131.99
889 9191.0 11.11
860 4569.0 899.33
892 5030.0 396.43
890 7036.0 977.84
861 3846.0 790.69
893 2260.0 525.19
891 576.0 25.99
862 6089.0 374.02
894 2229.0 346.52
892 1823.0 962.53
863 2615.0 32.55
895 9082.0 596.42
893 7931.0 763.34
864 2982.0 147.45
896 5733.0 167.91
894 2019.0 744.2
865 433.0 205.33
897 8078.0 432.65
895 11.0 434.34
866 3666.0 106.91
898 9049.0 862.43
896 8983.0 559.07
867 5976.0 933.65
899 6394.0 701.42
897 260.0 634.74
868 4859.0 132.44
900 3392.0 45.33
898 2523.0 660.62
869 2545.0 541.76
899 8914.0 325.31
870 2161.0 634.19
1
900
1 1 6.47 0.0 51.83
89 19 5.78 6595.06 6666.66 29 7.46 10913.94 11027.09 34 8.18 1622.82 1731.34 48 8.9 6120.17 6225.27 49 4.62 6247.86 6350.44 55 2.97 9037.39 9114.52 60 9.28 11540.14 11631.77 61 9.38 1304.47 1380.06 64 6.15 1712.92 1836.29 70 8.06 3846.32 3959.74 93 2.85 1928.09 1995.46 101 5.75 4887.51 5012.81 105 5.08 5967.72 6052.0 110 5.96 7709.7 7797.05 137 5.9 6096.8 6223.46 171 6.86 8371.47 8443.91 198 7.19 7209.37 7290.2 202 6.86 9387.33 9477.18 214 4.51 3081.5 3176.54 215 7.12 3731.55 3812.72 222 7.99 6088.26 6183.86 233 6.27 9349.41 9472.51 237 9.01 10143.07 10263.22 243 7.79 3925.93 4052.46 244 6.47 3540.27 3655.86 253 2.67 6847.79 6946.33 257 1.55 8124.01 8248.73 268 2.49 10938.25 11020.5 274 4.24 4265.21 4380.96 299 4.74 11197.84 11279.5 323 7.79 9929.85 10005.4 330 4.4 11885.81 12006.1 384 1.65 10675.58 10807.83 391 2.15 5228.75 5359.74 403 5.92 7872.89 7944.82 408 9.68 8781.62 8881.23 411 7.32 9899.82 9991.76 412 9.98 10339.04 10431.77 414 3.77 11266.75 11335.67 428 4.79 6397.33 6527.38 433 6.34 7795.98 7921.96 435 3.15 7993.08 8074.41 453 7.42 6123.72 6213.98 461 8.61 7056.04 7184.0 463 1.66 7709.36 7821.07 471 3.83 10051.51 10174.16 481 9.72 5689.01 5774.77 514 5.77 6903.66 7003.0 520 3.18 7956.34 8079.07 530 3.58 10650.48 10778.17 539 8.74 13487.53 13596.96 540 2.39 13646.59 13720.87 544 9.51 7157.02 7270.82 556 7.07 8883.52 8988.52 566 6.06 12572.31 12700.31 570 7.62 13678.49 13765.09 575 8.75 7788.68 7892.38 577 4.87 8373.85 8479.87 586 1.56 9478.01 9576.38 588 6.94 10765.77 10849.38 601 3.08 7448.36 7561.45 624 8.41 11883.37 11996.81 629 8.62 13634.59 13716.11 630 7.42 13967.73 14088.3 659 3.68 14064.52 14139.51 669 3.97 9681.05 9808.65 676 8.72 10313.7 10423.24 687 6.99 13869.83 13974.02 696 6.35 9890.44 9992.44 700 5.54 9903.26 9999.98 702 7.96 9811.42 9936.56 704 5.62 10584.98 10678.24 710 7.14 12130.36 12220.86 723 9.96 9517.99 9629.14 750 2.6 15804.51 15905.09 763 3.06 11145.43 11227.81 774 5.36 13587.37 13678.21 779 6.1 15226.62 15338.29 794 8.33 11283.34 11414.28 797 8.36 12417.38 12530.01 806 8.55 14238.33 14371.21 808 3.41 15342.35 15464.81 810 1.58 15651.86 15723.39 811 4.32 10703.19 10778.27 813 4.56 10115.09 10208.09 815 6.96 10152.32 10268.48 837 1.59 14750.2 14876.27 863 3.95 13613.2 13718.55 866 9.83 14848.17 14921.36
89 22 4.05 7622.37 7738.33 23 8.6 7929.39 8035.61 24 6.55 8138.83 8224.17 28 8.58 10331.03 10416.53 31 9.2 2232.35 2348.27 45 9.69 5747.53 5818.06 58 7.37 10207.9 10318.17 81 9.17 7417.49 7507.19 84 5.04 9043.87 9157.56 95 9.22 2808.3 2875.05 96 2.74 3020.61 3121.32 111 6.36 7738.01 7810.46 115 8.51 9548.19 9620.3 120 1.18 10956.56 11041.43 130 3.96 4670.66 4787.59 134 8.74 6272.66 6403.55 152 1.06 2645.42 2725.87 161 5.52 4931.78 5034.18 165 9.71 6260.23 6348.92 173 6.71 8786.13 8910.26 176 7.89 9761.13 9864.19 188 5.72 4691.68 4807.45 193 7.77 6602.76 6697.73 199 7.09 7790.53 7894.56 205 9.9 9485.2 9558.02 208 8.96 11038.4 11124.38 232 6.88 9629.53 9730.02 255 1.42 7351.94 7459.67 265 2.11 10155.01 10240.55 273 5.0 4048.03 4120.76 276 9.31 4387.19 4454.34 295 8.31 10242.09 10358.6 296 6.3 10455.88 10555.13 315 9.5 7508.32 7622.65 361 2.31 4891.14 4986.99 371 2.79 6669.41 6759.27 382 1.46 10420.8 10551.47 404 2.46 7800.43 7882.11 417 8.99 11953.4 12025.93 457 2.79 6877.2 7005.2 459 7.28 6850.81 6950.12 466 8.71 9153.25 9226.58 470 4.89 9901.48 9984.43 472 8.68 10455.62 10562.04 478 9.91 12679.38 12754.78 492 2.39 7880.96 8000.33 501 9.88 9901.22 9979.96 508 4.38 12797.63 12905.95 515 7.45 6999.12 7102.69 526 1.68 8721.32 8818.78 533 2.66 11142.94 11211.08 549 5.24 7918.18 8041.71 550 1.47 8070.54 8187.09 554 4.28 8900.02 9009.3 564 9.21 11292.64 11390.79 572 3.73 7461.6 7541.04 573 4.95 7284.76 7398.44 574 9.69 7245.44 7352.85 584 9.96 9257.2 9325.69 591 7.51 11101.05 11220.18 593 2.92 12019.35 12108.82 600 7.31 13829.27 13914.78 619 3.9 11098.25 11220.92 631 7.13 7529.62 7620.95 632 3.44 7965.49 8071.29 637 9.26 8967.66 9093.9 657 4.67 13520.3 13623.07 660 5.71 14190.76 14258.6 671 2.38 9462.33 9594.7 675 6.23 10414.02 10498.66 681 3.16 11572.34 11653.28 682 1.87 12142.8 12225.0 691 3.83 7903.56 7996.55 743 2.27 12971.32 13103.17 756 8.73 10278.56 10396.47 770 6.92 12593.23 12712.5 781 6.95 9738.43 9860.03 784 5.71 9672.68 9784.38 786 3.48 10885.12 11006.8 787 7.83 11167.38 11295.21 798 3.62 12049.18 12182.31 802 2.02 13916.48 13988.83 817 4.99 11498.83 11603.23 820 5.38 11481.65 11589.32 826 1.82 12875.22 12981.06 859 7.43 13251.11 13350.17 877 3.36 11596.86 11667.8 881 2.05 12472.1 12601.07 896 6.28 14744.09 14817.32
89 5 5.06 4257.26 4333.43 8 5.81 4964.81 5085.44 11 9.59 5136.91 5235.59 18 5.68 7113.49 7214.6 42 2.23 5494.04 5580.67 52 6.09 7712.5 7797.89 59 2.81 10731.45 10812.11 71 5.44 5278.72 5411.79 74 2.92 6131.18 6246.04 79 7.04 7041.42 7153.11 88 5.7 10636.89 10755.24 97 9.87 3177.17 3305.57 100 3.94 5281.17 5392.18 107 9.77 6821.69 6948.14 112 7.01 7721.53 7830.27 113 7.46 8479.23 8584.26 121 8.02 3018.65 3135.68 132 5.91 5545.65 5613.06 133 5.13 5718.54 5831.46 140 7.1 7933.89 8059.94 146 2.05 9873.89 9958.71 154 5.28 3250.07 3352.7 164 4.03 5960.64 6072.65 216 1.85 4046.82 4145.51 224 2.47 6645.57 6775.43 256 7.31 7795.71 7909.66 266 1.33 10076.75 10145.09 290 1.65 9428.07 9552.75 298 9.28 11199.67 11307.09 302 7.09 4853.21 4941.45 303 5.0 4436.72 4505.24 324 2.66 9954.75 10081.91 325 9.66 10089.89 10171.32 327 3.03 10756.87 10862.74 332 9.0 5121.15 5219.85 348 5.75 9183.3 9270.03 362 7.59 5608.96 5690.0 375 3.58 7712.43 7780.38 380 9.1 9352.95 9472.41 394 1.24 6104.54 6198.14 407 6.24 8671.38 8738.18 422 5.58 5480.99 5548.01 423 7.55 5608.55 5703.15 424 9.14 5983.25 6112.21 437 7.8 9085.74 9160.05 444 6.12 10888.6 11017.68 450 3.02 13398.77 13468.7 451 3.99 5531.69 5625.95 484 8.69 6679.67 6750.8 487 8.31 7613.83 7745.87 494 7.92 8256.52 8367.62 507 6.41 12596.88 12707.88 518 7.25 7695.65 7776.51 532 6.57 11109.38 11183.68 534 5.46 11404.22 11499.82 542 3.29 6653.1 6769.43 580 1.46 8092.55 8223.14 596 1.17 12798.87 12924.53 597 1.07 13097.57 13170.61 609 7.9 8398.37 8509.49 618 5.3 10476.06 10564.27 635 3.92 8402.25 8508.8 638 6.97 9294.99 9402.64 661 7.96 7686.84 7800.3 672 7.14 9795.77 9908.56 677 6.55 10327.31 10447.03 694 4.76 8901.43 8992.6 709 3.84 11569.45 11676.31 713 1.43 13043.27 13118.38 719 9.12 14978.86 15068.71 727 4.24 9891.95 10007.56 740 8.16 12112.21 12187.89 764 7.09 11086.71 11173.49 772 7.45 13640.02 13728.31 783 6.1 9867.53 9979.53 795 2.86 12110.69 12207.42 803 9.92 14099.26 14205.44 804 1.44 14216.39 14326.09 807 8.06 14770.47 14847.2 818 3.37 11607.45 11681.13 831 3.95 12985.47 13117.16 834 6.58 13886.61 13970.4 838 1.42 15609.03 15683.36 848 4.45 11553.14 11678.8 853 3.03 12265.85 12388.05 883 9.0 12353.22 12448.91 886 5.94 13228.17 13355.31 894 5.8 13973.84 14061.04 895 7.12 14564.98 14662.73
89 13 2.31 5579.17 5689.68 16 2.22 7284.5 7358.85 36 7.71 4528.17 4602.81 53 4.3 8428.24 8547.35 69 5.34 4823.89 4940.01 78 2.49 7069.18 7169.06 104 5.02 6936.63 7069.03 119 3.53 10677.29 10752.27 124 2.29 3559.19 3627.96 127 3.71 3444.44 3573.98 129 9.25 4623.37 4699.42 136 1.58 6771.91 6839.39 143 3.75 8532.89 8605.36 147 5.63 10023.57 10110.39 148 5.84 10549.48 10675.91 156 4.13 3868.97 3948.78 181 8.69 4441.94 4561.47 182 2.26 3473.41 3574.57 191 4.68 5533.71 5625.57 196 5.77 6941.82 7072.5 207 3.17 10227.23 10354.36 221 5.9 5850.11 5928.03 225 9.33 6824.32 6941.59 230 3.14 8992.02 9075.06 238 1.66 10185.62 10317.52 252 8.15 6356.71 6449.67 254 6.04 7065.65 7170.59 258 1.77 8557.46 8685.33 259 8.43 8725.22 8821.88 287 4.77 8762.23 8878.9 314 7.96 7502.49 7599.46 317 6.43 8730.89 8826.24 339 5.28 6001.92 6098.94 346 4.24 8509.14 8608.9 354 4.22 10585.38 10654.96 365 4.06 6188.72 6287.2 366 9.64 5725.57 5820.81 368 9.83 6225.28 6329.37 369 5.39 6250.0 6331.8 370 3.59 6540.43 6630.24 374 9.94 7890.13 7974.88 388 8.69 12001.89 12089.57 399 6.98 6798.9 6930.02 409 4.61 9048.5 9156.02 416 5.18 11774.85 11871.76 426 1.59 6524.34 6654.34 465 7.0 8344.31 8459.93 468 4.5 9353.39 9428.49 473 4.12 10786.69 10916.78 500 1.51 9824.95 9913.25 502 5.84 10737.26 10846.75 509 9.72 12945.66 13014.69 511 7.78 6618.09 6686.63 522 1.19 8079.13 8189.34 541 3.84 6810.01 6918.6 545 2.43 7408.2 7485.75 548 6.61 8197.22 8303.11 552 1.77 8943.89 9071.03 578 1.36 8424.84 8506.34 599 8.27 13639.43 13726.92 602 7.69 7647.2 7716.39 603 2.12 7619.38 7697.83 612 7.2 9019.07 9121.58 626 3.46 12979.41 13069.29 643 4.11 9483.06 9559.96 650 4.52 11458.73 11577.5 663 2.02 8571.95 8659.92 668 1.39 10188.72 10284.5 683 8.96 12173.92 12255.99 686 4.45 13727.38 13813.78 689 8.07 14597.36 14705.98 692 4.63 8190.06 8310.64 708 1.91 11112.28 11221.84 712 5.13 12546.0 12631.16 715 4.25 13265.36 13351.19 716 2.98 13799.09 13870.32 718 9.35 15013.28 15087.04 722 8.55 8805.92 8878.54 789 1.24 11431.1 11549.13 792 8.59 11254.14 11348.78 828 7.39 12991.57 13101.11 829 7.34 12768.32 12838.91 832 9.14 13305.0 13392.44 843 9.58 10920.0 11012.6 847 6.79 11135.58 11225.67 851 8.23 12278.88 12361.63 857 2.32 13234.4 13367.68 869 3.02 16245.65 16365.04 872 6.61 10226.88 10341.99
89 15 7.84 6417.52 6543.51 51 4.88 8412.05 8507.72 73 7.18 6113.47 6199.74 77 2.41 7186.15 7301.71 83 5.56 9392.61 9469.01 89 3.12 10891.36 11014.07 90 8.29 11598.11 11668.37 103 9.55 6455.99 6567.62 116 4.76 9901.01 10017.3 122 8.52 3770.82 3884.77 141 1.96 8637.55 8718.93 144 6.3 8727.6 8833.16 153 9.63 4193.45 4267.22 159 5.93 5052.69 5184.44 184 7.72 3899.7 3997.53 226 3.2 7570.12 7671.06 234 6.64 9380.83 9481.42 245 6.06 4584.23 4685.06 246 1.84 4840.24 4925.11 247 1.73 5154.75 5281.92 250 5.29 6367.52 6487.78 251 8.21 6591.94 6696.15 269 1.23 10763.78 10876.71 275 2.55 4884.45 5012.01 277 1.32 5336.66 5406.76 280 2.5 6813.43 6887.85 289 5.69 9178.6 9311.53 297 9.71 10629.06 10718.97 308 2.06 6299.88 6411.07 312 6.1 6988.55 7073.64 326 2.8 10559.92 10674.18 329 1.17 11740.96 11820.01 344 4.59 7877.97 7960.54 355 1.4 10658.1 10781.46 357 1.59 11621.48 11690.84 358 6.65 11362.84 11461.8 376 9.27 8014.58 8086.26 378 7.49 9315.88 9418.72 389 7.17 12311.08 12389.7 401 4.05 6963.96 7043.72 432 4.27 7048.12 7148.17 441 5.43 10044.91 10151.68 442 9.68 10555.85 10638.22 449 8.05 12561.59 12646.97 479 8.02 13086.98 13187.42 498 7.51 9635.75 9727.42 503 4.11 10920.69 11029.64 504 8.96 11694.36 11806.17 529 5.27 10650.13 10773.28 537 9.56 12882.37 13002.58 538 1.36 13234.7 13358.12 553 6.21 9047.61 9121.87 579 2.19 8071.33 8161.59 587 2.11 10022.29 10109.15 590 9.97 10745.35 10875.78 592 7.56 11240.31 11339.35 598 1.55 13184.19 13316.36 611 5.84 9089.87 9178.19 617 6.67 10173.99 10301.23 633 5.31 8155.01 8252.11 641 8.85 8897.93 8984.54 644 4.95 10133.14 10255.17 685 2.72 13301.55 13421.24 697 6.27 10497.44 10582.87 698 3.04 10286.92 10414.16 714 9.26 13116.77 13233.73 734 3.74 10579.32 10647.49 737 1.03 11225.37 11344.21 739 5.4 11402.62 11492.26 747 5.62 14878.65 14995.2 752 7.19 9478.02 9601.1 755 1.22 9641.75 9769.66 766 9.49 11872.21 11969.27 767 5.16 11880.88 11969.82 773 5.66 13475.64 13593.98 777 5.45 14415.95 14542.46 791 1.12 11359.47 11483.63 799 2.6 12232.81 12300.67 809 9.67 15371.83 15451.6 814 6.42 10221.61 10335.23 816 8.17 10643.91 10736.62 821 5.04 11544.03 11641.8 824 2.72 12078.79 12163.83 825 8.05 12180.91 12280.7 846 1.93 10595.95 10693.5 865 6.12 14409.77 14497.31 871 5.22 10624.26 10739.36 875 6.61 11219.99 11325.87 891 1.74 13695.64 13801.44
89 3 2.27 5685.83 5798.07 6 9.54 6874.62 6995.11 17 5.32 7836.58 7938.92 26 4.81 10833.91 10954.45 27 6.41 11114.86 11224.06 43 8.46 6575.65 6691.84 50 5.53 7695.77 7824.61 57 4.7 11058.86 11164.05 80 4.67 7942.99 8023.29 106 1.03 7302.69 7385.27 125 2.15 5065.47 5157.25 126 6.72 5212.21 5307.74 128 1.34 5674.6 5784.94 155 6.0 4539.21 4668.79 168 9.75 7687.96 7757.57 169 8.8 8580.89 8674.74 170 9.21 9098.19 9181.43 180 8.05 11461.68 11532.63 186 6.22 5104.29 5208.86 195 7.88 7304.17 7410.55 197 9.01 7709.84 7810.71 204 3.07 9416.33 9487.08 210 6.12 11143.12 11270.03 217 3.23 5191.36 5317.92 223 3.68 7440.93 7532.17 228 4.84 8328.52 8452.63 229 4.45 8905.86 8981.97 241 3.96 5169.98 5283.47 248 8.23 5332.4 5442.52 282 1.68 7543.76 7664.31 293 4.01 10164.13 10265.19 316 6.32 8614.79 8715.49 319 7.21 9140.43 9272.57 331 5.28 5988.92 6072.14 341 8.5 7263.01 7355.81 349 2.24 9372.53 9454.69 356 4.05 10955.72 11088.12 377 6.86 8931.93 9010.67 381 1.43 9633.78 9747.07 405 1.12 7866.72 7999.5 418 2.87 12760.2 12827.92 438 2.26 8954.99 9087.0 458 9.26 7736.53 7831.83 462 3.12 7650.61 7722.43 491 4.79 8185.73 8311.21 493 6.96 8206.96 8338.75 512 5.51 7346.25 7430.48 536 9.98 12229.19 12307.58 568 3.09 13363.7 13452.36 571 4.49 8734.85 8839.19 576 1.66 8844.85 8970.75 582 8.87 9107.25 9181.1 585 1.18 9288.42 9401.69 595 6.85 12544.35 12671.65 604 1.87 8804.52 8927.7 610 7.53 8502.87 8605.92 613 8.27 9422.13 9520.16 622 7.74 11985.83 12053.98 623 8.82 12009.94 12093.39 628 8.67 13454.55 13526.48 639 6.71 9213.03 9317.38 642 5.73 9167.23 9263.34 646 7.27 10260.31 10338.95 649 7.04 11353.34 11427.71 656 7.56 13750.84 13854.44 665 7.99 8793.58 8879.69 679 7.03 11631.73 11744.91 688 3.8 14700.62 14810.1 693 9.16 9492.47 9566.09 703 4.51 10278.14 10391.87 707 5.32 10999.76 11080.51 717 4.7 14064.71 14186.96 720 2.27 15314.87 15406.64 729 4.8 10923.9 11034.34 731 4.78 10495.56 10581.76 735 2.31 11015.44 11106.44 738 5.37 11307.25 11423.92 744 6.28 13276.45 13407.82 751 8.77 9896.22 10005.7 775 2.6 14291.85 14369.31 776 7.62 14400.58 14501.65 778 9.21 15366.26 15476.25 790 4.81 11315.48 11432.26 823 2.04 12327.07 12445.96 845 5.52 10872.7 10960.83 849 1.58 11598.4 11673.84 854 2.76 12789.11 12864.32 870 4.29 16537.22 16655.84 876 8.17 11437.69 11549.97
89 14 3.92 7289.78 7410.03 32 9.32 7173.65 7263.42 37 6.12 7206.54 7279.0 41 4.42 7298.96 7408.76 54 1.32 10038.66 10135.42 56 5.07 10444.97 10542.43 72 3.06 7288.89 7416.8 75 6.36 7706.99 7778.81 109 5.87 8457.64 8530.17 131 7.48 6390.12 6460.85 149 8.2 11841.03 11945.77 150 1.63 11959.23 12072.63 158 6.47 5997.68 6083.23 172 4.34 10085.87 10193.18 178 8.43 11536.21 11606.54 192 7.12 7181.49 7294.36 200 7.64 9279.53 9406.65 206 6.32 9753.93 9835.56 212 6.72 6282.66 6392.01 231 3.97 10000.83 10073.6 236 8.59 9972.27 10047.58 240 2.49 11069.93 11196.65 249 6.58 6050.45 6144.34 261 5.06 9347.13 9475.68 264 4.67 9637.56 9713.91 291 9.63 9997.46 10090.88 294 2.88 10137.45 10235.63 309 6.1 6716.8 6838.24 320 6.75 9216.89 9343.12 321 1.45 9975.63 10093.8 338 8.78 6827.5 6936.69 343 2.37 8218.05 8290.68 347 2.59 8798.4 8920.39 364 2.62 8241.45 8366.57 372 4.07 7703.47 7789.05 373 4.0 7754.4 7831.34 383 6.56 11062.16 11171.5 385 1.35 10982.51 11051.01 393 3.16 6842.4 6961.34 406 6.08 8593.46 8716.27 431 8.54 7908.83 8009.05 439 8.62 9637.82 9707.73 445 4.78 11752.74 11840.87 460 7.22 8429.89 8546.5 464 2.75 8621.68 8719.26 467 7.58 9583.12 9661.62 477 3.44 12547.9 12626.78 486 3.0 8461.63 8573.62 496 3.93 8877.12 8975.85 497 2.33 9372.8 9493.25 551 7.25 8810.96 8919.43 557 9.96 9421.16 9537.76 560 5.71 10832.73 10930.83 567 5.67 13070.69 13167.62 569 3.16 13686.24 13794.49 589 1.58 10779.05 10895.97 627 4.77 13446.07 13527.49 634 2.63 9576.13 9643.78 640 9.0 8775.16 8903.74 645 7.2 9944.8 10057.07 653 7.4 12118.7 12249.9 658 8.24 13789.71 13856.71 670 9.99 9041.79 9158.0 678 3.89 10695.78 10765.51 690 7.0 15095.57 15165.53 695 5.0 9253.22 9324.46 726 6.78 9993.56 10088.38 732 3.54 10360.31 10443.57 741 2.36 12340.46 12442.36 746 9.64 14197.01 14312.5 753 2.57 10026.66 10149.14 759 3.42 11235.08 11333.82 762 6.16 10525.84 10642.15 765 3.12 11638.28 11758.21 768 8.27 11508.94 11582.93 782 6.55 10347.09 10447.35 785 2.88 10416.59 10496.15 796 3.59 12082.8 12172.77 800 3.76 12314.03 12405.62 801 4.37 13291.36 13364.1 819 7.73 11692.08 11775.63 835 5.31 13916.62 13993.08 842 5.96 10642.02 10775.15 850 4.43 11656.39 11760.62 861 5.74 13118.64 13191.43 867 8.38 15555.98 15664.08 874 6.44 11077.24 11201.73 879 2.4 12162.2 12248.12 890 8.59 13571.97 13673.23
89 4 9.38 8341.37 8445.39 7 9.42 7657.32 7730.76 30 2.57 12436.45 12527.18 33 9.42 7504.61 7622.56 35 3.66 7565.1 7691.2 38 6.1 7299.75 7406.04 47 4.29 8773.95 8862.86 62 1.76 7761.16 7841.85 63 8.74 8005.38 8137.34 65 1.52 7992.27 8113.21 85 3.38 10815.31 10890.31 98 3.39 7270.2 7397.76 99 4.82 7672.49 7747.56 117 2.99 11258.29 11358.07 123 9.15 7285.96 7389.68 142 2.91 9662.71 9736.45 151 3.52 7226.88 7327.57 162 3.46 7236.06 7360.7 167 2.46 8382.56 8515.6 177 8.65 10726.28 10844.62 179 7.93 11985.43 12117.68 185 2.23 7107.14 7213.42 187 4.3 7262.03 7333.03 189 8.74 7104.56 7190.94 220 6.33 6851.93 6971.29 227 7.68 9240.49 9317.98 235 3.1 10337.36 10415.95 242 1.42 6741.58 6849.38 262 5.49 10189.87 10301.52 267 2.43 10396.25 10499.98 270 1.04 11174.58 11266.72 286 3.94 9327.52 9402.26 306 8.14 7615.47 7728.03 307 2.43 7284.99 7416.75 335 1.76 8537.6 8643.16 351 4.85 10399.91 10523.11 353 6.39 10502.06 10614.27 367 3.86 7514.81 7612.18 397 9.99 7774.36 7846.85 410 7.76 9532.37 9631.03 413 3.0 10726.03 10841.05 419 2.69 12520.8 12627.11 446 1.78 12147.82 12241.94 447 9.06 12808.05 12916.66 454 3.61 8299.94 8431.39 455 8.63 8084.2 8212.26 469 4.93 9857.25 9982.48 480 3.88 13758.6 13835.73 482 8.17 8571.46 8647.36 485 3.75 8339.63 8457.27 488 6.64 8534.25 8651.79 495 5.74 9034.8 9160.21 505 9.95 12284.92 12390.57 510 1.66 13624.98 13747.57 525 7.71 9200.91 9291.35 528 8.01 10446.33 10525.05 547 8.68 9280.2 9357.4 555 5.41 9385.96 9517.21 558 3.36 10228.77 10319.06 559 7.39 10247.14 10325.36 581 4.76 9238.28 9334.66 583 7.96 9720.72 9821.1 607 1.22 9900.64 9971.85 654 8.27 12655.38 12781.87 662 9.4 10493.7 10602.9 664 1.52 9819.37 9903.68 666 1.98 10547.36 10641.55 673 2.91 9760.61 9863.68 684 3.77 13194.79 13325.31 699 6.36 10601.69 10687.01 701 7.06 10140.21 10268.33 706 8.32 10899.38 10995.46 730 8.85 10033.09 10165.37 733 2.95 10533.45 10646.67 745 1.09 13569.15 13642.73 749 8.68 15084.82 15171.65 754 8.32 9706.89 9797.44 761 3.11 11039.58 11120.19 769 1.72 12127.05 12243.43 822 5.75 11582.4 11652.72 833 6.78 13839.3 13949.85 841 8.99 11042.95 11162.33 862 5.57 13543.85 13652.5 868 7.65 16100.26 16193.11 878 9.3 12108.19 12199.28 882 6.97 12674.62 12777.84 884 7.08 13055.23 13163.91 887 2.0 13522.14 13627.96 889 9.96 13300.17 13374.61
89 2 6.37 8773.67 8868.48 9 7.97 7971.97 8105.09 10 2.69 8003.59 8115.3 12 3.51 8583.49 8694.37 25 8.83 11625.89 11702.93 39 8.29 7896.43 7972.27 40 9.66 8179.46 8300.65 46 1.64 9232.65 9318.83 66 8.75 8054.78 8124.25 67 9.53 8159.38 8265.84 68 8.76 8025.94 8127.57 82 2.29 10275.53 10368.98 87 6.71 11749.51 11854.03 91 3.44 8140.42 8254.1 92 3.99 7441.33 7522.53 94 2.47 7669.01 7789.36 102 9.89 8522.97 8591.63 108 2.01 8667.65 8738.51 135 8.23 8115.21 8202.06 138 2.41 8813.4 8911.65 157 6.04 8050.96 8148.8 160 1.42 7445.6 7532.46 163 3.62 7418.12 7514.88 166 8.94 7983.07 8052.93 183 5.37 7527.58 7615.61 194 2.58 8209.6 8342.41 201 7.68 10894.96 10972.58 213 6.91 7690.49 7762.9 219 1.87 7273.02 7355.15 239 2.66 11374.36 11472.58 260 9.62 10549.99 10656.59 263 7.18 10763.2 10832.55 278 8.1 8573.83 8682.71 279 8.58 8612.25 8719.58 283 6.08 9212.81 9333.82 285 1.67 9531.31 9660.71 300 1.1 11555.88 11671.07 310 2.76 8048.07 8147.88 313 1.99 9147.65 9248.49 322 7.49 10920.3 11045.39 328 5.55 11266.19 11339.55 333 9.63 8313.57 8425.43 342 1.36 8866.46 8976.78 350 4.74 10244.77 10339.08 352 6.12 10807.07 10907.63 359 5.92 12211.04 12296.82 379 6.74 10335.93 10454.16 386 7.54 11472.45 11602.48 387 6.11 11942.22 12009.32 392 7.58 8199.75 8291.58 395 2.05 8178.66 8297.63 400 9.5 8810.55 8907.6 415 3.81 11946.77 12031.17 421 5.11 8171.99 8304.86 425 7.91 8148.7 8266.62 427 7.58 7974.28 8071.75 429 4.47 8504.62 8619.08 430 5.17 8597.54 8728.26 434 5.7 9936.41 10009.97 436 7.68 10295.37 10415.65 452 8.12 8566.45 8647.02 490 7.56 8903.01 9016.61 506 9.09 13082.9 13172.0 513 2.67 8678.67 8800.19 517 4.38 9226.55 9294.77 519 7.45 9348.03 9420.22 521 6.16 9775.8 9864.06 523 5.82 10282.42 10405.67 563 7.81 11958.47 12050.88 594 3.38 12289.96 12398.47 614 2.65 10137.13 10265.28 616 3.67 10290.7 10403.32 620 2.83 11391.09 11488.48 652 3.93 12586.24 12690.85 655 3.27 12909.88 13008.54 674 8.37 10714.85 10813.31 680 7.78 11816.02 11892.82 725 3.02 10587.9 10702.0 736 5.68 11160.35 11239.31 757 1.58 11241.49 11335.64 771 4.76 12766.98 12855.04 805 1.05 14225.36 14324.82 827 6.28 13328.49 13409.32 830 2.97 12613.75 12713.14 836 9.95 14655.0 14763.28 856 5.14 12608.66 12718.89 873 2.25 10804.49 10890.01 888 5.27 13403.15 13518.02 899 8.63 16392.23 16461.5
89 20 5.45 9480.71 9573.63 21 8.62 10015.94 10105.47 44 6.73 9298.67 9395.9 86 3.07 12057.19 12161.3 114 4.42 11564.09 11680.01 118 8.06 12922.18 13006.4 139 8.99 9646.48 9752.42 145 9.33 12137.36 12259.75 174 4.1 11708.04 11822.72 175 3.96 12580.07 12674.77 190 2.15 7529.16 7651.93 203 4.42 11899.63 12024.93 209 7.59 12363.85 12432.89 211 9.85 8473.11 8600.06 218 7.32 7531.87 7660.09 271 6.85 9091.75 9171.01 281 2.12 9115.27 9236.96 284 6.27 8759.6 8873.8 288 7.65 10852.57 10944.39 292 3.75 11075.88 11149.66 301 6.6 9245.08 9342.52 304 4.68 9015.28 9117.54 305 2.26 9015.01 9132.3 311 2.75 8882.15 8977.7 318 2.74 10580.74 10687.55 334 3.86 8801.09 8925.93 336 6.66 8960.56 9030.92 337 4.4 8755.76 8847.49 340 5.54 8250.83 8369.25 345 8.47 9485.08 9602.85 360 2.78 12338.25 12455.85 363 7.57 8875.05 8974.8 390 3.69 12370.17 12470.87 396 1.37 8449.53 8544.02 398 2.03 8121.37 8209.22 402 1.45 9169.19 9266.79 420 7.76 12626.3 12744.31 440 6.93 11184.6 11256.22 443 4.11 11556.89 11685.44 448 1.08 12988.34 13062.9 456 6.0 8996.31 9080.5 474 6.18 12061.81 12165.13 475 7.71 12473.31 12597.04 476 9.46 12706.35 12815.13 489 3.7 8738.77 8858.38 499 2.75 11375.7 11463.71 516 2.4 9365.78 9468.38 524 3.28 10096.84 10222.53 527 9.22 11392.27 11523.95 531 9.56 12558.02 12652.4 535 5.61 12224.4 12306.1 543 2.09 9309.98 9403.09 546 7.95 9842.07 9915.79 561 6.79 12389.99 12480.17 562 4.01 12018.15 12096.1 565 5.22 12864.86 12978.96 605 5.31 10287.77 10389.99 608 7.94 10246.69 10336.4 615 1.57 10296.06 10372.04 621 5.6 11554.87 11675.21 625 5.39 13063.97 13155.52 636 6.17 11247.21 11359.39 647 2.39 11024.25 11110.15 648 6.17 11507.7 11633.39 651 7.92 12336.42 12457.13 667 8.55 11762.13 11889.61 705 7.42 11052.0 11124.14 711 8.77 12487.6 12558.17 721 2.08 11632.41 11745.92 724 3.43 11563.77 11635.66 728 4.46 11916.68 11986.35 742 9.63 13122.81 13199.86 748 8.57 15332.94 15426.08 758 1.19 11296.43 11378.3 760 7.34 12622.15 12702.31 788 8.78 12176.16 12247.78 793 9.61 12312.01 12384.98 839 4.55 16265.12 16335.87 844 3.83 11854.82 11946.75 852 9.77 13812.62 13934.3 855 4.04 12907.67 12986.12 858 7.01 13237.61 13350.77 864 9.04 13806.99 13879.76 880 1.75 13121.84 13191.01 885 4.48 13372.5 13444.52 892 4.91 14176.59 14283.91 893 5.22 13719.31 13804.98 897 4.23 15270.36 15340.94 898 4.18 16110.74 16225.4
1 900 6.11 16564.77 16682.07
