150 600 0 1 75
4
4
4
4
4
4
4
4
4
4
4
4
4
4
4
4
4
4
4
4
4
4
4
4
4
4
4
4
4
4
4
4
4
4
4
4
4
4
4
4
4
4
4
4
4
4
4
4
4
4
4
4
4
4
4
4
4
4
4
4
4
4
4
4
4
4
4
4
4
4
4
4
4
4
4
4
4
4
4
4
4
4
4
4
4
4
4
4
4
4
4
4
4
4
4
4
4
4
4
4
4
4
4
4
4
4
4
4
4
4
4
4
4
4
4
4
4
4
4
4
4
4
4
4
4
4
4
4
4
4
4
4
4
4
4
4
4
4
4
4
4
4
4
4
4
4
4
4
4
4
145 1713.0 40.53
6 5267.0 597.9
7 6.0 542.74
2 1.0 58.1
146 639.0 631.9
8 7738.0 424.15
3 7560.0 842.42
1 1317.0 906.4
147 2927.0 423.73
9 3194.0 655.87
4 5331.0 930.5
2 4589.0 345.04
148 8263.0 255.36
10 6829.0 445.23
5 471.0 790.4
3 2191.0 695.72
149 7269.0 558.12
11 2054.0 288.14
6 6797.0 146.67
4 6793.0 579.68
150 8025.0 564.99
1 1602.0 147.27
12 7093.0 151.02
5 9352.0 20.91
12 5180.0 554.85
13 946.0 687.64
1 9.0 388.76
8 3837.0 928.86
14 7644.0 180.61
2 7277.0 190.72
9 8314.0 476.69
7 5197.0 257.83
15 2140.0 980.43
3 4180.0 985.49
10 535.0 160.38
8 346.0 670.4
16 812.0 768.0
4 6810.0 838.34
11 6715.0 173.38
9 5300.0 130.9
17 9527.0 317.41
5 8369.0 882.98
12 3837.0 400.4
10 78.0 418.46
7 1053.0 516.42
18 3901.0 495.55
6 8292.0 116.32
11 669.0 758.12
18 8420.0 144.75
19 6926.0 214.86
7 818.0 196.01
14 4177.0 596.32
20 7773.0 843.12
8 6299.0 864.03
15 5893.0 529.98
13 6872.0 540.74
21 4227.0 533.53
9 2137.0 116.9
16 8466.0 950.32
14 9310.0 797.76
22 1941.0 279.07
10 3891.0 553.55
17 921.0 302.15
15 5272.0 3.74
23 1920.0 70.79
11 9481.0 199.0
18 4163.0 48.25
16 6543.0 414.12
13 3688.0 892.44
24 2442.0 408.91
12 2694.0 773.26
17 7016.0 693.48
24 4242.0 76.04
25 1366.0 6.63
13 2842.0 275.28
20 9108.0 673.87
26 6014.0 903.5
14 7843.0 331.09
21 2626.0 227.4
19 7626.0 803.58
27 8288.0 601.35
15 2823.0 748.27
22 7365.0 665.6
20 475.0 155.37
28 9885.0 605.38
16 114.0 486.16
23 6330.0 49.98
21 3284.0 685.0
29 2338.0 712.7
17 9838.0 737.9
24 9916.0 564.7
22 7568.0 335.73
19 3274.0 997.02
30 2196.0 839.92
18 8202.0 851.37
23 3656.0 662.46
30 7140.0 785.64
31 6964.0 805.18
19 3984.0 405.65
26 2472.0 801.6
32 6966.0 626.36
20 1770.0 97.53
27 7231.0 831.4
25 9831.0 570.51
33 6699.0 600.14
21 1579.0 454.23
28 6519.0 741.2
26 7538.0 375.08
34 565.0 102.53
22 2573.0 590.64
29 6320.0 969.89
27 728.0 104.0
35 2272.0 276.73
23 1017.0 645.77
30 2729.0 445.15
28 8852.0 575.36
25 5771.0 687.19
36 7002.0 717.76
24 6351.0 960.39
29 4367.0 775.49
36 8724.0 507.34
37 7630.0 952.16
25 7952.0 104.18
32 7669.0 827.3
38 5542.0 487.68
26 7534.0 275.32
33 2379.0 624.27
31 4780.0 341.89
39 3299.0 786.24
27 6338.0 71.16
34 3595.0 500.36
32 2751.0 57.53
40 1432.0 404.9
28 5986.0 669.01
35 4868.0 596.73
33 1666.0 487.75
41 4856.0 306.76
29 3190.0 687.33
36 9097.0 37.3
34 8982.0 560.91
31 7587.0 860.6
42 8137.0 105.98
30 1175.0 378.98
35 606.0 420.18
42 8371.0 966.67
43 7394.0 451.19
31 5264.0 394.21
38 9052.0 454.64
44 1354.0 624.21
32 5883.0 830.79
39 5166.0 255.72
37 5048.0 4.75
45 3109.0 453.04
33 7034.0 596.44
40 9872.0 980.23
38 3192.0 126.43
46 5184.0 331.79
34 1618.0 108.12
41 2663.0 491.99
39 4943.0 329.65
47 2590.0 185.01
35 8607.0 648.94
42 9483.0 331.71
40 908.0 702.09
37 7002.0 198.9
48 3933.0 983.37
36 5572.0 95.28
41 738.0 334.59
48 3893.0 949.97
49 4762.0 126.82
37 3162.0 488.7
44 5010.0 751.81
50 2795.0 574.07
38 5289.0 444.82
45 2773.0 10.24
43 3844.0 650.62
51 3700.0 731.66
39 5885.0 992.92
46 5301.0 589.06
44 9143.0 943.2
52 6722.0 542.58
40 4311.0 331.79
47 9415.0 910.99
45 4647.0 280.84
53 5142.0 647.59
41 3705.0 740.43
48 7619.0 181.55
46 502.0 680.58
43 9358.0 814.0
54 7212.0 148.53
42 4471.0 619.95
47 7706.0 222.7
54 6060.0 78.05
55 4610.0 696.69
43 3881.0 686.73
50 8283.0 503.04
56 3218.0 776.26
44 784.0 552.82
51 159.0 461.85
49 1255.0 822.85
57 5175.0 206.36
45 2541.0 444.57
52 8687.0 575.66
50 6888.0 609.22
58 4021.0 454.36
46 6766.0 908.13
53 7366.0 405.28
51 6299.0 738.37
59 9870.0 938.67
47 7290.0 269.85
54 10000.0 228.63
52 7258.0 261.0
49 3623.0 842.64
60 6705.0 811.07
48 9453.0 908.54
53 8891.0 955.69
60 5398.0 685.84
61 5420.0 357.16
49 9407.0 665.53
56 2334.0 924.23
62 8297.0 10.53
50 4607.0 35.25
57 3512.0 924.92
55 3065.0 703.76
63 2744.0 596.37
51 6617.0 466.51
58 5915.0 557.41
56 5136.0 897.81
64 5465.0 997.07
52 6060.0 453.59
59 4123.0 782.35
57 8465.0 926.83
65 2668.0 791.42
53 1505.0 918.07
60 2695.0 660.43
58 8420.0 554.25
55 4553.0 143.03
66 2469.0 749.77
54 3440.0 789.6
59 4157.0 476.86
66 4019.0 321.41
67 6944.0 477.47
55 5231.0 282.5
62 5376.0 902.23
68 8176.0 602.06
56 150.0 340.83
63 2874.0 400.41
61 4682.0 785.3
69 1609.0 912.4
57 6434.0 456.94
64 1538.0 504.24
62 1785.0 867.55
70 7082.0 391.94
58 9184.0 294.55
65 8029.0 203.63
63 5720.0 480.13
71 5828.0 469.96
59 9706.0 506.97
66 5348.0 42.79
64 331.0 996.67
61 2406.0 637.36
72 9921.0 697.27
60 8444.0 602.62
65 4988.0 664.67
72 832.0 468.1
73 2797.0 318.85
61 4560.0 666.25
68 9559.0 112.92
74 1713.0 826.4
62 221.0 122.65
69 5549.0 703.94
67 7487.0 591.44
75 4960.0 53.02
63 7074.0 317.08
70 6252.0 123.23
68 8912.0 317.91
76 1632.0 364.21
64 4369.0 297.06
71 1599.0 608.84
69 8425.0 996.03
77 7834.0 898.69
65 7521.0 747.93
72 7151.0 449.79
70 2129.0 901.95
67 4218.0 513.74
78 4367.0 209.8
66 6961.0 885.65
71 1305.0 850.92
78 4727.0 26.08
79 5851.0 738.24
67 7543.0 500.19
74 911.0 94.58
80 669.0 900.85
68 43.0 844.83
75 31.0 638.89
73 2748.0 956.45
81 3900.0 244.31
69 800.0 432.66
76 269.0 695.62
74 4146.0 673.31
82 3860.0 582.23
70 9038.0 372.59
77 9384.0 290.6
75 7102.0 50.86
83 6594.0 626.67
71 7471.0 572.99
78 1810.0 320.57
76 2401.0 828.26
73 2900.0 768.12
84 5390.0 609.08
72 64.0 957.5
77 3177.0 979.41
84 1051.0 237.36
85 8164.0 185.31
73 5188.0 818.27
80 8875.0 546.72
86 6865.0 549.35
74 5443.0 680.52
81 1505.0 340.53
79 6524.0 744.23
87 94.0 834.83
75 2160.0 970.05
82 3861.0 494.48
80 6817.0 947.9
88 5213.0 966.7
76 6272.0 985.93
83 5000.0 415.51
81 3880.0 181.96
89 2208.0 715.33
77 7097.0 777.56
84 5875.0 448.63
82 1477.0 510.22
79 2165.0 771.42
90 707.0 501.13
78 2805.0 610.27
83 8460.0 604.01
90 8025.0 771.79
91 7242.0 427.64
79 3721.0 788.06
86 5905.0 489.17
92 507.0 1.58
80 3104.0 77.73
87 5565.0 652.02
85 9559.0 167.66
93 4574.0 78.72
81 1039.0 388.27
88 9838.0 242.83
86 1483.0 800.88
94 4468.0 74.35
82 7763.0 257.97
89 1419.0 259.05
87 4090.0 732.65
95 2861.0 616.19
83 554.0 495.94
90 2523.0 964.95
88 5652.0 854.28
85 5278.0 613.17
96 6960.0 718.1
84 1604.0 543.63
89 4888.0 402.36
96 6692.0 994.55
97 6816.0 153.81
85 2972.0 510.2
92 4643.0 568.76
98 576.0 413.39
86 4781.0 835.1
93 1261.0 132.71
91 9616.0 716.93
99 5427.0 885.15
87 5203.0 615.72
94 3195.0 598.76
92 1999.0 494.73
100 8567.0 598.95
88 1504.0 281.98
95 1268.0 431.55
93 6296.0 285.02
101 3778.0 825.01
89 8341.0 979.77
96 6220.0 347.5
94 6516.0 42.87
91 8641.0 505.6
102 5765.0 397.61
90 5781.0 681.46
95 8035.0 29.39
102 2439.0 710.84
103 6797.0 845.91
91 3314.0 468.05
98 2480.0 140.47
104 357.0 371.83
92 9874.0 78.01
99 3896.0 466.02
97 4767.0 979.04
105 9739.0 338.11
93 17.0 220.3
100 284.0 89.71
98 2034.0 551.75
106 3515.0 420.07
94 294.0 956.2
101 4268.0 673.41
99 9022.0 145.5
107 6080.0 143.53
95 4899.0 244.16
102 9480.0 423.12
100 1421.0 981.81
97 7120.0 811.87
108 5532.0 125.09
96 7394.0 364.97
101 4106.0 755.84
108 2638.0 7.51
109 3572.0 557.21
97 5366.0 423.65
104 1313.0 447.07
110 9748.0 931.92
98 1226.0 233.31
105 923.0 992.19
103 8861.0 724.45
111 2517.0 866.06
99 1884.0 629.76
106 711.0 131.07
104 1623.0 171.08
112 8135.0 26.88
100 6145.0 475.55
107 2532.0 828.39
105 3656.0 425.6
113 2448.0 339.14
101 1260.0 259.01
108 7836.0 670.04
106 1352.0 382.57
103 3831.0 710.51
114 6953.0 681.16
102 9546.0 625.74
107 4556.0 135.1
114 811.0 137.35
115 2638.0 99.71
103 8386.0 533.83
110 3497.0 300.39
116 1167.0 632.98
104 2592.0 238.65
111 8094.0 234.41
109 4526.0 797.75
117 1138.0 793.64
105 4246.0 783.69
112 6520.0 253.63
110 9322.0 664.49
118 61.0 979.46
106 8984.0 458.3
113 6800.0 142.87
111 2154.0 180.6
119 5997.0 95.67
107 7610.0 190.27
114 2503.0 39.29
112 9094.0 854.01
109 4600.0 582.27
120 826.0 680.38
108 4521.0 192.65
113 8613.0 821.19
120 2330.0 191.95
121 3755.0 389.27
109 6659.0 739.74
116 4715.0 448.41
122 1237.0 421.96
110 2097.0 846.55
117 6007.0 142.55
115 5063.0 195.01
123 297.0 918.21
111 5473.0 410.59
118 7563.0 372.79
116 8180.0 649.78
124 4945.0 398.28
112 1761.0 741.6
119 9519.0 255.23
117 4625.0 394.56
125 9345.0 739.83
113 4322.0 80.33
120 4396.0 512.45
118 6331.0 914.28
115 7958.0 829.41
126 3599.0 26.86
114 6878.0 399.46
119 8252.0 646.65
126 4916.0 604.81
127 5003.0 820.63
115 8367.0 48.19
122 6894.0 226.99
128 6723.0 453.82
116 9739.0 195.64
123 9877.0 783.69
121 7026.0 413.72
129 7572.0 573.99
117 804.0 893.55
124 8517.0 839.14
122 9549.0 709.06
130 2307.0 789.63
118 7699.0 140.09
125 5377.0 298.87
123 2895.0 358.82
131 5629.0 687.92
119 2503.0 320.68
126 1035.0 970.22
124 5147.0 325.89
121 33.0 563.44
132 6170.0 233.83
120 7695.0 470.42
125 4143.0 112.69
132 2663.0 53.91
133 2250.0 221.9
121 7497.0 87.38
128 5771.0 852.88
134 6534.0 644.22
122 6821.0 834.52
129 4403.0 230.35
127 8771.0 248.9
135 7445.0 444.61
123 364.0 437.95
130 8697.0 317.93
128 7302.0 750.13
136 477.0 432.63
124 2218.0 790.75
131 8012.0 885.45
129 7161.0 368.38
137 1251.0 838.11
125 6530.0 377.47
132 7421.0 91.23
130 7069.0 682.27
127 6651.0 70.13
138 4845.0 276.15
126 3717.0 12.73
131 192.0 730.44
138 4255.0 848.29
139 9145.0 207.51
127 2339.0 92.64
134 8865.0 295.25
140 5939.0 582.99
128 1661.0 830.96
135 4636.0 181.91
133 5253.0 420.16
141 4969.0 578.1
129 1599.0 318.54
136 7138.0 926.56
134 653.0 428.87
142 4419.0 788.83
130 6624.0 148.63
137 6681.0 359.27
135 4892.0 63.64
143 7724.0 29.28
131 9497.0 545.72
138 1997.0 415.88
136 6824.0 947.77
133 1870.0 499.82
144 4431.0 352.08
132 6214.0 860.14
137 9171.0 121.95
144 9640.0 357.98
145 4680.0 122.53
133 180.0 976.5
140 8664.0 151.84
146 4462.0 794.24
134 7223.0 91.94
141 5443.0 854.16
139 8905.0 182.13
147 2055.0 269.33
135 538.0 789.29
142 4506.0 650.94
140 1393.0 663.05
148 3728.0 267.61
136 5195.0 4.58
143 2157.0 247.59
141 9899.0 480.53
149 9654.0 705.5
137 654.0 118.34
144 3159.0 462.52
142 4463.0 459.93
139 1342.0 93.98
150 704.0 932.71
138 9777.0 286.91
143 5150.0 456.19
1 6064.0 787.1
150 7963.0 890.52
139 3293.0 636.51
146 8820.0 516.85
2 3477.0 563.71
140 7437.0 985.91
147 4678.0 199.79
145 4400.0 543.67
3 5100.0 696.0
141 1715.0 698.99
148 3654.0 301.26
146 8071.0 800.5
4 8348.0 857.51
142 9402.0 842.94
149 9997.0 547.22
147 2117.0 41.14
5 3296.0 517.07
143 2551.0 788.72
150 6309.0 92.82
148 1537.0 562.77
6 6321.0 695.94
145 9466.0 100.1
144 1240.0 961.06
149 6167.0 638.42
120
74
1 120 9.67 0.0 19.04
2 17 2.47 2495.97 2555.75 111 8.71 1309.32 1344.54
1 15 9.12 2920.88 2971.51
1 80 5.93 8111.99 8172.21
3 21 3.04 12522.51 12572.1 88 7.13 9549.53 9582.91 89 9.49 9798.26 9852.28
3 92 9.95 10394.22 10460.68 107 5.78 10996.47 11057.02 140 3.61 12324.45 12388.86
3 39 8.7 14607.24 14648.1 52 3.91 14068.07 14112.62 96 6.23 11862.5 11903.89
1 87 1.29 12841.33 12883.51
1 49 5.2 16272.69 16315.7
2 45 5.7 17348.14 17382.85 109 7.04 21027.97 21087.37
1 28 4.91 19050.55 19087.8
2 4 5.58 21244.11 21296.36 105 6.96 24102.91 24136.48
1 118 7.83 23428.94 23487.4
3 9 4.43 26842.13 26882.82 22 1.53 27126.73 27186.05 55 4.77 27694.82 27756.15
3 10 9.14 27001.78 27052.81 60 4.86 28384.09 28448.1 75 3.06 29405.1 29464.42
2 42 2.86 28712.93 28748.55 127 6.57 29287.2 29327.68
1 1 8.33 30619.72 30686.37
2 16 7.3 32282.33 32317.4 148 5.91 31700.41 31739.19
1 41 9.24 33900.33 33964.46
1 26 4.46 35549.9 35594.99
1 142 5.03 38716.93 38781.9
1 72 8.67 43647.39 43684.96
3 44 7.33 45322.04 45384.06 56 1.35 44741.02 44788.95 143 6.86 47982.44 48029.7
2 119 6.44 48788.89 48844.41 149 5.82 48405.82 48453.23
1 136 8.48 49655.55 49721.59
1 3 3.39 51281.05 51327.18
3 20 9.5 53077.81 53123.06 84 3.78 56389.2 56448.33 101 7.88 54706.15 54749.15
3 40 5.41 55090.39 55141.12 68 6.57 57292.66 57329.41 85 8.09 56319.14 56366.84
3 57 9.33 56647.63 56695.99 67 7.65 57670.97 57711.67 145 3.2 57368.84 57404.42
3 33 5.52 59086.09 59131.78 34 5.57 58589.05 58653.33 144 2.53 58357.3 58411.33
3 48 7.77 59857.33 59923.09 112 9.23 60392.99 60441.94 137 4.71 58768.32 58823.08
2 7 7.01 60819.33 60857.79 146 2.13 60003.58 60047.56
1 61 9.84 64981.0 65026.91
1 63 8.83 66102.53 66151.97
3 25 7.77 68853.45 68907.54 79 7.52 68986.27 69043.56 110 9.76 70359.88 70417.73
1 46 7.26 71488.71 71525.17
1 12 9.86 74210.35 74263.67
3 51 8.06 77824.08 77882.5 108 4.63 76738.61 76774.12 116 5.15 76434.3 76473.9
2 19 5.95 79917.02 79952.03 24 9.18 79795.54 79843.57
2 53 9.42 82514.59 82551.0 82 8.39 84065.71 84115.81
2 13 7.61 84964.01 85019.59 138 9.39 86876.47 86920.54
2 62 1.95 88674.96 88737.31 94 7.15 88313.13 88355.78
3 31 1.14 90449.33 90512.2 58 9.8 89884.02 89930.53 99 3.34 89060.09 89112.04
2 18 4.99 91381.98 91441.56 114 8.72 89736.58 89798.68
3 100 4.64 90938.96 90985.48 113 7.82 90422.63 90463.83 129 4.2 91727.38 91790.14
3 69 7.93 93172.95 93220.6 126 8.47 91063.67 91108.39 141 5.4 92636.01 92698.28
2 23 3.53 93635.0 93674.24 50 2.68 94000.39 94042.3
1 131 7.39 97124.07 97163.09
3 29 7.75 100262.97 100299.43 117 1.57 97938.4 97991.41 128 8.18 98057.29 98103.75
3 65 4.86 101790.83 101829.8 115 6.28 98448.83 98497.51 122 5.16 98628.57 98675.39
3 27 1.26 102274.69 102332.29 37 1.54 102570.79 102609.2 76 4.54 101445.45 101495.62
2 35 6.37 103719.76 103770.68 104 8.18 103938.11 103989.41
3 123 5.76 106343.03 106396.04 124 5.98 105988.24 106033.18 134 8.72 106373.57 106412.89
2 71 8.38 109508.23 109561.11 98 4.76 107869.59 107902.95
1 14 9.81 111916.82 111956.81
2 125 3.62 114662.15 114708.04 130 6.81 114779.03 114843.67
3 8 9.79 117338.56 117380.0 66 3.91 118240.03 118295.96 78 3.87 117815.78 117865.02
1 47 6.02 120022.16 120075.7
1 86 7.64 123876.35 123934.32
2 2 8.19 127744.79 127793.15 121 8.26 126438.34 126480.06
2 95 6.25 127908.8 127967.18 133 1.65 127233.06 127287.58
3 5 6.57 128980.31 129015.54 32 6.95 131211.11 131253.25 147 2.45 128290.69 128326.62
3 73 9.31 133412.58 133468.68 81 3.33 132294.34 132338.57 135 6.18 129505.41 129541.63
2 30 5.34 133546.1 133595.5 103 2.73 131860.51 131900.51
1 150 1.48 134193.49 134243.5
1 77 2.0 138734.83 138790.84
1 11 9.49 144080.81 144143.6
3 64 4.57 148264.55 148303.96 93 1.96 147788.12 147853.86 102 6.84 147625.72 147688.96
2 36 6.72 150582.05 150635.71 70 4.14 148657.67 148703.84
3 6 7.54 152946.79 152987.19 132 1.05 152535.94 152571.79 139 5.77 153036.68 153070.13
2 83 5.07 154740.21 154806.04 90 9.56 154783.26 154824.26
1 43 5.29 158749.22 158806.69
2 54 1.61 158962.89 159013.35 91 6.29 162090.61 162132.23
1 106 2.38 163324.52 163369.85
1 74 5.42 165831.83 165870.01
