500 2500 0 1 17
8
7
6
3
6
4
6
2
4
8
8
2
4
8
2
9
5
7
6
7
7
2
3
6
5
2
6
5
3
6
7
2
6
3
3
9
2
9
7
6
4
4
6
2
4
5
4
7
4
4
6
7
6
7
6
4
3
5
7
3
2
6
3
5
7
5
4
5
7
7
5
2
7
2
3
6
7
2
5
9
4
5
3
4
6
7
7
3
6
7
2
2
2
4
9
4
4
2
8
2
9
5
3
6
5
6
5
5
2
4
2
4
2
2
5
5
5
2
4
5
4
7
2
5
4
2
6
2
5
8
5
9
3
9
5
2
9
4
6
9
8
3
8
6
5
7
9
6
7
3
5
2
5
6
6
3
8
8
3
9
6
4
4
6
4
6
6
4
4
2
7
5
3
7
3
2
7
4
5
2
9
2
8
8
5
5
2
3
4
2
4
2
5
2
9
7
3
2
4
8
4
7
3
5
4
6
7
5
5
7
7
3
6
6
5
5
8
2
6
2
6
6
4
3
8
5
8
4
4
6
9
9
6
6
2
4
4
5
4
9
2
5
2
4
7
3
7
2
8
5
5
5
5
8
2
5
2
2
3
4
4
4
4
8
8
6
6
5
5
6
5
2
7
5
9
7
2
5
2
5
2
3
5
2
3
7
8
6
7
4
5
9
2
2
9
8
6
9
3
6
5
6
4
2
4
7
7
3
4
4
9
4
8
2
9
6
4
2
4
3
8
7
5
7
3
7
4
5
5
4
3
4
8
5
4
4
6
7
7
3
7
2
7
6
6
6
2
5
4
3
6
6
7
3
7
4
5
5
2
4
7
6
3
5
2
3
7
4
5
7
6
2
5
3
4
4
8
8
4
2
4
7
3
4
9
3
5
6
4
7
4
4
9
5
8
7
3
4
2
5
7
6
4
5
2
7
8
4
4
5
5
4
7
6
6
3
4
4
9
2
7
2
8
3
5
5
4
9
5
3
5
2
6
6
3
3
6
6
4
8
6
3
7
6
5
5
5
6
4
3
3
4
8
3
3
7
9
4
5
4
6
6
3
7
7
3
4
5
5
2
8
6
3
7
7
4
6
6
3
3
2
2
9
5
7
4
5
5
4
2
8
8
5
7
5
3
7
2
4
0
123 1805.0 40.53
290 9566.0 597.9
148 2138.0 542.74
9 8933.0 58.1
140 867.0 631.9
444 1488.0 424.15
326 7338.0 842.42
111 3343.0 906.4
496 3812.0 423.73
81 2403.0 655.87
164 1328.0 930.5
484 6101.0 345.04
144 6048.0 255.36
294 1160.0 445.23
341 1858.0 790.4
462 8707.0 695.72
174 3357.0 558.12
408 8237.0 288.14
95 8000.0 146.67
266 5054.0 579.68
134 2184.0 564.99
222 929.0 147.27
287 3744.0 151.02
168 8997.0 20.91
169 7045.0 554.85
95 1873.0 687.64
153 2226.0 388.76
224 4940.0 928.86
105 4394.0 180.61
280 6033.0 190.72
276 9515.0 476.69
474 7399.0 257.83
70 5421.0 980.43
40 9980.0 985.49
317 8409.0 160.38
286 1742.0 670.4
480 4474.0 768.0
103 1834.0 838.34
185 3264.0 173.38
92 3267.0 130.9
205 1940.0 317.41
393 6984.0 882.98
420 5889.0 400.4
255 5849.0 418.46
170 8100.0 516.42
106 9067.0 495.55
177 2586.0 116.32
327 9700.0 758.12
315 1554.0 144.75
167 89.0 214.86
41 1344.0 196.01
94 8381.0 596.32
122 4273.0 843.12
367 5491.0 864.03
295 4035.0 529.98
135 5696.0 540.74
434 1130.0 533.53
483 7132.0 116.9
44 6692.0 950.32
421 8699.0 797.76
34 3223.0 279.07
268 7097.0 553.55
294 904.0 302.15
174 460.0 3.74
379 7995.0 70.79
462 515.0 199.0
342 900.0 48.25
65 8844.0 414.12
194 3816.0 892.44
124 2324.0 408.91
452 7207.0 773.26
178 2802.0 693.48
139 5998.0 76.04
337 2525.0 6.63
101 8890.0 275.28
69 2674.0 673.87
329 1151.0 903.5
176 1925.0 331.09
407 3150.0 227.4
417 1509.0 803.58
426 4002.0 601.35
46 1356.0 748.27
239 882.0 665.6
189 5157.0 155.37
420 9079.0 605.38
75 2300.0 486.16
108 942.0 49.98
227 9097.0 685.0
4 4749.0 712.7
422 544.0 737.9
123 6649.0 564.7
53 7507.0 335.73
437 9626.0 997.02
139 9313.0 839.92
91 9266.0 851.37
130 2937.0 662.46
403 4308.0 785.64
197 2857.0 805.18
278 4656.0 405.65
387 4141.0 801.6
52 57.0 626.36
164 2752.0 97.53
411 6443.0 831.4
303 9724.0 570.51
171 7074.0 600.14
459 768.0 454.23
296 3278.0 741.2
391 2448.0 375.08
86 2392.0 102.53
345 1323.0 590.64
303 7514.0 969.89
251 273.0 104.0
218 5942.0 276.73
467 6601.0 645.77
78 4422.0 445.15
366 3661.0 575.36
4 2473.0 687.19
254 756.0 717.76
278 4703.0 960.39
53 2844.0 775.49
84 2506.0 507.34
237 8919.0 952.16
473 5056.0 104.18
50 5162.0 827.3
464 8079.0 487.68
187 1828.0 275.32
442 7547.0 624.27
327 5881.0 341.89
367 1462.0 786.24
362 9568.0 71.16
405 2076.0 500.36
335 1236.0 57.53
39 32.0 404.9
21 426.0 669.01
468 7783.0 596.73
278 7738.0 487.75
344 6839.0 306.76
150 4217.0 687.33
306 6685.0 37.3
432 9964.0 560.91
336 2430.0 860.6
77 2531.0 105.98
172 6574.0 378.98
456 8858.0 420.18
423 4673.0 966.67
443 6529.0 451.19
116 3050.0 394.21
343 9398.0 454.64
3 338.0 624.21
72 2002.0 830.79
382 5789.0 255.72
7 8671.0 4.75
298 3970.0 453.04
214 9379.0 596.44
59 3217.0 980.23
358 5746.0 126.43
143 5005.0 331.79
243 9354.0 108.12
392 139.0 491.99
471 8491.0 329.65
168 5373.0 185.01
213 5223.0 648.94
158 2575.0 331.71
355 3390.0 702.09
74 4670.0 198.9
291 3950.0 983.37
41 4371.0 95.28
129 7160.0 334.59
126 7955.0 949.97
100 7416.0 126.82
48 3794.0 488.7
193 3177.0 751.81
214 4698.0 574.07
19 5354.0 444.82
328 8635.0 10.24
186 8473.0 650.62
343 1981.0 731.66
303 4074.0 992.92
128 8064.0 589.06
474 3741.0 943.2
330 3035.0 542.58
294 4896.0 331.79
172 9238.0 910.99
53 9490.0 280.84
205 2650.0 647.59
14 7264.0 740.43
364 857.0 181.55
310 3721.0 680.58
154 8636.0 814.0
188 626.0 148.53
298 4780.0 619.95
112 8574.0 222.7
466 6701.0 78.05
373 9283.0 696.69
159 7874.0 686.73
28 3251.0 503.04
366 8470.0 776.26
275 8309.0 552.82
230 8790.0 461.85
271 1640.0 822.85
144 2257.0 206.36
143 9025.0 444.57
44 5637.0 575.66
36 6328.0 609.22
234 8671.0 454.36
282 2664.0 908.13
401 3606.0 405.28
372 6282.0 738.37
45 1285.0 938.67
354 2657.0 269.85
295 9079.0 228.63
141 8420.0 261.0
487 4200.0 842.64
263 1230.0 811.07
87 8796.0 908.54
366 7754.0 955.69
315 8487.0 685.84
268 257.0 357.16
118 530.0 665.53
272 862.0 924.23
280 7083.0 10.53
175 2343.0 35.25
40 3430.0 924.92
231 2013.0 703.76
158 5171.0 596.37
221 497.0 466.51
290 5046.0 557.41
247 8445.0 897.81
244 7727.0 997.07
423 2073.0 453.59
28 161.0 782.35
351 9707.0 926.83
43 2859.0 791.42
331 7179.0 918.07
273 4419.0 660.43
223 8095.0 554.25
493 1328.0 143.03
38 2839.0 749.77
491 4034.0 789.6
481 3919.0 476.86
30 1994.0 321.41
256 5443.0 477.47
306 4069.0 282.5
269 129.0 902.23
325 844.0 602.06
327 4395.0 340.83
127 8877.0 400.41
111 2712.0 785.3
450 335.0 912.4
428 8666.0 456.94
246 8715.0 504.24
246 7051.0 867.55
163 512.0 391.94
166 9226.0 294.55
137 8481.0 203.63
209 7799.0 480.13
466 9881.0 469.96
81 1522.0 506.97
132 5426.0 42.79
353 6643.0 996.67
485 838.0 637.36
485 9164.0 697.27
315 8059.0 602.62
222 8577.0 664.67
44 9914.0 468.1
204 6349.0 318.85
74 4263.0 666.25
430 8914.0 112.92
27 9187.0 826.4
282 8883.0 122.65
244 176.0 703.94
378 3057.0 591.44
313 404.0 53.02
440 6671.0 317.08
298 5847.0 123.23
225 1669.0 317.91
445 6496.0 364.21
460 9037.0 297.06
344 4680.0 608.84
77 9129.0 996.03
217 3012.0 898.69
70 8590.0 747.93
233 1111.0 449.79
51 9032.0 901.95
418 2647.0 513.74
12 3128.0 209.8
264 8211.0 885.65
163 811.0 850.92
105 623.0 26.08
425 6418.0 738.24
407 793.0 500.19
112 6084.0 94.58
332 9603.0 900.85
62 8922.0 844.83
286 9209.0 638.89
288 384.0 956.45
218 3656.0 244.31
155 196.0 432.66
32 4620.0 695.62
79 2568.0 673.31
166 2679.0 582.23
237 9384.0 372.59
424 9447.0 290.6
442 2302.0 50.86
88 9954.0 626.67
77 5062.0 572.99
224 9886.0 320.57
326 8146.0 828.26
328 6138.0 768.12
219 8110.0 609.08
261 2837.0 957.5
346 750.0 979.41
64 6019.0 237.36
423 9344.0 185.31
80 5194.0 818.27
464 3636.0 546.72
209 9011.0 549.35
340 9781.0 680.52
333 8297.0 340.53
461 2083.0 744.23
67 9728.0 834.83
102 9629.0 970.05
284 3909.0 494.48
166 8466.0 947.9
243 4010.0 966.7
162 4129.0 985.93
244 507.0 415.51
338 5927.0 181.96
410 8981.0 715.33
403 5562.0 777.56
301 6329.0 448.63
135 5050.0 510.22
130 1566.0 771.42
58 7166.0 501.13
422 769.0 610.27
287 2783.0 604.01
274 5920.0 771.79
290 5849.0 427.64
284 7813.0 788.06
347 8365.0 489.17
495 2295.0 1.58
293 4772.0 77.73
358 478.0 652.02
107 5550.0 167.66
163 327.0 78.72
188 9983.0 388.27
451 9858.0 242.83
82 3920.0 800.88
260 6651.0 74.35
488 4611.0 257.97
86 6938.0 259.05
320 8624.0 732.65
267 5536.0 616.19
201 9158.0 495.94
65 4874.0 964.95
345 5333.0 854.28
341 6468.0 613.17
89 6570.0 718.1
130 8159.0 543.63
175 9036.0 402.36
47 7587.0 994.55
156 3074.0 153.81
253 7588.0 510.2
15 7266.0 568.76
21 9192.0 413.39
273 8238.0 835.1
430 7751.0 132.71
37 6715.0 716.93
266 7042.0 885.15
99 9853.0 615.72
475 2781.0 598.76
43 8169.0 494.73
468 8342.0 598.95
217 1008.0 281.98
31 6568.0 431.55
458 7146.0 285.02
36 3717.0 825.01
44 1942.0 979.77
269 5952.0 347.5
136 4261.0 42.87
64 45.0 505.6
132 1831.0 397.61
155 4829.0 681.46
460 5444.0 29.39
326 2445.0 710.84
260 8701.0 845.91
345 3101.0 468.05
419 6994.0 140.47
366 6640.0 371.83
140 8063.0 78.01
63 5872.0 466.02
169 602.0 979.04
241 7198.0 338.11
477 714.0 220.3
442 5210.0 89.71
15 3935.0 551.75
86 8327.0 420.07
182 7993.0 956.2
124 8568.0 673.41
174 1079.0 145.5
382 2526.0 143.53
253 8629.0 244.16
259 6034.0 423.12
27 1646.0 981.81
44 8625.0 811.87
426 172.0 125.09
207 9728.0 364.97
23 4310.0 755.84
202 7293.0 7.51
392 8088.0 557.21
160 5635.0 423.65
28 685.0 447.07
19 5786.0 931.92
122 4720.0 233.31
272 7334.0 992.19
204 5273.0 724.45
500 6782.0 866.06
54 3350.0 629.76
457 4682.0 131.07
9 2615.0 171.08
349 6262.0 26.88
143 7304.0 475.55
387 5423.0 828.39
273 7717.0 425.6
195 9966.0 339.14
476 7502.0 259.01
424 3821.0 670.04
355 9606.0 382.57
325 3743.0 710.51
334 6344.0 681.16
85 3647.0 625.74
158 2726.0 135.1
126 8628.0 137.35
214 5983.0 99.71
276 6231.0 533.83
52 8548.0 300.39
336 5911.0 632.98
417 4874.0 238.65
500 1279.0 234.41
183 1287.0 797.75
134 1649.0 793.64
494 2089.0 783.69
496 65.0 253.63
466 2783.0 664.49
408 4209.0 979.46
84 7043.0 458.3
74 4022.0 142.87
75 191.0 180.6
453 2240.0 95.67
22 594.0 190.27
258 7878.0 39.29
450 5900.0 854.01
95 1796.0 582.27
324 7617.0 680.38
143 6221.0 192.65
274 3826.0 821.19
181 8527.0 191.95
136 9434.0 389.27
188 1850.0 739.74
176 3959.0 448.41
314 2130.0 421.96
4 1979.0 846.55
82 8785.0 142.55
6 5842.0 195.01
49 9358.0 918.21
174 6530.0 410.59
216 7545.0 372.79
172 8432.0 649.78
24 3221.0 398.28
322 874.0 741.6
436 656.0 255.23
466 7044.0 394.56
291 7649.0 739.83
273 8997.0 80.33
459 3335.0 512.45
255 9362.0 914.28
283 9016.0 829.41
61 6703.0 26.86
370 21.0 399.46
152 8033.0 646.65
93 2914.0 604.81
229 5416.0 820.63
32 2798.0 48.19
381 2656.0 226.99
158 7125.0 453.82
13 5274.0 195.64
153 6617.0 783.69
429 7701.0 413.72
139 4221.0 573.99
26 4073.0 893.55
469 2164.0 839.14
235 2773.0 709.06
159 1343.0 789.63
83 3380.0 140.09
357 9602.0 298.87
250 1648.0 358.82
9 3726.0 687.92
480 5479.0 320.68
226 3881.0 970.22
440 2509.0 325.89
181 6577.0 563.44
311 5475.0 233.83
95 2492.0 470.42
91 6659.0 112.69
450 6871.0 53.91
313 536.0 221.9
354 4301.0 87.38
197 276.0 852.88
432 3905.0 644.22
481 6895.0 834.52
397 5080.0 230.35
239 7280.0 248.9
382 659.0 444.61
323 7148.0 437.95
352 7301.0 317.93
496 6490.0 750.13
43 7125.0 432.63
338 216.0 790.75
313 2952.0 885.45
131 3004.0 368.38
281 5121.0 838.11
455 709.0 377.47
401 3392.0 91.23
424 8460.0 682.27
198 5223.0 70.13
324 4393.0 276.15
456 6910.0 12.73
126 221.0 730.44
400 7427.0 848.29
245 323.0 207.51
276 34.0 92.64
288 4145.0 295.25
463 4715.0 582.99
17 1421.0 830.96
284 2496.0 181.91
345 2285.0 420.16
480 8626.0 578.1
32 5402.0 318.54
213 6866.0 926.56
290 3896.0 428.87
283 2507.0 788.83
269 9352.0 148.63
294 7371.0 359.27
263 7299.0 63.64
197 5591.0 29.28
390 2038.0 545.72
4 1822.0 415.88
85 4305.0 947.77
413 5070.0 499.82
471 8445.0 352.08
34 7333.0 860.14
478 8556.0 121.95
276 3773.0 357.98
205 3696.0 122.53
51 3772.0 976.5
355 2679.0 151.84
386 7454.0 794.24
124 3756.0 91.94
488 9581.0 854.16
299 869.0 182.13
330 5645.0 269.33
176 6812.0 789.29
17 2162.0 650.94
276 8899.0 663.05
404 868.0 267.61
205 1860.0 4.58
265 776.0 247.59
16 5908.0 480.53
100 6083.0 705.5
382 6765.0 118.34
90 8963.0 462.52
17 8566.0 459.93
224 7023.0 93.98
2 7485.0 932.71
399 7056.0 286.91
264 7743.0 456.19
185 4308.0 787.1
283 5190.0 890.52
389 3719.0 636.51
58 8940.0 516.85
147 6412.0 563.71
205 2191.0 985.91
361 4724.0 199.79
54 6462.0 543.67
391 4789.0 696.0
312 9633.0 698.99
307 4941.0 301.26
285 9823.0 800.5
210 6572.0 857.51
25 8563.0 842.94
291 66.0 547.22
333 3880.0 41.14
384 613.0 517.07
178 9581.0 788.72
463 3765.0 92.82
456 538.0 562.77
32 2159.0 695.94
391 323.0 100.1
21 9467.0 961.06
301 8960.0 638.42
127 6537.0 627.03
45 2239.0 963.35
360 6913.0 857.12
457 2494.0 164.66
208 9791.0 902.09
303 2556.0 548.19
429 2220.0 681.47
144 6466.0 227.84
192 2228.0 943.47
10 9034.0 994.09
77 762.0 531.25
372 2801.0 290.67
275 6789.0 856.19
158 4563.0 581.66
190 9366.0 324.2
441 2149.0 32.99
382 9343.0 466.98
81 7996.0 671.02
437 9049.0 522.64
29 9454.0 434.53
379 1240.0 509.72
157 1765.0 662.82
488 6006.0 759.13
369 228.0 382.14
193 1217.0 59.32
228 3370.0 419.64
419 5037.0 429.5
358 7319.0 905.04
237 2989.0 229.41
281 8798.0 618.85
460 8502.0 207.68
371 8560.0 814.15
114 2096.0 546.23
479 4485.0 700.74
253 826.0 915.58
178 9684.0 384.82
236 5649.0 448.36
386 2252.0 851.93
238 9688.0 40.31
464 6846.0 651.2
276 4468.0 704.17
482 5619.0 536.28
266 5751.0 604.55
25 3404.0 831.4
430 9398.0 266.67
154 1183.0 764.96
479 1267.0 944.89
115 6205.0 310.04
252 4743.0 490.09
56 1648.0 619.61
155 217.0 788.39
19 3478.0 925.43
363 5469.0 739.26
116 2617.0 244.86
322 446.0 502.39
276 9842.0 507.88
455 6398.0 170.32
100 1908.0 413.05
440 7914.0 752.07
401 4803.0 914.8
36 7078.0 667.82
166 5468.0 126.64
340 6641.0 982.64
277 3933.0 870.17
213 8402.0 752.32
126 5746.0 724.84
376 8738.0 973.82
252 3401.0 696.36
150 8356.0 984.67
321 6735.0 403.53
469 5231.0 785.11
351 4472.0 461.8
73 6553.0 908.51
5 3923.0 550.15
271 1513.0 935.75
303 5197.0 820.84
444 5483.0 734.4
37 226.0 932.75
44 7651.0 683.93
13 7152.0 105.99
4 5137.0 260.61
276 1191.0 16.94
12 4834.0 977.72
287 1545.0 857.7
380 6216.0 443.6
481 82.0 405.42
442 3544.0 758.24
189 569.0 356.43
343 5960.0 830.22
374 6539.0 489.76
273 7401.0 770.25
181 9313.0 281.29
290 6578.0 187.74
4 1341.0 710.48
228 7167.0 64.5
289 4901.0 797.77
486 5229.0 750.2
133 5214.0 429.51
37 3812.0 587.24
117 8421.0 463.08
456 1158.0 394.35
384 4758.0 30.04
131 4717.0 61.02
383 2245.0 597.22
187 8102.0 798.05
98 4573.0 857.55
485 1349.0 529.38
494 419.0 554.03
420 4625.0 418.11
399 7972.0 820.43
99 6577.0 979.37
56 2483.0 646.19
112 1028.0 291.4
120 249.0 323.55
219 6375.0 976.53
272 8861.0 319.49
242 8638.0 558.25
350 6480.0 737.52
11 6377.0 807.39
101 6162.0 799.56
318 6541.0 73.69
254 1384.0 583.6
235 8422.0 161.59
149 7600.0 661.04
371 1400.0 619.71
423 2773.0 259.89
223 8432.0 923.09
52 278.0 576.15
284 458.0 482.54
83 1151.0 193.27
465 3745.0 54.68
69 8432.0 112.19
329 9590.0 943.89
283 5625.0 649.3
362 5719.0 107.56
80 7145.0 396.89
410 5573.0 349.46
143 1529.0 635.54
358 2436.0 529.92
467 3471.0 726.42
348 717.0 6.59
23 7093.0 452.88
297 8766.0 951.57
125 9635.0 477.34
283 2302.0 69.11
388 8125.0 587.67
391 3866.0 154.55
301 4122.0 492.08
105 4761.0 500.43
265 1435.0 607.48
356 7680.0 490.47
434 7213.0 143.09
311 9559.0 57.59
6 859.0 793.85
164 9903.0 519.38
235 5044.0 806.83
47 502.0 2.35
51 8212.0 488.28
94 4359.0 621.15
252 2981.0 993.66
267 3540.0 816.74
345 6705.0 932.54
207 18.0 226.45
276 575.0 242.43
182 3616.0 336.94
304 1216.0 266.02
216 1688.0 291.02
90 8442.0 782.15
12 931.0 42.42
461 5157.0 118.52
103 9268.0 568.14
344 4407.0 8.1
442 7220.0 754.06
76 4219.0 221.46
325 1874.0 779.76
367 8066.0 840.16
410 8588.0 920.35
60 4785.0 531.55
285 9083.0 780.07
296 3532.0 215.18
296 3207.0 69.59
232 360.0 999.76
421 1320.0 164.25
40 2283.0 53.07
410 8288.0 923.91
284 5253.0 353.5
322 1187.0 949.01
163 4279.0 127.87
228 1193.0 438.31
80 2310.0 418.54
380 6727.0 860.85
347 1358.0 423.06
377 8427.0 665.92
414 6609.0 981.05
276 6691.0 384.65
237 9359.0 290.58
50 3841.0 358.31
105 2914.0 774.16
350 8397.0 522.15
438 4737.0 103.41
222 368.0 431.5
252 7188.0 451.43
333 8234.0 221.97
140 9409.0 68.28
157 7616.0 371.48
249 2337.0 928.45
469 9544.0 621.23
388 5273.0 643.11
377 55.0 972.93
345 313.0 469.04
128 9624.0 154.79
262 9805.0 320.12
244 6446.0 378.11
257 1908.0 483.76
426 1823.0 623.02
157 6065.0 718.96
32 111.0 735.87
382 59.0 94.78
102 6722.0 600.04
405 1164.0 66.2
431 978.0 752.73
55 3577.0 188.69
98 9119.0 441.22
366 1616.0 51.23
373 9385.0 93.21
345 8113.0 503.55
229 6025.0 667.86
447 1579.0 322.63
375 4909.0 280.03
466 8549.0 870.47
436 9071.0 558.77
189 9602.0 885.98
333 3723.0 396.14
498 3733.0 863.18
197 9055.0 787.75
357 5857.0 395.99
253 338.0 236.74
455 117.0 882.85
179 6147.0 342.41
464 6830.0 868.25
278 7115.0 429.92
353 8525.0 178.02
188 4140.0 258.04
479 6094.0 171.41
154 9549.0 590.84
98 3235.0 394.42
219 2274.0 94.75
153 6736.0 169.99
395 7353.0 460.97
248 4700.0 405.16
137 3202.0 505.89
194 4110.0 728.31
280 9192.0 153.27
402 7460.0 528.06
172 8489.0 539.71
340 6067.0 180.21
334 9805.0 590.9
214 2438.0 348.9
309 4187.0 1.65
180 439.0 586.57
19 9561.0 200.61
158 5093.0 939.07
264 2515.0 377.35
94 382.0 678.27
411 8955.0 244.06
35 4677.0 477.92
486 451.0 606.73
85 5842.0 739.35
214 8905.0 252.28
44 275.0 451.38
310 3946.0 635.98
269 1115.0 751.74
248 8278.0 78.63
472 9267.0 264.97
442 6664.0 57.62
320 884.0 327.7
443 3742.0 683.45
339 8024.0 87.3
195 2707.0 482.71
413 3660.0 200.78
97 1022.0 500.76
2 1468.0 680.61
105 4189.0 883.86
320 8933.0 897.39
386 115.0 972.13
194 8990.0 183.0
78 4479.0 385.79
391 5782.0 610.13
101 3291.0 4.38
462 4247.0 212.87
219 4466.0 76.21
228 4243.0 974.84
58 1754.0 230.73
363 88.0 724.27
96 338.0 514.17
359 367.0 249.51
146 6040.0 360.41
388 7278.0 146.31
476 870.0 38.48
332 1530.0 27.63
133 5897.0 432.79
281 154.0 629.78
265 7248.0 154.54
353 6338.0 525.8
379 135.0 494.42
445 1090.0 748.6
137 4739.0 846.0
213 767.0 320.43
68 5236.0 765.64
258 3515.0 41.21
9 634.0 972.24
483 8522.0 993.54
385 2858.0 305.55
236 4548.0 76.35
203 8558.0 786.9
464 3317.0 565.91
462 7493.0 783.73
336 9489.0 380.09
66 5790.0 8.96
181 941.0 826.64
144 1230.0 826.39
92 1856.0 212.06
273 4524.0 186.89
498 5607.0 92.35
19 7201.0 849.92
170 6707.0 197.7
328 1606.0 811.02
456 8838.0 725.02
276 355.0 902.04
338 8257.0 248.04
398 3042.0 477.81
90 7604.0 313.59
188 4999.0 870.45
76 7208.0 335.66
287 4941.0 477.97
8 941.0 374.12
383 3943.0 408.1
317 5103.0 167.4
300 3938.0 49.14
454 1216.0 153.38
428 2311.0 34.57
97 8273.0 701.71
417 1583.0 315.9
278 7214.0 584.86
464 6523.0 376.52
325 9072.0 340.21
70 9300.0 401.86
431 455.0 949.58
78 1732.0 485.0
437 8786.0 216.4
363 2387.0 553.28
297 8923.0 495.33
180 1266.0 494.77
35 2046.0 449.02
476 4316.0 674.89
447 1927.0 457.95
452 8010.0 509.33
78 4954.0 642.87
449 4119.0 648.81
221 1635.0 689.73
38 8218.0 272.95
393 8497.0 79.59
71 1499.0 468.72
193 6935.0 984.18
45 6600.0 482.58
95 6712.0 785.31
308 2801.0 746.54
77 4893.0 20.78
322 5585.0 722.99
369 9266.0 445.46
309 3180.0 319.87
125 6143.0 774.98
462 1573.0 75.12
231 9243.0 341.25
39 7506.0 366.73
33 5815.0 840.25
266 5472.0 72.6
123 948.0 902.17
162 1543.0 453.82
159 8071.0 622.84
105 5090.0 558.91
59 2581.0 152.15
301 1398.0 447.36
434 173.0 599.8
137 275.0 56.25
461 8101.0 157.07
422 8431.0 213.05
249 5290.0 773.87
237 4131.0 377.14
20 3706.0 228.84
315 9164.0 789.74
248 7102.0 889.23
77 962.0 102.91
466 689.0 829.23
189 9684.0 459.78
381 5537.0 632.77
460 9929.0 906.23
236 2026.0 736.89
326 7330.0 864.5
361 6673.0 657.21
358 5372.0 239.26
351 3711.0 938.21
335 1490.0 919.62
244 3310.0 854.68
342 6269.0 771.45
267 4154.0 573.71
402 6897.0 704.51
391 6899.0 510.8
390 8986.0 749.24
194 7778.0 783.14
438 6749.0 73.54
212 3204.0 640.4
378 6263.0 855.54
21 7582.0 285.56
451 3630.0 972.45
161 981.0 400.94
261 4358.0 75.12
330 2258.0 648.56
84 7479.0 373.46
99 5289.0 263.96
362 7526.0 419.5
299 2485.0 359.45
42 5870.0 108.19
372 762.0 476.95
78 2335.0 219.15
9 9553.0 360.26
292 6008.0 633.34
301 2292.0 440.89
215 2772.0 813.62
343 9132.0 874.21
58 7279.0 391.78
413 7032.0 643.79
252 1374.0 657.68
154 3380.0 162.42
96 8382.0 398.72
294 8574.0 267.13
338 4752.0 442.28
210 5660.0 183.13
217 2040.0 805.24
422 7369.0 628.09
408 9588.0 958.46
173 1680.0 385.53
395 848.0 548.76
134 3676.0 673.76
256 1181.0 478.78
74 6708.0 916.45
489 2145.0 570.07
452 797.0 624.57
350 6569.0 517.32
314 5538.0 646.05
152 3252.0 137.34
228 3044.0 962.06
171 2722.0 725.26
495 3688.0 426.76
127 7123.0 728.62
280 911.0 969.57
315 3253.0 890.24
147 7457.0 722.21
106 2405.0 814.98
127 9445.0 615.69
317 6110.0 6.81
48 4150.0 384.89
86 3066.0 979.82
305 2095.0 837.61
198 2985.0 434.12
118 5429.0 868.38
52 7052.0 912.54
83 6845.0 830.51
48 8315.0 620.67
28 9489.0 434.03
182 2600.0 508.39
344 4145.0 856.19
366 8695.0 174.19
337 8836.0 906.59
271 8417.0 493.84
143 260.0 900.44
499 6008.0 117.08
25 8100.0 925.01
474 7604.0 29.6
157 1793.0 311.17
351 9178.0 399.35
487 8200.0 407.12
153 134.0 354.43
241 6519.0 976.86
126 5057.0 885.1
496 9473.0 412.08
394 2335.0 921.95
65 9362.0 730.17
452 7646.0 265.31
346 1677.0 275.87
258 8712.0 544.27
143 1994.0 782.36
61 4947.0 804.71
287 2151.0 203.24
433 7332.0 98.96
121 4254.0 975.38
240 8375.0 731.45
191 3623.0 212.84
454 887.0 380.99
405 5965.0 22.1
326 3680.0 668.01
369 8020.0 473.72
207 6838.0 613.07
326 9662.0 528.89
410 3672.0 127.34
77 8734.0 839.91
429 6982.0 212.08
124 826.0 34.97
72 1366.0 855.63
457 2394.0 704.9
179 1503.0 478.75
419 565.0 42.79
104 1615.0 786.64
337 917.0 687.75
33 1637.0 609.69
122 5164.0 357.25
291 2965.0 833.11
434 9685.0 274.55
356 6839.0 948.01
403 7473.0 149.73
155 5142.0 762.2
190 7950.0 176.96
300 90.0 379.77
463 8990.0 354.87
421 3440.0 804.45
92 8010.0 5.78
182 5931.0 704.98
316 6809.0 583.19
274 9120.0 761.72
146 4420.0 455.71
315 4305.0 900.96
182 4742.0 304.0
481 1833.0 532.9
39 3072.0 559.45
392 5544.0 626.59
362 5206.0 739.22
358 8612.0 464.02
96 9509.0 149.37
186 9519.0 203.4
290 3483.0 279.72
316 6346.0 713.96
137 7244.0 159.96
419 1837.0 84.5
297 8726.0 8.49
8 7050.0 3.73
217 2389.0 939.87
339 9239.0 571.71
290 211.0 905.9
151 7645.0 741.25
15 2588.0 600.99
235 7758.0 913.14
425 1138.0 75.48
162 9357.0 714.91
494 4510.0 172.67
214 4858.0 731.15
276 9348.0 273.17
252 8341.0 902.97
329 6010.0 223.4
390 4435.0 579.26
326 8882.0 714.63
64 9004.0 492.86
481 7150.0 7.24
190 8296.0 221.56
130 558.0 966.67
373 4309.0 437.17
124 1238.0 74.47
230 301.0 499.98
238 2390.0 747.88
69 5747.0 206.24
498 4967.0 633.01
15 9550.0 475.29
161 894.0 661.42
152 4034.0 142.54
127 6155.0 458.05
376 4569.0 829.23
163 389.0 479.35
36 9073.0 891.5
43 3775.0 412.09
111 8928.0 68.36
263 8944.0 711.29
100 6206.0 946.6
31 6163.0 118.22
137 3326.0 498.9
414 9363.0 7.18
103 2474.0 442.48
77 4785.0 829.19
371 435.0 435.08
397 8683.0 483.69
375 4260.0 744.89
26 3620.0 735.58
15 1128.0 364.51
346 9116.0 68.06
500 3065.0 950.09
370 860.0 174.75
121 5824.0 488.91
95 9037.0 257.5
104 1514.0 566.84
139 4823.0 385.86
253 2005.0 140.31
116 834.0 494.68
248 1153.0 75.24
35 1952.0 153.32
406 3565.0 967.09
496 138.0 905.16
360 617.0 992.24
156 6345.0 914.02
309 7712.0 331.43
379 6192.0 161.87
389 6740.0 216.49
184 4760.0 160.26
393 5603.0 968.28
60 4866.0 541.93
65 6239.0 234.59
327 1962.0 177.78
347 6268.0 809.55
281 5241.0 27.68
170 1831.0 992.89
257 9763.0 203.33
24 371.0 121.02
247 649.0 445.34
238 3395.0 853.03
148 2158.0 67.18
358 9998.0 254.68
443 4338.0 332.57
54 1078.0 550.81
221 6147.0 754.71
379 2848.0 557.75
267 6076.0 937.87
321 2183.0 750.81
292 7913.0 514.29
154 6234.0 673.23
239 7468.0 776.48
85 9060.0 499.75
103 6177.0 569.74
67 5018.0 858.46
453 8165.0 730.12
298 3706.0 123.81
458 6595.0 331.02
359 1784.0 972.8
90 6836.0 175.22
271 6744.0 503.82
499 9180.0 112.27
220 7986.0 187.75
106 5152.0 674.11
275 1744.0 402.53
7 1057.0 344.2
260 8242.0 792.95
45 1895.0 578.18
121 3413.0 879.23
462 6205.0 765.59
225 5940.0 497.34
493 5493.0 402.07
47 8835.0 421.01
362 2034.0 439.0
181 3333.0 177.75
222 6464.0 832.78
447 1973.0 664.68
46 4522.0 518.11
338 5490.0 971.03
146 5129.0 149.94
364 4727.0 976.23
340 286.0 190.02
450 2248.0 686.7
334 3694.0 690.23
373 4500.0 223.13
340 2491.0 919.39
393 5561.0 380.5
203 6579.0 651.19
192 5115.0 772.82
204 374.0 239.81
229 450.0 256.82
389 2735.0 419.04
289 9864.0 902.38
158 7973.0 705.97
461 8706.0 306.51
29 8021.0 484.38
288 3027.0 880.73
339 9902.0 545.8
212 4184.0 463.89
467 6024.0 970.91
250 3053.0 399.41
207 3613.0 812.9
146 8746.0 740.51
428 8338.0 125.55
186 8566.0 803.27
492 7434.0 783.46
242 7894.0 315.51
149 3479.0 392.64
255 465.0 930.75
135 2678.0 330.68
134 851.0 422.75
23 273.0 80.6
43 5907.0 194.11
338 697.0 97.97
56 1520.0 398.52
12 7180.0 134.68
139 8294.0 574.64
158 452.0 798.35
229 844.0 956.84
208 5200.0 22.92
321 3526.0 750.12
371 8595.0 240.47
361 1949.0 859.66
131 8284.0 685.43
178 7401.0 610.69
441 2264.0 511.98
217 5511.0 27.12
313 3836.0 165.33
158 758.0 475.95
120 1295.0 67.27
448 6693.0 231.04
400 2275.0 843.99
283 8536.0 14.72
458 8994.0 607.33
477 3624.0 101.7
138 7806.0 218.73
393 7787.0 477.76
239 9233.0 761.28
111 8687.0 27.18
7 9945.0 652.55
212 9345.0 844.59
488 7249.0 98.96
225 2891.0 970.39
49 4051.0 776.27
371 3198.0 676.75
207 3013.0 17.81
497 7943.0 178.58
300 2818.0 107.8
176 6036.0 831.55
480 7436.0 248.11
321 5857.0 756.53
341 5941.0 614.0
92 3136.0 401.14
295 9945.0 839.26
33 2867.0 470.74
297 3737.0 2.54
418 4148.0 299.79
141 1609.0 492.88
337 192.0 151.19
189 5576.0 957.46
346 5884.0 120.12
358 5685.0 576.65
459 7200.0 53.76
2 3913.0 909.43
398 3133.0 295.05
4 7117.0 468.88
256 5565.0 268.13
220 7940.0 390.99
276 8267.0 746.22
12 9897.0 867.81
250 457.0 241.92
425 6181.0 398.84
175 1445.0 254.27
330 6353.0 260.48
388 4890.0 125.49
434 7038.0 340.92
247 7632.0 478.14
139 8534.0 954.82
213 4902.0 496.76
388 1042.0 95.39
35 4101.0 509.77
369 3456.0 257.94
12 3268.0 814.23
86 3008.0 875.12
303 4103.0 388.61
108 4739.0 133.99
126 8837.0 123.69
284 9930.0 832.8
50 6730.0 687.57
479 4028.0 965.19
8 610.0 801.14
492 7866.0 337.14
285 1535.0 886.24
259 5248.0 317.51
23 8302.0 705.3
452 6291.0 801.12
73 82.0 434.78
213 382.0 645.65
427 2967.0 569.17
286 612.0 938.7
324 1110.0 754.52
140 3620.0 136.96
465 3787.0 801.82
433 9763.0 762.99
264 7456.0 831.3
23 723.0 421.06
191 7817.0 709.35
365 8690.0 358.02
167 2440.0 641.62
428 5189.0 653.2
260 4725.0 826.55
33 3684.0 555.65
392 459.0 110.78
314 3596.0 930.91
252 9771.0 997.16
276 1098.0 303.28
56 6261.0 11.37
207 3132.0 346.33
435 3589.0 532.87
167 8029.0 757.39
263 8876.0 22.13
308 6502.0 456.23
135 8794.0 774.54
122 6635.0 991.02
83 300.0 850.37
208 2396.0 120.04
96 6055.0 604.61
455 7996.0 217.18
345 3025.0 390.79
386 136.0 984.26
262 5594.0 443.76
447 7879.0 247.12
362 7473.0 346.72
345 521.0 77.44
78 777.0 702.7
445 8276.0 825.01
469 4710.0 40.17
368 9147.0 522.58
452 8364.0 404.9
157 937.0 573.56
451 3339.0 22.86
374 3155.0 691.87
243 8991.0 127.41
16 6545.0 366.34
178 3385.0 15.13
8 8076.0 361.08
437 4438.0 841.41
443 4617.0 172.5
392 3579.0 224.28
51 3692.0 46.61
345 6645.0 951.61
343 4823.0 508.59
56 3996.0 8.99
128 3018.0 698.76
454 5077.0 456.9
164 1721.0 828.42
3 3564.0 479.77
39 6032.0 551.4
369 1811.0 18.83
296 6721.0 249.63
497 3471.0 910.51
174 8646.0 160.4
204 4371.0 279.75
126 9448.0 2.31
107 6879.0 482.83
320 4802.0 911.61
92 1561.0 52.26
149 1591.0 693.62
72 9482.0 648.64
187 7098.0 609.1
433 5275.0 754.04
301 1569.0 110.95
411 9908.0 767.41
453 5777.0 137.88
143 1678.0 187.94
246 1244.0 888.59
330 3162.0 630.2
180 897.0 51.12
126 4037.0 421.83
77 4154.0 339.24
89 8916.0 811.93
439 2814.0 126.64
57 2565.0 651.69
100 6287.0 12.35
497 3049.0 548.57
226 3385.0 948.06
23 2725.0 940.73
431 372.0 410.38
286 4354.0 730.59
480 6080.0 928.87
432 5232.0 221.38
482 418.0 281.12
222 5862.0 954.09
110 8553.0 900.13
245 4935.0 322.24
278 7568.0 696.54
265 3407.0 597.39
93 3625.0 592.94
352 9845.0 915.68
161 5163.0 559.51
167 2481.0 976.69
157 1891.0 402.6
91 257.0 510.62
396 2443.0 854.11
103 7142.0 432.59
137 7660.0 438.3
160 7591.0 735.65
40 7799.0 928.61
223 9401.0 64.78
320 1263.0 603.53
171 5260.0 973.89
197 6268.0 660.06
217 4617.0 47.5
187 1516.0 927.01
53 760.0 694.94
494 9394.0 729.44
11 7994.0 959.04
134 8376.0 24.08
209 6884.0 730.91
14 4545.0 185.5
143 8251.0 523.93
28 4595.0 970.67
362 5998.0 739.62
482 233.0 979.61
477 5252.0 38.17
476 8074.0 30.93
194 7183.0 179.05
215 4315.0 231.38
158 2634.0 243.52
83 9445.0 178.18
197 8780.0 834.8
338 1387.0 583.64
363 9188.0 774.65
156 8235.0 713.18
37 7369.0 694.67
209 10.0 292.72
339 1257.0 349.49
436 6793.0 650.12
193 5941.0 818.5
304 1138.0 256.58
415 4139.0 671.05
326 1882.0 41.38
490 7323.0 656.48
62 7740.0 800.67
241 4840.0 9.85
123 1918.0 950.95
211 2205.0 488.7
334 7988.0 115.46
348 8005.0 608.77
461 5976.0 208.55
365 4004.0 999.05
219 9279.0 927.37
282 6955.0 794.22
108 1818.0 696.57
268 6635.0 21.52
155 5288.0 256.63
35 2466.0 90.66
489 1770.0 202.74
49 1190.0 80.96
69 3460.0 159.09
363 5193.0 998.98
261 4019.0 902.83
450 3981.0 674.42
354 8327.0 190.32
483 303.0 725.81
133 9078.0 864.15
210 9286.0 712.35
348 609.0 834.53
18 8776.0 968.08
19 7250.0 523.92
327 276.0 91.02
234 9489.0 256.24
129 9900.0 317.89
443 8089.0 143.07
320 9541.0 919.4
176 8812.0 196.27
363 5488.0 536.05
474 298.0 458.63
42 563.0 162.02
455 3676.0 720.64
311 7946.0 93.8
423 6817.0 288.94
231 1965.0 40.15
177 6958.0 235.43
76 6832.0 647.07
416 20.0 734.7
194 5842.0 149.2
111 8474.0 130.55
105 727.0 778.56
432 5756.0 918.78
79 6227.0 262.96
468 5705.0 263.35
226 6043.0 937.81
57 1401.0 1.26
491 9954.0 388.35
398 2783.0 291.42
459 5575.0 161.98
15 6059.0 388.57
173 144.0 623.64
59 457.0 599.23
497 1729.0 828.68
317 9115.0 755.17
356 1901.0 153.9
170 7261.0 439.62
274 7759.0 12.04
70 7049.0 100.77
53 5014.0 915.87
158 8008.0 202.63
7 2273.0 564.94
470 5347.0 796.53
308 8653.0 850.11
260 6591.0 754.9
350 8531.0 205.26
306 4474.0 13.47
434 9876.0 372.35
367 2236.0 573.88
428 9707.0 764.63
97 2135.0 548.85
344 740.0 829.2
259 7016.0 123.76
479 5888.0 215.8
352 3208.0 895.54
410 7408.0 86.49
60 9870.0 293.57
126 2695.0 825.01
169 6421.0 538.42
461 1679.0 107.78
360 3169.0 790.23
403 616.0 797.45
106 3872.0 694.92
18 9055.0 922.53
423 9222.0 331.38
112 3596.0 323.15
72 4801.0 854.43
206 4864.0 569.04
308 7026.0 103.37
211 4973.0 586.8
416 4470.0 68.39
399 1266.0 444.93
127 7825.0 920.4
479 1912.0 808.04
460 7759.0 384.35
270 9085.0 672.37
52 4460.0 249.73
438 6042.0 956.91
134 9252.0 141.35
489 8202.0 958.76
301 1376.0 182.89
299 3881.0 653.23
353 6718.0 391.88
344 1437.0 524.09
196 4011.0 516.91
498 177.0 37.66
23 4313.0 202.56
42 3008.0 637.51
232 4975.0 979.01
148 5900.0 216.2
28 3632.0 547.74
446 902.0 839.09
450 4365.0 325.46
160 2362.0 216.35
190 5104.0 298.96
113 7497.0 636.27
64 954.0 599.89
287 9254.0 254.91
378 794.0 174.32
232 4884.0 687.44
305 6780.0 650.32
397 9253.0 19.23
4 5635.0 364.52
30 5321.0 26.42
205 8330.0 797.76
34 7279.0 601.98
421 1487.0 101.05
95 4204.0 667.71
126 6743.0 70.75
280 5269.0 504.63
200 718.0 56.43
99 484.0 667.26
348 7081.0 775.75
423 9100.0 222.61
206 4923.0 43.3
247 8333.0 303.13
368 4914.0 135.67
469 9841.0 797.89
38 3135.0 831.31
463 7054.0 990.16
354 1719.0 584.1
93 4894.0 687.7
107 5534.0 379.24
8 880.0 112.25
139 119.0 638.23
370 9046.0 173.36
362 464.0 952.64
86 7860.0 199.35
332 933.0 268.03
379 112.0 7.21
190 7431.0 884.58
73 6558.0 870.5
321 6339.0 360.89
420 7153.0 912.64
129 8775.0 200.66
370 4752.0 746.82
447 1525.0 338.45
356 291.0 864.65
453 5323.0 533.54
430 984.0 937.12
303 9342.0 582.7
393 5783.0 85.38
274 9651.0 826.07
231 973.0 734.7
103 4271.0 550.77
142 2881.0 896.99
262 2257.0 348.98
200 2439.0 852.69
373 6095.0 349.07
148 3167.0 178.79
186 1259.0 567.75
28 1331.0 304.63
401 9155.0 107.97
172 3086.0 445.92
198 8144.0 498.74
98 7100.0 462.13
236 7218.0 251.84
173 6551.0 362.8
119 3457.0 485.28
209 8243.0 212.3
247 6725.0 681.24
91 6902.0 909.67
233 2028.0 347.73
372 9526.0 224.76
45 2332.0 470.17
23 8134.0 311.53
17 3309.0 691.14
124 199.0 884.25
223 3041.0 144.58
371 7149.0 501.9
5 3504.0 393.29
160 4030.0 568.86
129 1614.0 432.08
212 6010.0 365.91
77 6349.0 667.47
52 1569.0 363.69
12 265.0 105.78
199 8647.0 859.57
30 4419.0 782.78
401 5551.0 221.05
340 4499.0 570.32
493 8200.0 105.41
124 9902.0 27.75
262 8606.0 291.4
137 7220.0 289.69
302 5717.0 158.8
79 5600.0 991.47
472 4095.0 375.3
395 4880.0 964.12
435 8779.0 919.11
165 1011.0 2.12
390 7479.0 361.91
245 2164.0 407.74
81 7200.0 247.53
431 3976.0 156.98
419 5802.0 598.54
372 2575.0 812.25
248 704.0 361.91
488 9063.0 993.44
357 4163.0 235.52
166 2363.0 286.87
217 4354.0 362.72
118 209.0 721.03
175 845.0 761.0
258 8020.0 566.3
292 4779.0 180.76
403 7996.0 456.64
254 4400.0 815.96
329 1569.0 886.78
330 9921.0 217.44
479 5793.0 250.22
461 7078.0 50.8
103 6471.0 815.08
270 2883.0 579.01
225 5098.0 280.8
309 8286.0 872.45
402 1491.0 5.63
280 3990.0 357.49
225 7237.0 887.9
148 3687.0 351.08
418 6443.0 137.59
220 2210.0 479.6
294 6556.0 778.9
136 6654.0 897.17
369 2576.0 763.96
334 7577.0 262.41
259 5228.0 161.5
179 2251.0 114.03
22 8583.0 347.6
213 595.0 571.55
322 4509.0 738.49
406 3810.0 631.81
284 9989.0 823.19
399 7214.0 975.32
411 712.0 777.73
2 3078.0 995.93
215 9987.0 153.46
108 6137.0 108.58
156 6638.0 359.06
101 9423.0 618.31
166 6170.0 827.37
91 9109.0 682.57
142 7528.0 773.11
184 8821.0 391.15
126 9258.0 204.55
293 4674.0 701.87
333 9930.0 377.33
105 4418.0 383.51
71 2206.0 792.62
26 24.0 418.51
110 6731.0 319.64
385 3900.0 643.32
146 6235.0 860.41
220 7627.0 624.12
245 3833.0 113.4
63 8452.0 16.99
401 5131.0 208.3
181 4945.0 64.77
256 502.0 104.37
77 4308.0 234.26
103 3415.0 340.9
317 3250.0 49.49
189 6045.0 425.65
410 7023.0 158.23
186 4110.0 821.23
352 7734.0 977.26
481 4220.0 773.5
361 1427.0 771.52
96 2243.0 172.55
306 5999.0 705.11
457 6565.0 536.52
114 5462.0 420.03
71 9709.0 393.33
58 8015.0 523.5
268 328.0 376.23
159 3496.0 317.8
392 3847.0 338.09
63 6028.0 587.73
402 1036.0 562.01
318 4138.0 364.48
379 606.0 149.03
345 2298.0 46.03
102 2549.0 344.94
268 928.0 869.55
412 5814.0 421.7
99 8813.0 179.82
470 8076.0 745.39
405 2609.0 658.49
196 7612.0 817.33
7 5939.0 283.73
317 5642.0 832.84
193 1180.0 952.36
220 7998.0 291.45
449 7322.0 159.55
250 9084.0 946.54
258 1922.0 573.11
452 8949.0 283.52
340 451.0 608.23
401 8536.0 217.57
292 8894.0 294.38
61 1643.0 371.05
276 5326.0 720.3
479 4340.0 191.35
376 4291.0 819.82
228 7024.0 678.65
454 132.0 651.89
84 7070.0 935.33
482 1845.0 452.09
475 741.0 224.42
278 5107.0 814.81
338 5483.0 152.93
148 1510.0 248.57
36 4363.0 912.57
472 5947.0 114.35
319 9135.0 175.11
494 7620.0 173.77
182 396.0 73.79
463 3112.0 381.48
108 541.0 555.76
106 1913.0 563.65
414 9.0 218.39
61 9929.0 543.25
483 224.0 426.93
77 7420.0 877.67
93 7337.0 330.44
100 5485.0 216.92
116 3104.0 384.87
24 3330.0 121.4
21 5797.0 439.69
69 3325.0 72.97
393 5860.0 808.89
500 7587.0 937.29
156 1686.0 240.97
290 7718.0 397.7
480 8106.0 870.92
302 154.0 47.46
383 6262.0 782.45
408 7115.0 317.09
185 2845.0 787.44
215 4342.0 457.59
479 1581.0 447.23
183 9394.0 814.0
155 9188.0 165.71
214 4281.0 553.22
393 9668.0 590.02
85 2461.0 14.76
146 341.0 967.34
347 3637.0 103.29
474 554.0 792.88
40 8569.0 288.78
247 5122.0 40.05
409 6067.0 739.7
29 2459.0 234.65
16 9824.0 560.45
276 8824.0 227.28
388 4560.0 741.24
374 4433.0 135.58
63 4088.0 937.59
366 9794.0 143.09
172 2832.0 183.42
468 2736.0 495.17
58 422.0 24.42
223 9022.0 46.97
74 273.0 560.61
319 3034.0 112.07
239 3006.0 436.71
207 6728.0 460.45
499 6998.0 822.28
189 7758.0 148.62
131 7166.0 472.2
212 710.0 506.54
465 1676.0 474.24
16 2621.0 219.74
6 4687.0 774.83
315 4813.0 288.96
263 7147.0 509.97
357 9414.0 465.13
219 3802.0 661.77
392 2358.0 69.17
245 4829.0 28.11
400 7864.0 761.37
436 2473.0 392.47
410 8706.0 177.02
4 8517.0 361.24
385 1327.0 960.95
472 2229.0 268.14
328 6231.0 80.47
475 8769.0 288.15
206 7713.0 857.05
285 8850.0 347.44
166 6104.0 842.44
414 2169.0 815.58
75 3549.0 928.01
31 9182.0 430.64
335 3108.0 181.65
151 1683.0 622.36
446 5988.0 362.44
341 7553.0 764.51
424 796.0 885.77
261 1871.0 590.44
143 7605.0 514.83
285 8044.0 656.87
240 4853.0 403.57
63 4935.0 581.8
407 245.0 213.94
183 158.0 35.96
477 7188.0 779.76
465 4176.0 261.74
84 1710.0 372.27
368 809.0 560.76
321 4109.0 884.65
283 3877.0 15.82
155 6736.0 519.7
264 4040.0 993.55
370 6845.0 200.66
246 9195.0 557.48
303 1351.0 435.35
136 713.0 597.52
80 2990.0 123.57
388 481.0 106.79
496 5973.0 738.17
54 3534.0 918.04
182 6559.0 553.7
198 367.0 873.87
331 576.0 569.56
3 6661.0 735.17
260 3775.0 472.52
336 2594.0 976.36
478 894.0 110.89
497 3114.0 904.81
90 5465.0 211.95
23 1708.0 465.97
88 2546.0 48.06
166 9830.0 739.68
191 2045.0 653.11
187 8833.0 832.71
464 8074.0 851.03
462 5559.0 380.5
144 5830.0 614.43
279 4025.0 321.81
184 6814.0 687.92
460 3057.0 131.74
113 3470.0 585.01
361 5065.0 602.73
313 8384.0 340.42
140 4781.0 997.39
467 3099.0 792.76
423 5640.0 688.5
341 5383.0 232.63
454 4437.0 989.19
61 8997.0 461.85
364 1893.0 191.98
33 9240.0 265.34
345 6042.0 857.88
384 3321.0 741.3
284 8603.0 209.11
487 1707.0 879.99
366 8413.0 475.34
258 2155.0 821.11
410 7105.0 483.58
121 4560.0 748.97
465 7596.0 984.51
135 9873.0 327.96
458 1987.0 442.87
150 852.0 968.74
130 3114.0 937.33
21 3271.0 544.47
253 1780.0 188.55
44 1549.0 981.09
145 1841.0 607.4
496 7688.0 669.34
318 9102.0 55.73
345 5349.0 535.69
13 37.0 11.57
84 1449.0 873.22
155 5599.0 352.79
292 1382.0 115.79
440 3897.0 167.86
71 2016.0 413.63
113 1994.0 211.67
80 5092.0 236.58
133 4203.0 687.69
242 3739.0 531.58
285 9890.0 17.76
330 2690.0 263.45
146 8353.0 915.26
72 5818.0 205.46
65 1672.0 419.27
91 1055.0 951.46
260 2347.0 751.59
157 7804.0 898.97
444 4316.0 804.48
100 225.0 736.54
414 3952.0 245.57
113 9772.0 801.22
475 4964.0 466.76
461 1001.0 521.03
14 5441.0 732.88
88 9287.0 775.01
133 2965.0 759.81
173 37.0 941.02
279 9715.0 807.6
3 7783.0 170.44
208 5261.0 810.71
274 9424.0 218.98
136 9310.0 637.56
319 1757.0 953.22
186 7341.0 98.38
322 533.0 359.11
135 221.0 282.61
254 7078.0 628.09
285 1476.0 235.94
473 626.0 31.55
287 2499.0 632.4
11 7797.0 362.94
485 2961.0 527.1
61 6993.0 986.72
445 7247.0 164.61
102 9822.0 114.05
408 1501.0 922.69
362 1140.0 92.86
131 5380.0 393.41
474 6905.0 741.87
213 7171.0 441.07
372 2571.0 649.4
77 1766.0 847.86
419 3607.0 664.85
352 9360.0 973.08
446 7159.0 738.76
241 1137.0 905.67
210 6859.0 445.93
481 4691.0 747.91
80 6482.0 353.94
317 7253.0 657.22
224 2463.0 596.82
428 2726.0 938.92
84 2583.0 561.35
493 4464.0 274.31
159 4335.0 784.64
385 6193.0 701.91
104 2312.0 141.49
450 2046.0 941.86
412 955.0 41.68
106 5853.0 82.0
7 2782.0 641.18
173 3551.0 38.06
498 9742.0 27.14
439 6832.0 383.29
437 3938.0 596.5
383 8074.0 210.64
443 1470.0 370.28
317 8141.0 274.19
39 1524.0 791.81
448 3894.0 192.36
289 3686.0 497.18
26 120.0 647.11
161 6013.0 955.2
62 9806.0 472.16
238 6608.0 225.15
250 4793.0 803.53
18 960.0 83.07
372 2196.0 372.87
323 3641.0 764.92
183 3283.0 376.8
321 6127.0 833.24
231 2748.0 92.22
204 6329.0 95.36
46 2040.0 371.96
293 7431.0 312.64
395 6362.0 198.5
478 9069.0 458.04
475 8233.0 546.16
191 3649.0 635.45
264 4940.0 193.82
169 225.0 233.96
285 5003.0 776.5
238 4495.0 215.42
163 4042.0 790.21
307 2683.0 148.86
242 244.0 212.21
71 7242.0 68.86
440 9164.0 716.27
148 171.0 907.9
20 7106.0 332.37
252 540.0 331.12
327 8446.0 194.46
258 862.0 362.87
470 8589.0 978.44
120 6458.0 414.02
184 4361.0 922.01
310 1986.0 670.79
309 8595.0 65.91
52 4529.0 274.18
481 9964.0 507.12
303 7926.0 138.98
154 3678.0 943.73
361 9688.0 793.36
225 5120.0 830.13
492 8116.0 661.14
278 8656.0 271.32
169 5757.0 989.48
350 277.0 271.33
255 1166.0 226.82
78 6685.0 509.21
189 4814.0 528.07
247 7871.0 338.03
55 5397.0 432.53
249 1626.0 617.59
344 4264.0 591.17
402 1368.0 939.76
298 3084.0 784.5
283 9391.0 282.12
217 1979.0 626.67
455 9371.0 889.7
88 8839.0 12.34
310 5838.0 242.53
155 1340.0 654.52
400 8473.0 951.14
139 8257.0 605.48
27 5236.0 667.08
423 3847.0 561.21
456 5042.0 712.07
160 4969.0 706.78
13 3051.0 512.68
398 266.0 620.09
217 3130.0 606.76
76 9589.0 391.74
235 4532.0 276.43
320 1798.0 256.23
19 6767.0 847.36
151 2607.0 450.45
360 14.0 377.96
178 6202.0 652.65
170 4407.0 83.71
305 1010.0 50.66
494 8180.0 44.64
425 1624.0 773.03
273 5726.0 407.4
367 3990.0 858.77
123 6850.0 809.7
29 2225.0 288.88
312 2791.0 109.25
171 9008.0 790.05
385 454.0 821.19
191 2973.0 441.95
258 6121.0 856.91
483 5533.0 394.86
121 8755.0 557.07
133 8589.0 936.65
60 844.0 531.55
484 466.0 764.12
469 5444.0 730.33
284 4822.0 506.93
171 130.0 416.23
471 3584.0 949.7
148 9452.0 681.8
64 7231.0 440.36
243 1388.0 457.57
467 5913.0 264.18
154 9341.0 892.7
277 4082.0 961.19
329 6811.0 117.37
83 6732.0 281.91
310 2973.0 872.29
331 1770.0 269.46
403 409.0 322.01
140 4112.0 52.0
302 2803.0 271.38
184 9257.0 209.67
45 9899.0 600.2
342 10.0 175.43
479 2042.0 297.65
205 8500.0 494.78
408 6090.0 429.79
39 5166.0 311.26
212 9947.0 244.66
272 4517.0 945.86
220 313.0 42.46
352 717.0 238.69
210 9101.0 349.0
87 4103.0 218.96
417 9645.0 529.13
71 3592.0 950.85
252 3519.0 112.23
51 6240.0 768.9
151 708.0 809.38
487 3014.0 167.17
224 7055.0 683.57
345 2510.0 903.07
218 5312.0 298.98
191 9158.0 818.89
326 3760.0 833.36
282 6035.0 15.11
189 2854.0 785.58
223 4281.0 291.63
198 5929.0 440.83
362 4824.0 107.97
461 3769.0 697.51
478 719.0 404.06
469 7834.0 956.17
331 8254.0 615.41
165 9808.0 623.58
53 3951.0 327.77
154 848.0 583.96
245 934.0 302.15
425 1614.0 474.06
358 9748.0 634.63
297 7396.0 824.12
203 4924.0 946.7
477 5844.0 989.2
15 6833.0 71.45
341 6714.0 166.14
272 9661.0 321.65
328 4553.0 284.39
500 9696.0 918.27
132 9302.0 203.1
454 6097.0 110.09
484 5184.0 388.65
292 4325.0 164.81
26 6191.0 907.87
477 3643.0 647.83
370 5588.0 51.33
381 7017.0 227.7
62 7631.0 923.64
2 2812.0 938.1
245 3608.0 997.67
279 8242.0 720.76
321 8119.0 769.63
489 9968.0 855.42
411 4947.0 640.53
259 2317.0 171.89
213 6636.0 975.31
488 6356.0 993.45
85 2207.0 78.2
469 2494.0 83.14
349 922.0 852.66
396 697.0 13.46
194 9194.0 292.08
485 6780.0 430.13
319 4047.0 487.94
322 3619.0 417.69
198 1695.0 811.38
437 9176.0 575.49
301 7387.0 857.82
214 3825.0 61.57
327 4740.0 742.12
464 8417.0 676.21
40 7226.0 917.44
398 2859.0 906.33
289 346.0 33.22
11 9112.0 896.31
23 7576.0 683.49
418 6322.0 778.89
200 4310.0 133.77
93 8311.0 775.09
201 7648.0 744.76
375 1828.0 902.24
266 2481.0 743.56
380 5161.0 312.34
281 6619.0 657.99
107 2870.0 327.8
58 6633.0 395.9
79 6108.0 194.78
197 7776.0 49.28
418 4751.0 272.39
448 351.0 611.35
23 7942.0 161.47
444 7782.0 37.35
416 5911.0 106.75
259 1283.0 819.79
196 1201.0 271.75
471 2838.0 962.24
386 521.0 837.86
292 7658.0 392.68
229 6507.0 833.02
449 5755.0 156.2
49 2371.0 190.99
21 3587.0 663.82
94 6922.0 124.31
90 8284.0 719.8
244 9316.0 574.43
282 9789.0 158.83
429 3263.0 431.84
68 6608.0 761.31
150 4647.0 68.23
291 8727.0 32.35
20 6151.0 282.28
180 1182.0 862.48
148 1841.0 656.35
125 2809.0 188.21
481 2936.0 490.68
70 3902.0 750.43
476 5815.0 697.64
470 2822.0 768.45
251 5320.0 189.0
280 9452.0 843.93
273 4846.0 958.89
389 7176.0 209.39
53 6630.0 655.24
448 6639.0 359.59
142 3492.0 726.93
127 1339.0 115.84
115 7930.0 232.99
190 7681.0 687.95
384 7794.0 944.56
57 8068.0 896.58
283 5245.0 797.01
418 1965.0 223.51
490 6513.0 712.6
29 1848.0 513.18
211 5912.0 999.39
247 3846.0 744.72
72 2002.0 792.81
259 5245.0 276.06
153 1258.0 785.18
381 9213.0 102.07
189 8879.0 742.5
136 3714.0 61.14
459 104.0 991.36
253 4715.0 171.72
171 4064.0 277.53
311 1449.0 725.95
5 6314.0 1.42
168 920.0 672.24
115 1768.0 97.68
189 8426.0 850.51
435 4892.0 333.5
32 8311.0 798.38
36 6535.0 77.64
398 7450.0 712.84
232 9821.0 788.16
126 2056.0 567.09
256 2491.0 286.71
94 2293.0 283.23
90 6590.0 130.2
438 661.0 49.19
384 2179.0 965.0
45 7812.0 550.72
421 6072.0 134.24
193 329.0 294.52
454 9334.0 427.0
184 1181.0 833.74
493 3931.0 884.81
70 1198.0 960.12
171 2531.0 592.63
284 1470.0 82.3
435 6238.0 349.15
249 6625.0 611.18
422 1024.0 203.45
364 7637.0 259.43
142 6999.0 983.78
369 4072.0 385.59
317 4126.0 378.1
255 4053.0 963.4
82 9728.0 712.79
474 3006.0 38.52
291 2048.0 266.31
11 210.0 785.18
198 8048.0 172.43
265 8027.0 130.34
210 2522.0 613.44
357 8661.0 719.59
497 9394.0 451.44
173 456.0 375.59
369 7905.0 845.56
469 9459.0 980.41
482 3910.0 127.22
31 7830.0 793.89
219 3354.0 667.67
27 1787.0 184.43
373 6141.0 906.06
287 7668.0 555.04
109 9642.0 123.81
381 6562.0 519.81
34 1465.0 655.84
335 124.0 33.57
292 5090.0 665.3
107 4277.0 582.54
305 8543.0 884.12
158 4288.0 347.38
26 5482.0 129.09
113 6371.0 319.33
421 9692.0 474.48
125 5470.0 620.52
253 1555.0 906.89
257 2187.0 501.97
236 2832.0 10.58
132 3848.0 689.66
175 9937.0 166.91
472 9156.0 464.9
385 4010.0 262.84
478 5893.0 619.15
83 7859.0 607.87
34 6722.0 618.48
150 223.0 448.19
447 4563.0 647.17
241 8663.0 426.67
387 648.0 2.84
135 8307.0 353.12
178 4585.0 516.13
283 6259.0 71.25
15 9483.0 443.1
468 9227.0 166.53
284 4797.0 643.61
313 4755.0 175.58
258 8491.0 340.22
18 1742.0 684.24
496 9953.0 820.36
457 5239.0 200.32
433 2098.0 569.32
134 7070.0 821.74
412 4627.0 552.33
127 8845.0 126.16
99 2710.0 399.41
198 9873.0 756.69
103 9359.0 795.75
214 1832.0 413.23
478 66.0 620.85
100 2650.0 301.28
120 302.0 529.0
269 2035.0 163.77
406 6288.0 723.32
110 2706.0 988.52
445 8170.0 49.76
44 7642.0 740.96
275 6582.0 88.85
86 8623.0 909.55
70 4248.0 778.94
350 1243.0 679.93
351 9668.0 741.24
37 2674.0 899.29
9 9407.0 626.14
473 7799.0 265.21
450 5532.0 961.7
324 469.0 930.89
70 2821.0 727.38
411 9651.0 111.51
373 1786.0 758.17
290 6323.0 260.45
400 2753.0 241.36
233 8268.0 887.69
387 6329.0 124.47
376 9634.0 824.41
252 9466.0 192.8
305 4881.0 373.55
470 8979.0 685.27
50 7073.0 705.66
446 2372.0 116.36
383 241.0 863.29
138 9905.0 811.28
23 8148.0 206.79
384 9211.0 861.49
348 1312.0 753.15
1
500
1 1 2.94 0.0 66.21
33 6 8.49 642.01 727.84 26 8.69 1128.46 1244.29 103 6.97 654.15 742.55 107 1.6 1022.86 1144.48 118 9.41 1200.92 1326.58 120 8.9 1094.88 1214.2 132 5.17 891.01 991.47 164 7.73 1604.17 1719.65 167 3.0 1842.65 1966.25 191 4.5 1341.6 1450.55 221 1.88 1225.43 1310.36 236 5.65 218.18 293.57 254 6.61 1787.89 1888.33 264 7.64 1255.71 1369.75 278 3.54 1385.84 1486.23 309 9.34 1247.2 1321.43 331 4.03 1190.12 1261.41 352 2.14 601.79 729.77 357 3.08 725.04 850.54 367 3.27 1596.07 1726.82 368 7.64 1050.45 1179.55 371 2.58 1293.89 1409.15 372 4.14 865.99 958.92 397 7.71 1224.78 1320.36 399 4.12 1506.78 1594.54 403 5.8 1219.14 1337.47 427 5.53 1174.53 1262.28 437 2.11 1235.04 1330.81 438 6.12 919.57 988.68 447 9.29 855.02 941.12 462 1.74 913.94 1012.57 464 5.06 684.08 806.78 475 9.32 1476.17 1551.49
33 3 5.9 1839.69 1906.98 20 4.2 1463.68 1566.45 22 5.58 1704.33 1836.84 43 9.75 1696.74 1826.32 45 3.0 1734.49 1832.5 47 3.08 1672.34 1802.76 83 1.04 1393.38 1471.25 106 1.31 853.62 921.43 157 5.99 1622.75 1694.56 170 2.07 1342.49 1416.95 183 5.48 1695.56 1792.06 192 9.45 1877.41 2000.39 213 9.18 1466.45 1559.04 242 2.92 1355.0 1439.66 262 6.18 1647.45 1774.43 283 2.52 1288.15 1382.03 295 1.72 1864.92 1950.13 319 3.84 1055.01 1128.41 353 6.2 2041.42 2129.53 354 3.91 1385.81 1460.16 355 4.3 1495.95 1576.79 377 7.31 2098.68 2228.46 386 6.94 1750.51 1846.17 398 9.46 1605.44 1722.74 402 4.73 632.19 714.93 406 7.77 2009.32 2129.45 412 2.32 1788.43 1873.82 421 8.39 1315.68 1418.34 434 3.71 1674.74 1749.64 444 10.0 943.0 1061.69 455 8.43 1510.91 1593.63 477 7.4 1476.86 1602.33 487 8.73 1063.88 1168.5
33 8 3.4 1725.46 1852.89 28 6.09 1635.68 1731.82 52 5.45 1691.76 1798.31 53 2.0 1879.13 1962.68 68 7.12 1890.39 1968.43 98 8.08 1798.07 1884.44 108 7.67 1606.81 1684.65 130 4.22 1549.24 1682.0 185 3.59 2065.87 2187.2 209 8.96 1674.91 1746.74 214 9.2 1565.79 1686.2 223 3.42 1502.75 1620.06 232 9.01 2465.54 2582.27 238 1.95 1254.28 1373.29 245 2.87 1061.63 1131.06 284 6.84 1580.16 1678.45 286 4.95 1869.95 1970.4 303 4.99 1627.36 1738.02 325 5.61 1975.85 2065.35 336 8.76 2068.87 2189.89 340 2.29 1727.05 1845.41 366 2.86 1601.16 1713.9 380 8.06 1495.69 1628.37 401 9.07 1268.4 1352.38 407 3.61 1643.43 1743.11 417 8.7 1728.47 1853.04 418 6.98 1325.12 1452.14 422 4.47 1882.26 2012.79 433 5.48 1112.31 1195.21 460 7.35 1651.52 1767.74 469 9.88 1249.35 1380.7 493 9.1 1837.08 1930.26 496 1.6 1882.7 2007.12
33 12 3.14 2101.83 2193.74 38 6.71 2380.33 2500.52 57 5.55 2585.59 2667.25 82 3.9 1935.9 2056.24 105 9.39 1699.64 1775.16 110 4.28 1611.36 1735.7 150 7.14 2326.86 2417.54 152 3.38 2448.7 2530.65 156 5.94 2258.73 2341.89 168 3.9 1983.66 2108.83 196 2.57 2296.15 2368.56 202 6.03 1604.74 1672.93 205 1.76 1873.76 1979.36 224 1.18 2184.66 2260.69 228 6.01 1973.89 2105.08 241 5.12 2204.96 2324.27 248 7.52 1474.36 1595.42 275 3.5 2134.39 2230.31 297 5.09 2079.96 2155.97 321 8.04 2356.47 2442.81 339 1.83 1905.31 2015.66 365 5.55 2571.56 2664.78 383 9.54 1760.12 1876.39 391 4.35 2404.94 2533.47 392 6.34 1999.49 2077.07 394 3.74 2701.94 2818.12 405 7.82 1826.98 1925.07 429 1.83 2201.29 2324.83 440 9.53 2180.54 2299.45 453 1.22 2279.9 2400.31 457 7.0 2218.27 2321.18 461 2.99 1938.3 2033.39 478 3.0 1975.11 2084.58
33 19 7.83 2804.42 2928.32 24 2.62 2576.41 2664.72 29 7.01 2493.64 2578.02 46 6.89 2496.07 2567.5 64 5.45 2648.62 2731.15 97 1.17 2446.72 2530.72 111 3.34 2044.28 2138.32 117 1.92 2976.0 3089.34 124 6.27 2216.66 2335.2 125 5.81 2672.61 2754.16 147 1.19 2904.83 2999.62 163 5.47 2603.54 2703.52 180 7.58 2503.68 2610.82 227 4.15 3363.23 3459.95 235 4.39 2712.72 2819.27 239 2.46 2227.23 2301.78 246 9.17 2764.87 2862.96 251 1.66 2824.78 2917.24 276 2.61 2428.27 2496.87 281 7.64 2337.02 2462.56 305 8.99 2596.29 2729.42 333 6.63 2230.31 2318.51 343 9.09 2666.57 2776.61 344 3.85 2533.48 2611.36 351 5.63 2549.47 2616.67 390 4.72 2174.19 2272.87 408 6.32 2804.05 2889.94 423 9.63 2114.17 2205.48 435 1.34 2450.22 2579.71 442 6.14 2166.36 2258.19 446 6.07 2590.0 2687.39 463 8.93 2281.24 2370.96 489 4.17 2720.34 2790.86
33 17 8.62 3135.13 3202.1 30 8.4 2986.52 3062.16 36 4.45 2441.62 2553.64 39 4.35 2916.06 3030.97 71 3.13 2852.27 2985.45 99 5.24 3044.37 3169.1 109 5.09 3689.83 3774.72 137 4.57 2844.77 2973.83 146 7.5 2949.9 3037.32 161 7.47 3061.53 3161.76 175 6.84 2925.63 3003.19 178 3.64 3005.02 3075.48 204 7.6 2727.84 2827.49 206 2.51 2800.01 2885.55 225 1.57 2823.78 2915.22 233 2.66 3253.38 3341.59 243 9.65 2948.12 3045.31 291 6.83 2986.4 3094.5 298 8.46 2832.69 2959.61 320 3.42 2714.85 2830.21 342 4.59 2668.96 2798.6 348 9.57 2983.19 3083.83 387 3.15 2869.23 2946.73 395 8.03 2318.3 2417.61 400 2.62 3005.37 3082.28 409 1.9 3399.55 3507.86 415 3.62 3534.76 3660.28 420 9.66 3105.53 3216.85 451 7.66 3259.46 3357.42 452 5.08 3112.75 3179.75 456 2.67 3009.22 3124.49 497 9.81 2880.08 2999.85 498 2.38 2657.93 2736.81
33 31 9.32 2932.63 3064.29 33 8.96 3276.12 3347.44 41 6.24 3341.08 3473.06 42 2.62 3159.59 3288.15 48 8.57 3451.49 3518.91 54 2.53 3769.19 3880.88 55 1.99 3520.5 3639.18 59 8.68 3953.06 4072.15 91 4.49 3115.75 3206.18 100 8.8 2789.47 2902.96 116 5.79 3407.2 3540.17 121 7.7 3805.36 3872.64 122 5.04 3163.87 3292.76 123 2.01 3682.19 3801.68 134 6.48 3169.31 3288.33 153 6.43 3251.84 3361.24 212 6.1 3387.25 3464.08 215 9.75 3375.59 3489.01 288 4.54 3644.15 3766.76 292 1.5 3026.51 3153.42 300 5.97 3189.66 3312.01 307 4.32 2951.03 3062.75 328 3.16 2953.11 3030.08 337 3.13 3139.55 3219.66 347 6.85 3258.03 3373.89 356 1.94 3652.02 3725.93 364 5.88 2632.2 2735.06 416 9.96 3300.39 3426.63 428 7.23 3305.36 3419.13 436 6.0 3723.6 3824.26 449 1.52 3047.82 3157.63 458 5.47 2811.84 2892.01 495 1.09 3811.66 3893.19
33 5 9.22 3377.31 3484.38 34 2.93 4005.99 4087.5 75 2.21 4045.95 4158.39 77 4.3 3365.62 3495.79 85 3.89 3123.44 3244.25 90 9.64 3590.84 3660.93 133 9.38 3911.49 3998.76 135 6.56 3503.39 3630.74 148 5.06 3437.54 3509.59 160 2.85 3719.89 3821.94 174 7.79 3306.35 3437.72 188 6.48 3885.93 4003.0 201 8.35 4223.2 4303.68 220 3.07 3501.6 3613.35 226 6.34 3789.03 3861.43 230 4.96 4132.98 4231.36 253 3.14 3389.29 3490.83 258 7.11 3657.43 3724.81 271 4.44 4067.56 4153.91 277 8.44 4291.92 4395.56 318 1.13 3742.58 3872.21 322 3.39 3676.76 3798.62 335 8.07 3602.92 3700.21 360 6.88 4099.77 4216.01 361 9.52 3961.04 4089.7 376 6.55 4049.55 4151.44 410 7.34 3903.37 4023.82 411 8.14 3816.37 3901.4 413 7.24 3763.63 3850.86 432 4.17 3889.49 3992.4 466 2.41 3836.24 3911.73 471 8.73 3282.13 3392.75 483 9.2 3983.3 4055.84
33 13 1.4 4327.77 4402.27 14 7.74 4148.28 4217.7 40 9.94 4113.63 4216.13 70 9.61 4461.59 4569.48 95 8.79 4079.68 4175.74 142 1.4 4384.06 4502.89 149 8.34 3961.63 4068.09 172 9.31 4003.41 4110.54 182 5.38 3703.3 3776.96 219 9.23 4368.18 4444.17 229 2.23 4699.23 4804.65 249 4.39 4487.82 4586.59 250 4.34 4313.54 4400.65 267 3.62 4586.61 4704.52 268 4.25 4238.92 4305.94 269 6.2 3792.6 3862.43 272 9.38 4408.86 4536.38 273 2.33 4170.49 4245.6 301 6.64 4023.79 4135.65 302 6.79 3973.6 4049.73 312 8.99 3949.29 4023.56 316 3.36 4361.23 4468.29 329 9.66 4208.39 4291.54 373 1.16 3612.2 3720.48 374 7.13 3831.13 3933.77 378 1.91 4187.81 4280.68 425 2.13 4052.31 4151.78 439 2.61 3909.45 4008.06 470 8.13 4605.84 4686.54 473 2.2 3852.21 3944.94 481 5.5 3858.67 3931.07 488 2.56 4040.57 4117.69 492 2.77 4217.23 4314.98
33 2 1.47 4707.01 4779.28 9 4.05 4375.53 4495.71 25 8.71 5342.79 5469.81 35 8.61 4285.16 4402.24 60 4.27 4438.22 4547.61 61 8.75 4129.66 4197.07 101 8.52 4375.57 4503.27 112 1.56 4921.3 5018.43 119 7.24 4787.42 4900.16 129 2.1 4362.22 4451.99 131 1.79 4432.13 4533.63 143 9.57 4381.26 4462.46 154 7.6 4313.77 4435.77 155 9.42 4344.4 4459.33 159 4.36 4715.36 4836.17 181 3.03 4465.33 4588.46 184 1.51 4406.3 4477.62 189 9.01 4501.3 4593.0 198 3.0 4112.21 4193.64 210 4.57 4443.23 4545.39 244 6.57 4700.15 4796.07 247 6.26 4414.34 4540.17 256 9.5 4608.07 4710.71 280 7.05 4059.13 4126.68 317 8.09 4398.9 4502.14 369 8.68 3896.15 3982.92 396 1.77 4373.31 4444.85 426 2.87 4495.45 4567.35 431 9.02 4069.85 4151.78 467 9.16 5110.92 5199.42 482 7.66 4391.43 4496.04 486 8.31 5182.05 5256.23 494 1.77 3776.33 3906.21
33 16 8.25 5089.4 5185.33 27 9.21 5290.22 5420.02 50 8.83 5083.28 5190.88 56 5.4 4054.02 4168.63 62 1.34 5256.14 5368.31 65 6.56 4973.6 5087.99 67 5.72 5287.13 5396.82 74 2.47 5081.7 5159.25 81 5.2 4878.58 5000.37 89 5.1 5297.5 5382.65 92 2.54 4618.84 4692.21 140 4.25 4499.1 4577.19 144 8.2 4830.31 4954.22 145 6.5 5380.0 5451.1 176 8.24 4842.27 4913.8 177 9.74 5320.24 5398.37 193 1.62 4590.4 4663.01 207 2.55 4412.56 4480.01 265 9.07 4627.26 4741.66 279 2.63 4697.44 4767.87 293 8.71 5052.91 5132.7 294 5.97 4669.24 4784.64 299 5.06 4610.09 4686.7 310 4.63 5015.8 5113.21 330 2.57 4689.07 4782.11 332 8.37 4518.84 4596.26 334 2.79 4850.34 4968.64 341 7.13 4361.68 4434.05 350 1.56 4474.36 4571.59 389 4.61 5085.12 5200.04 468 9.15 4873.53 4992.85 472 4.99 4630.1 4756.88 479 1.89 4556.71 4689.59
33 63 7.4 5025.25 5094.09 66 6.16 5126.74 5223.9 87 3.31 5431.47 5509.8 94 3.03 5322.28 5411.15 102 9.69 5017.11 5091.54 104 2.29 5289.94 5422.47 115 5.48 4428.92 4514.4 127 9.56 4311.93 4397.1 141 9.02 5367.45 5446.68 166 3.3 4838.28 4934.23 169 2.57 4971.33 5073.66 187 8.7 5723.94 5790.61 194 4.68 4726.89 4834.89 200 5.35 5006.39 5115.71 203 8.61 5473.35 5569.42 211 8.48 5479.93 5598.22 216 3.9 5300.12 5425.2 240 7.04 5631.71 5739.69 252 7.9 4999.26 5101.53 257 1.76 5609.23 5700.83 263 2.79 5268.04 5347.82 266 2.51 5275.48 5348.6 306 2.62 4991.18 5109.56 308 1.74 5119.79 5212.35 324 4.11 4354.96 4482.95 349 4.18 4951.32 5065.08 370 8.38 4801.93 4904.3 385 7.02 5162.32 5269.92 388 8.93 4700.02 4818.48 419 6.93 4677.7 4790.53 430 1.71 4731.97 4831.24 480 6.85 5029.89 5101.99 485 9.36 5281.22 5401.24
33 10 9.74 5314.27 5402.05 21 4.5 5040.16 5158.66 32 9.86 5222.68 5301.55 44 3.51 5084.32 5197.47 51 8.87 5740.33 5844.92 69 7.63 5549.95 5646.07 73 2.22 5591.53 5718.58 76 7.11 5514.36 5634.16 78 2.51 5499.29 5589.83 80 3.61 5229.9 5306.13 86 3.35 5329.64 5405.96 114 8.0 5677.28 5770.14 138 4.61 5231.09 5320.13 171 8.25 5604.31 5717.65 186 6.76 5447.69 5534.68 190 2.54 4646.15 4730.39 208 8.23 5311.89 5431.87 234 8.5 5478.13 5570.8 282 7.34 5311.5 5444.2 311 9.47 5224.71 5311.75 313 4.73 5444.67 5561.04 323 9.17 5473.77 5598.33 327 4.63 5543.35 5631.78 362 7.44 5005.51 5077.24 375 9.84 5310.93 5382.06 379 6.2 5094.9 5223.6 404 9.35 5023.85 5129.92 424 1.21 5846.14 5938.61 441 2.02 5344.27 5460.86 443 6.59 5061.32 5161.33 459 1.41 5391.28 5483.51 476 3.19 4596.96 4676.82 499 8.61 5419.32 5547.94
33 4 9.28 5751.8 5830.4 7 8.87 5506.1 5600.16 15 6.52 5310.51 5417.45 49 7.64 5816.47 5924.73 58 7.06 5385.48 5493.67 151 9.03 6150.33 6225.74 162 4.24 6050.97 6181.8 173 8.34 5544.44 5670.07 179 4.67 5484.61 5589.24 195 4.62 5931.96 6023.52 217 9.96 5313.59 5440.03 218 4.4 5329.81 5431.46 231 6.75 5820.8 5934.88 259 2.26 5541.3 5627.48 285 8.59 5686.2 5807.6 289 4.3 5425.49 5518.55 290 4.06 5649.98 5753.66 296 8.5 5659.32 5783.98 304 3.25 5774.89 5842.23 314 4.94 6088.93 6172.52 315 8.85 5468.32 5557.0 326 1.6 5784.01 5915.86 345 1.39 5557.78 5650.78 346 9.18 5029.47 5105.6 359 5.32 5725.43 5847.45 363 3.52 5750.44 5877.06 381 6.35 5316.22 5410.99 382 1.42 5367.15 5463.18 384 7.33 6319.34 6388.12 393 3.53 5754.07 5873.43 445 6.53 5563.2 5641.39 454 8.54 5022.21 5111.94 491 9.69 5866.84 5935.18
33 11 4.46 6422.6 6519.52 18 1.54 5903.01 5987.5 23 1.86 5942.44 6066.59 37 4.05 6407.08 6511.21 79 6.27 5976.35 6087.03 84 5.42 6451.07 6561.16 88 7.66 6177.82 6248.87 93 8.79 5641.57 5737.04 96 1.74 5940.31 6018.12 113 4.53 6055.88 6151.47 126 5.93 5652.84 5763.53 128 4.81 6042.02 6124.11 136 3.94 5908.36 6017.28 139 7.68 6253.78 6367.19 158 6.34 6093.02 6195.01 165 5.99 5025.24 5132.43 197 9.68 5831.72 5940.68 199 8.8 6701.83 6780.84 222 4.6 5895.93 5999.37 237 6.58 6143.02 6245.77 255 8.11 6348.33 6424.77 260 8.09 6306.62 6378.13 261 5.45 5992.2 6065.94 270 6.68 6309.06 6421.19 274 2.8 6249.82 6338.13 287 9.99 5886.94 6015.85 414 6.21 5686.21 5761.65 448 6.42 5640.56 5756.83 450 5.47 5984.67 6064.97 465 6.96 6360.77 6430.39 474 3.0 5364.41 5468.32 484 7.13 6262.87 6369.27 490 8.21 6751.2 6868.74
1 500 7.36 6801.67 6901.98
