500 5000 0 1 7
12
4
11
19
10
2
14
9
11
19
5
4
3
14
18
19
4
19
9
10
5
9
14
17
5
13
16
2
8
12
15
5
8
4
9
15
11
4
11
3
12
18
15
16
7
9
4
4
8
19
4
17
9
15
13
16
12
9
14
2
8
2
17
5
17
2
6
9
8
7
10
15
4
17
5
12
14
8
3
8
13
12
10
11
4
14
9
12
16
6
17
5
7
15
5
2
11
7
6
5
3
4
16
4
6
19
8
13
10
18
9
18
17
2
18
13
6
13
10
7
16
3
19
9
8
15
16
4
9
12
16
13
6
2
14
10
2
14
17
6
7
8
2
16
15
10
4
16
11
13
16
9
3
4
18
17
16
3
16
12
11
6
11
2
14
15
4
7
11
2
10
14
13
9
11
10
12
6
5
4
15
6
17
17
13
10
4
12
6
8
3
11
19
10
11
5
16
5
13
9
14
6
6
17
2
4
5
18
7
4
13
10
4
16
4
2
11
18
19
12
14
3
11
5
12
5
12
13
5
18
14
7
19
16
15
16
8
8
17
12
13
7
16
16
4
15
8
6
2
9
3
14
3
15
17
14
13
10
8
2
4
7
11
16
9
12
15
8
16
2
13
15
4
14
16
8
8
17
5
12
14
7
17
2
2
4
4
16
15
8
4
16
14
4
5
12
17
2
4
15
3
12
7
10
8
8
4
11
13
9
13
6
2
9
18
13
17
14
9
14
7
14
10
6
14
2
6
13
14
12
10
16
3
12
12
6
6
8
13
5
12
15
12
8
8
7
11
7
7
16
17
5
2
2
2
10
18
16
9
6
6
12
13
11
19
17
2
15
11
8
11
8
6
8
8
17
8
2
4
15
12
13
5
6
12
9
6
17
11
15
5
3
10
5
14
13
11
10
10
6
16
10
15
16
12
5
14
7
6
2
14
19
17
13
17
12
11
16
17
7
9
2
13
2
5
16
6
10
16
14
16
10
2
8
16
10
9
4
11
15
16
7
12
12
10
14
13
17
6
2
13
6
13
6
4
9
2
11
17
16
14
6
7
17
15
10
6
10
9
12
15
9
12
4
2
6
12
12
6
3
2
12
11
14
12
8
4
5
14
11
14
13
5
2
4
13
2
7
13
0
123 1805.0 40.53
290 9566.0 597.9
148 2138.0 542.74
9 8933.0 58.1
140 867.0 631.9
444 1488.0 424.15
326 7338.0 842.42
111 3343.0 906.4
445 4920.0 423.73
420 2403.0 655.87
43 1328.0 930.5
357 6101.0 345.04
496 828.0 255.36
5 1160.0 445.23
166 1858.0 790.4
59 1768.0 695.72
462 1719.0 558.12
298 8237.0 288.14
86 8000.0 146.67
447 5054.0 579.68
110 2184.0 564.99
493 7154.0 147.27
366 3744.0 151.02
433 8997.0 20.91
362 6642.0 554.85
9 1873.0 687.64
340 2226.0 388.76
222 5408.0 928.86
312 4394.0 180.61
347 6033.0 190.72
161 1705.0 476.69
271 7399.0 257.83
28 5421.0 980.43
101 9980.0 985.49
116 9175.0 160.38
256 1742.0 670.4
438 4474.0 768.0
258 1834.0 838.34
224 3264.0 173.38
440 3267.0 130.9
486 5889.0 317.41
418 6984.0 882.98
385 4677.0 400.4
18 5849.0 418.46
65 8100.0 516.42
282 9067.0 495.55
169 2586.0 116.32
327 9700.0 758.12
315 1554.0 144.75
167 89.0 214.86
41 1344.0 196.01
94 8381.0 596.32
122 4273.0 843.12
367 5491.0 864.03
203 3019.0 529.98
196 5696.0 540.74
276 8332.0 533.53
365 7132.0 116.9
317 4906.0 950.32
357 8699.0 797.76
492 3223.0 279.07
402 7097.0 553.55
334 162.0 302.15
276 460.0 3.74
13 7147.0 70.79
356 515.0 199.0
53 900.0 48.25
211 8844.0 414.12
219 2316.0 892.44
27 2324.0 408.91
123 7207.0 773.26
29 2802.0 693.48
205 5179.0 76.04
319 2525.0 6.63
479 8890.0 275.28
405 2674.0 673.87
385 2345.0 903.5
99 1925.0 331.09
75 6940.0 227.4
244 1509.0 803.58
243 4002.0 601.35
420 166.0 748.27
349 882.0 665.6
143 5157.0 155.37
499 9079.0 605.38
35 2300.0 486.16
339 942.0 49.98
292 7780.0 685.0
375 4749.0 712.7
410 544.0 737.9
466 6649.0 564.7
438 7507.0 335.73
177 9626.0 997.02
139 9313.0 839.92
91 9266.0 851.37
130 2937.0 662.46
404 4308.0 785.64
198 2857.0 805.18
279 4656.0 405.65
192 9330.0 801.6
2 57.0 626.36
73 2752.0 97.53
27 6443.0 831.4
486 9724.0 570.51
352 7074.0 600.14
132 4118.0 454.23
263 3278.0 741.2
105 2448.0 375.08
262 2392.0 102.53
384 1323.0 590.64
423 7514.0 969.89
295 5777.0 104.0
412 8507.0 276.73
129 6601.0 645.77
431 4422.0 445.15
480 3661.0 575.36
294 5886.0 687.19
167 756.0 717.76
324 4703.0 960.39
198 8123.0 775.49
379 8266.0 507.34
425 2736.0 952.16
148 5056.0 104.18
194 7915.0 827.3
383 7105.0 487.68
282 1828.0 275.32
92 7547.0 624.27
319 5881.0 341.89
244 1462.0 786.24
261 9568.0 71.16
124 7398.0 500.36
255 1236.0 57.53
484 32.0 404.9
10 426.0 669.01
439 7783.0 596.73
436 7353.0 487.75
312 6839.0 306.76
329 4217.0 687.33
305 6685.0 37.3
432 9964.0 560.91
336 2430.0 860.6
77 2531.0 105.98
171 6574.0 378.98
419 2674.0 420.18
395 4673.0 966.67
337 6529.0 451.19
274 3050.0 394.21
121 9398.0 454.64
457 1539.0 624.21
434 2002.0 830.79
69 5789.0 255.72
61 5981.0 4.75
494 3970.0 453.04
453 9379.0 596.44
326 3217.0 980.23
407 9200.0 126.43
381 5005.0 331.79
382 5647.0 108.12
354 139.0 491.99
109 8491.0 329.65
259 5373.0 185.01
175 5223.0 648.94
371 2575.0 331.71
495 3390.0 702.09
432 2846.0 198.9
53 3950.0 983.37
265 9248.0 95.28
461 7160.0 334.59
238 7955.0 949.97
201 7416.0 126.82
162 3794.0 488.7
200 3177.0 751.81
245 7973.0 574.07
202 5354.0 444.82
227 920.0 10.24
417 7585.0 650.62
206 1981.0 731.66
74 4074.0 992.92
437 8064.0 589.06
474 3741.0 943.2
329 3035.0 542.58
293 4896.0 331.79
171 9238.0 910.99
53 9490.0 280.84
204 2650.0 647.59
14 7264.0 740.43
363 857.0 181.55
43 5587.0 680.58
305 8636.0 814.0
436 7629.0 148.53
294 4780.0 619.95
248 8574.0 222.7
352 6701.0 78.05
106 9283.0 696.69
391 7874.0 686.73
101 3251.0 503.04
419 8470.0 776.26
387 8795.0 552.82
90 1268.0 461.85
366 1640.0 822.85
282 2257.0 206.36
481 9025.0 444.57
21 5637.0 575.66
170 6328.0 609.22
199 8671.0 454.36
63 7194.0 908.13
459 3158.0 405.28
77 6282.0 738.37
266 1285.0 938.67
76 2657.0 269.85
188 9079.0 228.63
289 6784.0 261.0
403 4200.0 842.64
140 1230.0 811.07
206 8796.0 908.54
286 1630.0 955.69
218 8119.0 685.84
498 257.0 357.16
277 530.0 665.53
303 6485.0 924.23
26 7083.0 10.53
53 9347.0 35.25
131 3430.0 924.92
393 2013.0 703.76
304 5171.0 596.37
416 8563.0 466.51
389 5046.0 557.41
14 1176.0 897.81
159 7727.0 997.07
30 2073.0 453.59
237 3783.0 782.35
432 703.0 926.83
467 2859.0 791.42
62 7179.0 918.07
194 4419.0 660.43
311 8095.0 554.25
227 3058.0 143.03
232 2839.0 749.77
398 4034.0 789.6
239 3919.0 476.86
382 6168.0 321.41
195 5443.0 477.47
309 4069.0 282.5
16 129.0 902.23
464 603.0 602.06
227 4395.0 340.83
126 8877.0 400.41
498 2791.0 785.3
459 335.0 912.4
403 8666.0 456.94
286 8715.0 504.24
63 9810.0 867.55
186 512.0 391.94
311 9226.0 294.55
117 8481.0 203.63
431 484.0 480.13
352 9881.0 469.96
25 1522.0 506.97
111 5426.0 42.79
338 6643.0 996.67
68 838.0 637.36
405 9164.0 697.27
315 8059.0 602.62
222 8577.0 664.67
45 9914.0 468.1
204 6349.0 318.85
278 1641.0 666.25
123 8914.0 112.92
350 6810.0 826.4
233 8883.0 122.65
105 176.0 703.94
411 3057.0 591.44
13 404.0 53.02
449 6671.0 317.08
391 3874.0 123.23
72 1669.0 317.91
493 6496.0 364.21
305 9037.0 297.06
182 4680.0 608.84
150 3971.0 996.03
107 3012.0 898.69
294 1921.0 747.93
253 1111.0 449.79
222 9032.0 901.95
259 2647.0 513.74
18 3128.0 209.8
197 8211.0 885.65
11 7076.0 850.92
50 623.0 26.08
465 6418.0 738.24
4 793.0 500.19
345 5457.0 94.58
89 9603.0 900.85
148 8922.0 844.83
72 3858.0 638.89
456 5136.0 956.45
318 3656.0 244.31
3 4002.0 432.66
199 4620.0 695.62
444 6544.0 673.31
379 2679.0 582.23
257 9384.0 372.59
72 9447.0 290.6
152 2302.0 50.86
364 9954.0 626.67
7 6266.0 572.99
115 6983.0 320.57
453 8146.0 828.26
206 6138.0 768.12
320 9368.0 609.08
382 2837.0 957.5
173 4984.0 979.41
171 6019.0 237.36
74 9344.0 185.31
56 5194.0 818.27
261 3636.0 546.72
268 9011.0 549.35
243 9781.0 680.52
334 8297.0 340.53
461 2083.0 744.23
486 8362.0 834.83
346 9629.0 970.05
10 3909.0 494.48
438 8466.0 947.9
47 4010.0 966.7
462 9725.0 985.93
164 507.0 415.51
406 5927.0 181.96
76 8981.0 715.33
190 5562.0 777.56
385 6329.0 448.63
86 5050.0 510.22
74 1566.0 771.42
59 7166.0 501.13
422 769.0 610.27
287 2783.0 604.01
274 5920.0 771.79
41 5849.0 427.64
285 7813.0 788.06
347 8365.0 489.17
495 2295.0 1.58
76 4037.0 77.73
432 478.0 652.02
201 5550.0 167.66
107 327.0 78.72
214 3123.0 388.27
43 1223.0 242.83
291 3920.0 800.88
339 6651.0 74.35
186 3427.0 257.97
356 6938.0 259.05
183 8624.0 732.65
48 5536.0 616.19
476 3523.0 495.94
69 4874.0 964.95
247 5333.0 854.28
132 6468.0 613.17
342 6570.0 718.1
128 5404.0 543.63
252 9036.0 402.36
483 4148.0 994.55
365 3074.0 153.81
214 7588.0 510.2
205 7266.0 568.76
428 9192.0 413.39
359 9796.0 835.1
72 7751.0 132.71
195 2508.0 716.93
212 7042.0 885.15
360 9853.0 615.72
12 2781.0 598.76
5 8169.0 494.73
17 8342.0 598.95
310 5018.0 281.98
463 735.0 431.55
87 7146.0 285.02
491 4128.0 825.01
305 1942.0 979.77
92 5952.0 347.5
289 5332.0 42.87
417 45.0 505.6
51 1831.0 397.61
206 4829.0 681.46
276 5444.0 29.39
188 2422.0 710.84
486 9784.0 845.91
374 3101.0 468.05
467 6994.0 140.47
230 887.0 371.83
124 8063.0 78.01
243 5872.0 466.02
232 602.0 979.04
362 7669.0 338.11
31 714.0 220.3
146 2697.0 89.71
18 3935.0 551.75
439 8327.0 420.07
262 7993.0 956.2
454 8568.0 673.41
282 1079.0 145.5
382 2526.0 143.53
252 8629.0 244.16
141 8463.0 423.12
105 1646.0 981.81
128 8625.0 811.87
186 172.0 125.09
242 9728.0 364.97
472 4310.0 755.84
361 541.0 7.51
448 8088.0 557.21
35 5635.0 423.65
4 685.0 447.07
176 6612.0 931.92
273 4720.0 233.31
366 9347.0 992.19
230 5273.0 724.45
170 6782.0 866.06
215 7387.0 629.76
381 4682.0 131.07
306 2615.0 171.08
373 5655.0 26.88
389 7304.0 475.55
311 5423.0 828.39
302 7717.0 425.6
28 1187.0 339.14
208 7502.0 259.01
41 3821.0 670.04
192 9606.0 382.57
408 3743.0 710.51
326 6344.0 681.16
134 5841.0 625.74
225 2726.0 135.1
272 4541.0 137.35
264 5983.0 99.71
11 6231.0 533.83
424 8548.0 300.39
411 5911.0 632.98
428 511.0 238.65
160 1279.0 234.41
490 1287.0 797.75
348 1649.0 793.64
202 2089.0 783.69
220 65.0 253.63
101 2783.0 664.49
303 1475.0 979.46
349 7043.0 458.3
157 4022.0 142.87
221 191.0 180.6
453 2240.0 95.67
22 594.0 190.27
258 7878.0 39.29
450 5900.0 854.01
94 1796.0 582.27
139 7217.0 680.38
303 6221.0 192.65
127 3826.0 821.19
445 8527.0 191.95
417 9434.0 389.27
161 1850.0 739.74
271 3959.0 448.41
476 495.0 421.96
34 1979.0 846.55
412 4941.0 142.55
247 345.0 195.01
35 7845.0 918.21
398 6530.0 410.59
391 440.0 372.79
464 8432.0 649.78
214 3221.0 398.28
379 874.0 741.6
351 656.0 255.23
466 7044.0 394.56
291 7649.0 739.83
273 8997.0 80.33
459 3335.0 512.45
255 9362.0 914.28
283 9016.0 829.41
62 6703.0 26.86
371 21.0 399.46
493 8033.0 646.65
94 2914.0 604.81
228 5416.0 820.63
32 2798.0 48.19
30 2656.0 226.99
159 7125.0 453.82
13 5274.0 195.64
154 6617.0 783.69
111 7701.0 413.72
140 4221.0 573.99
463 2523.0 893.55
21 2164.0 839.14
431 2773.0 709.06
129 1343.0 789.63
130 3380.0 140.09
159 9602.0 298.87
246 2362.0 358.82
404 3726.0 687.92
97 3538.0 320.68
494 3881.0 970.22
352 9706.0 325.89
457 6577.0 563.44
300 5475.0 233.83
99 2492.0 470.42
483 6659.0 112.69
218 6871.0 53.91
379 536.0 221.9
448 4301.0 87.38
23 276.0 852.88
163 140.0 644.22
337 6895.0 834.52
36 5080.0 230.35
390 7280.0 248.9
338 659.0 444.61
110 2103.0 437.95
209 759.0 317.93
321 6490.0 750.13
155 8560.0 432.63
56 216.0 790.75
485 1505.0 885.45
63 3004.0 368.38
234 5121.0 838.11
328 709.0 377.47
402 3286.0 91.23
362 8460.0 682.27
349 5223.0 70.13
482 4393.0 276.15
103 6910.0 12.73
393 3829.0 730.44
81 7427.0 848.29
480 323.0 207.51
169 34.0 92.64
266 4145.0 295.25
384 4715.0 582.99
12 9614.0 830.96
471 2496.0 181.91
27 9407.0 420.16
284 8626.0 578.1
85 5402.0 318.54
436 7291.0 926.56
225 3896.0 428.87
243 2507.0 788.83
263 9352.0 148.63
481 7371.0 359.27
451 864.0 63.64
298 1685.0 29.28
424 674.0 545.72
479 1822.0 415.88
150 4305.0 947.77
165 5070.0 499.82
410 4509.0 352.08
373 7333.0 860.14
24 8421.0 121.95
386 3773.0 357.98
133 3696.0 122.53
222 3772.0 976.5
182 7515.0 151.84
32 7454.0 794.24
66 9239.0 91.94
199 9581.0 854.16
70 869.0 182.13
330 5645.0 269.33
177 6812.0 789.29
17 2162.0 650.94
277 8899.0 663.05
157 2002.0 267.61
370 1860.0 4.58
252 776.0 247.59
37 5908.0 480.53
241 6083.0 705.5
98 817.0 118.34
401 8963.0 462.52
20 8566.0 459.93
163 2592.0 93.98
252 7485.0 932.71
63 7530.0 286.91
391 7743.0 456.19
359 3381.0 787.1
179 5190.0 890.52
397 3719.0 636.51
134 8940.0 516.85
216 6320.0 563.71
490 2191.0 985.91
432 4724.0 199.79
281 6462.0 543.67
155 4789.0 696.0
111 5811.0 698.99
114 4941.0 301.26
419 9823.0 800.5
112 4087.0 857.51
175 9310.0 842.94
220 66.0 547.22
283 3880.0 41.14
158 613.0 517.07
250 9581.0 788.72
230 3765.0 92.82
322 538.0 562.77
294 3153.0 695.94
262 323.0 100.1
145 670.0 961.06
126 8960.0 638.42
286 6867.0 627.03
66 2239.0 963.35
283 6913.0 857.12
80 4398.0 164.66
469 9791.0 902.09
259 2556.0 548.19
61 2220.0 681.47
148 8984.0 227.84
36 2228.0 943.47
79 9034.0 994.09
77 762.0 531.25
372 2801.0 290.67
275 6789.0 856.19
158 4563.0 581.66
190 9366.0 324.2
498 6515.0 32.99
69 9343.0 466.98
313 1133.0 671.02
135 9049.0 522.64
439 9454.0 434.53
73 1240.0 509.72
4 1765.0 662.82
102 3996.0 759.13
224 2663.0 382.14
434 1217.0 59.32
219 3951.0 419.64
309 5037.0 429.5
48 7319.0 905.04
15 2989.0 229.41
316 8798.0 618.85
448 9860.0 207.68
270 8560.0 814.15
328 2096.0 546.23
346 5188.0 700.74
137 826.0 915.58
340 9684.0 384.82
235 5649.0 448.36
386 2252.0 851.93
237 9688.0 40.31
464 6846.0 651.2
275 4468.0 704.17
482 5619.0 536.28
265 5751.0 604.55
25 3404.0 831.4
70 3773.0 266.67
292 1183.0 764.96
212 1267.0 944.89
106 9337.0 310.04
13 4743.0 490.09
425 1648.0 619.61
250 217.0 788.39
458 3478.0 925.43
67 3213.0 739.26
452 2617.0 244.86
377 446.0 502.39
371 9842.0 507.88
194 7343.0 170.32
162 7519.0 413.05
119 7914.0 752.07
311 4803.0 914.8
394 7078.0 667.82
413 600.0 126.64
184 6641.0 982.64
167 2746.0 870.17
271 8402.0 752.32
28 5746.0 724.84
430 8738.0 973.82
429 3401.0 696.36
150 8356.0 984.67
287 6735.0 403.53
253 5231.0 785.11
457 4472.0 461.8
332 4691.0 908.51
80 3923.0 550.15
130 8027.0 935.75
203 5197.0 820.84
290 5483.0 734.4
37 226.0 932.75
44 7651.0 683.93
13 7152.0 105.99
4 5137.0 260.61
276 1191.0 16.94
293 4834.0 977.72
286 1545.0 857.7
380 6216.0 443.6
481 82.0 405.42
442 3544.0 758.24
188 569.0 356.43
343 5960.0 830.22
374 6539.0 489.76
272 7401.0 770.25
451 9313.0 281.29
289 6578.0 187.74
4 1341.0 710.48
227 7167.0 64.5
288 4901.0 797.77
486 5229.0 750.2
134 5214.0 429.51
37 3812.0 587.24
201 8421.0 463.08
456 1158.0 394.35
384 4758.0 30.04
271 8867.0 61.02
415 2245.0 597.22
355 8102.0 798.05
437 4573.0 857.55
47 966.0 529.38
352 419.0 554.03
261 4625.0 418.11
418 7972.0 820.43
50 9666.0 979.37
474 2483.0 646.19
249 1028.0 291.4
145 249.0 323.55
44 6375.0 976.53
120 8861.0 319.49
273 8638.0 558.25
350 6480.0 737.52
11 6377.0 807.39
102 6162.0 799.56
318 6541.0 73.69
235 3286.0 583.6
498 8422.0 161.59
104 7600.0 661.04
344 1400.0 619.71
40 2773.0 259.89
187 8432.0 923.09
387 278.0 576.15
169 6163.0 482.54
227 1151.0 193.27
456 3745.0 54.68
37 6892.0 112.19
298 9590.0 943.89
483 5625.0 649.3
79 5719.0 107.56
31 4290.0 396.89
404 5573.0 349.46
146 1722.0 635.54
209 2436.0 529.92
12 3471.0 726.42
190 717.0 6.59
395 7093.0 452.88
251 8766.0 951.57
274 1400.0 477.34
272 2302.0 69.11
330 8125.0 587.67
335 3866.0 154.55
367 4122.0 492.08
310 4761.0 500.43
48 1435.0 607.48
68 1584.0 490.47
39 7213.0 143.09
36 2764.0 57.59
402 3474.0 793.85
249 9903.0 519.38
331 5044.0 806.83
30 502.0 2.35
136 8089.0 488.28
44 1338.0 621.15
461 2981.0 993.66
290 5484.0 816.74
147 6705.0 932.54
112 18.0 226.45
36 575.0 242.43
297 3616.0 336.94
462 5248.0 266.02
104 1688.0 291.02
347 8442.0 782.15
275 931.0 42.42
260 820.0 118.52
37 9268.0 568.14
310 5134.0 8.1
16 7220.0 754.06
272 4219.0 221.46
255 1874.0 779.76
301 8066.0 840.16
128 8588.0 920.35
351 1521.0 531.55
168 9083.0 780.07
104 3532.0 215.18
311 3590.0 69.59
75 360.0 999.76
488 1320.0 164.25
241 2351.0 53.07
220 8288.0 923.91
454 5253.0 353.5
117 1187.0 949.01
24 4279.0 127.87
382 4865.0 438.31
371 2310.0 418.54
355 6727.0 860.85
442 1433.0 423.06
248 8427.0 665.92
223 6609.0 981.05
174 9645.0 384.65
219 9359.0 290.58
285 4301.0 358.31
237 2914.0 774.16
226 8397.0 522.15
131 4244.0 103.41
111 368.0 431.5
135 7188.0 451.43
202 8503.0 221.97
235 9409.0 68.28
404 7616.0 371.48
290 2337.0 928.45
245 9544.0 621.23
362 5273.0 643.11
55 3224.0 972.93
194 313.0 469.04
228 9624.0 154.79
489 9805.0 320.12
466 6446.0 378.11
209 1908.0 483.76
321 6425.0 623.02
19 525.0 718.96
22 111.0 735.87
487 59.0 94.78
428 6944.0 600.04
214 1164.0 66.2
147 978.0 752.73
212 3577.0 188.69
137 198.0 441.22
266 1616.0 51.23
211 9385.0 93.21
496 8113.0 503.55
326 6025.0 667.86
54 58.0 322.63
19 2372.0 280.03
149 8549.0 870.47
17 9071.0 558.77
405 9602.0 885.98
472 3134.0 396.14
261 3733.0 863.18
296 9055.0 787.75
498 5857.0 395.99
121 338.0 236.74
349 3661.0 882.85
417 2791.0 342.41
481 6830.0 868.25
269 7115.0 429.92
26 8525.0 178.02
361 4140.0 258.04
331 6094.0 171.41
286 7340.0 590.84
348 3235.0 394.42
223 2274.0 94.75
4 6736.0 169.99
195 7353.0 460.97
249 4700.0 405.16
138 3202.0 505.89
194 4110.0 728.31
85 9192.0 153.27
402 7460.0 528.06
397 9165.0 539.71
358 6067.0 180.21
164 9805.0 590.9
314 2438.0 348.9
326 4187.0 1.65
42 439.0 586.57
376 9561.0 200.61
31 1092.0 939.07
275 2515.0 377.35
136 382.0 678.27
438 8955.0 244.06
209 4677.0 477.92
417 451.0 606.73
85 5842.0 739.35
214 8905.0 252.28
284 6310.0 451.38
134 3946.0 635.98
115 1115.0 751.74
372 8278.0 78.63
447 9267.0 264.97
88 6664.0 57.62
408 4914.0 327.7
466 5336.0 683.45
155 8024.0 87.3
114 2707.0 482.71
233 7769.0 200.78
176 1022.0 500.76
61 6483.0 680.61
86 4189.0 883.86
153 8933.0 897.39
185 115.0 972.13
187 8990.0 183.0
197 4479.0 385.79
75 689.0 610.13
141 5531.0 4.38
229 4247.0 212.87
401 4466.0 76.21
279 4243.0 974.84
101 3777.0 230.73
238 88.0 724.27
332 338.0 514.17
405 367.0 249.51
159 6040.0 360.41
94 4822.0 146.31
197 870.0 38.48
293 491.0 27.63
164 5897.0 432.79
434 154.0 629.78
5 7248.0 154.54
324 465.0 525.8
7 135.0 494.42
87 1090.0 748.6
120 4739.0 846.0
101 767.0 320.43
96 2688.0 765.64
314 7629.0 41.21
298 9855.0 972.24
383 8522.0 993.54
365 2858.0 305.55
498 4548.0 76.35
84 8558.0 786.9
372 3317.0 565.91
167 7493.0 783.73
73 9489.0 380.09
251 3660.0 8.96
249 941.0 826.64
31 1230.0 826.39
287 1856.0 212.06
43 4524.0 186.89
72 5607.0 92.35
97 7201.0 849.92
323 6707.0 197.7
82 1606.0 811.02
456 8838.0 725.02
277 355.0 902.04
338 8257.0 248.04
398 3042.0 477.81
49 7604.0 313.59
188 4999.0 870.45
77 7208.0 335.66
287 4941.0 477.97
8 941.0 374.12
284 5380.0 408.1
112 5103.0 167.4
216 3938.0 49.14
454 1216.0 153.38
428 2311.0 34.57
459 6348.0 701.71
271 1583.0 315.9
361 7214.0 584.86
362 6523.0 376.52
102 3171.0 340.21
448 9300.0 401.86
384 2542.0 949.58
323 1732.0 485.0
467 8786.0 216.4
37 2387.0 553.28
443 6761.0 495.33
211 1266.0 494.77
436 2046.0 449.02
476 4316.0 674.89
447 1927.0 457.95
452 8010.0 509.33
77 4954.0 642.87
152 4119.0 648.81
222 1635.0 689.73
381 8218.0 272.95
393 8497.0 79.59
70 1499.0 468.72
193 6935.0 984.18
44 6600.0 482.58
94 6712.0 785.31
307 2801.0 746.54
76 4893.0 20.78
321 5585.0 722.99
8 4107.0 445.46
219 3180.0 319.87
429 4301.0 774.98
187 1573.0 75.12
17 9243.0 341.25
273 7506.0 366.73
58 5815.0 840.25
166 5846.0 72.6
453 948.0 902.17
26 6160.0 453.82
280 7188.0 622.84
211 5090.0 558.91
180 9065.0 152.15
195 1398.0 447.36
279 173.0 599.8
480 8503.0 56.25
412 2857.0 157.07
300 8431.0 213.05
321 5290.0 773.87
243 4131.0 377.14
440 3571.0 228.84
134 9164.0 789.74
452 7102.0 889.23
432 8305.0 102.91
277 2339.0 829.23
12 9684.0 459.78
10 5537.0 632.77
323 8241.0 906.23
387 4791.0 736.89
354 7330.0 864.5
155 6673.0 657.21
317 5372.0 239.26
316 3711.0 938.21
359 1490.0 919.62
265 3310.0 854.68
341 3433.0 771.45
214 4154.0 573.71
136 6897.0 704.51
184 102.0 510.8
71 8986.0 749.24
174 7778.0 783.14
83 6749.0 73.54
348 3204.0 640.4
43 6263.0 855.54
21 7582.0 285.56
451 3630.0 972.45
163 981.0 400.94
401 4358.0 75.12
329 2258.0 648.56
84 7479.0 373.46
99 5289.0 263.96
361 7526.0 419.5
298 2485.0 359.45
126 5870.0 108.19
372 762.0 476.95
77 2335.0 219.15
9 9553.0 360.26
292 6008.0 633.34
301 2292.0 440.89
215 2772.0 813.62
494 9913.0 874.21
88 7279.0 391.78
2 7032.0 643.79
280 1374.0 657.68
177 3380.0 162.42
414 56.0 398.72
261 8574.0 267.13
376 4752.0 442.28
484 5660.0 183.13
197 2040.0 805.24
81 4467.0 628.09
76 9588.0 958.46
17 8129.0 385.53
322 848.0 548.76
51 3676.0 673.76
43 1181.0 478.78
158 6708.0 916.45
318 4040.0 570.07
273 797.0 624.57
48 6569.0 517.32
213 4142.0 646.05
398 3252.0 137.34
150 3044.0 962.06
389 2722.0 725.26
73 8031.0 426.76
409 7123.0 728.62
346 911.0 969.57
171 1988.0 890.24
28 7457.0 722.21
486 2405.0 814.98
390 9445.0 615.69
280 6110.0 6.81
246 4150.0 384.89
263 3066.0 979.82
305 2095.0 837.61
198 2985.0 434.12
118 5429.0 868.38
52 7052.0 912.54
83 6845.0 830.51
347 9859.0 620.67
75 9489.0 434.03
447 2600.0 508.39
116 4145.0 856.19
390 7520.0 174.19
376 4012.0 906.59
113 8417.0 493.84
290 260.0 900.44
469 6008.0 117.08
302 8100.0 925.01
148 9055.0 29.6
216 1793.0 311.17
31 9178.0 399.35
132 8200.0 407.12
271 134.0 354.43
176 6519.0 976.86
161 5057.0 885.1
159 9473.0 412.08
242 1989.0 921.95
480 9362.0 730.17
83 2370.0 265.31
244 1677.0 275.87
471 5440.0 544.27
399 1994.0 782.36
9 4947.0 804.71
480 2151.0 203.24
93 9373.0 98.96
175 4254.0 975.38
65 1691.0 731.45
49 3623.0 212.84
307 887.0 380.99
478 7162.0 22.1
395 3680.0 668.01
128 8020.0 473.72
257 2862.0 613.07
62 9662.0 528.89
225 3672.0 127.34
167 8734.0 839.91
424 6982.0 212.08
347 826.0 34.97
346 7755.0 855.63
17 2394.0 704.9
16 1503.0 478.75
86 565.0 42.79
116 4312.0 786.64
318 917.0 687.75
324 1637.0 609.69
110 6557.0 357.25
194 2965.0 833.11
355 9876.0 274.55
10 6839.0 948.01
422 7473.0 149.73
87 5142.0 762.2
327 7950.0 176.96
290 90.0 379.77
79 491.0 354.87
330 3440.0 804.45
358 8010.0 5.78
344 5931.0 704.98
243 6809.0 583.19
418 1015.0 761.72
464 4420.0 455.71
264 4305.0 900.96
72 4742.0 304.0
305 1833.0 532.9
253 3072.0 559.45
124 8094.0 626.59
72 5206.0 739.22
299 8612.0 464.02
96 9509.0 149.37
187 9519.0 203.4
290 3483.0 279.72
247 8060.0 713.96
497 7244.0 159.96
88 1837.0 84.5
44 8726.0 8.49
66 6516.0 3.73
220 2389.0 939.87
418 9239.0 571.71
182 211.0 905.9
417 7645.0 741.25
428 2588.0 600.99
154 7419.0 913.14
214 1138.0 75.48
319 9357.0 714.91
188 4510.0 172.67
404 2411.0 731.15
125 9348.0 273.17
52 8341.0 902.97
395 6010.0 223.4
446 4435.0 579.26
460 806.0 714.63
211 9004.0 492.86
212 7150.0 7.24
187 8296.0 221.56
210 558.0 966.67
313 4309.0 437.17
176 1238.0 74.47
134 301.0 499.98
382 2280.0 747.88
438 2880.0 206.24
351 4967.0 633.01
251 9550.0 475.29
366 894.0 661.42
448 4034.0 142.54
399 8741.0 458.05
491 5318.0 829.23
178 389.0 479.35
405 9073.0 891.5
416 3775.0 412.09
82 8928.0 68.36
113 8944.0 711.29
290 7667.0 946.6
146 6163.0 118.22
492 9458.0 498.9
288 9363.0 7.18
366 2474.0 442.48
87 4785.0 829.19
185 435.0 435.08
397 8683.0 483.69
375 4260.0 744.89
26 3620.0 735.58
394 6832.0 364.51
96 9116.0 68.06
404 3065.0 950.09
259 860.0 174.75
98 5824.0 488.91
252 1581.0 257.5
147 5450.0 566.84
58 4823.0 385.86
352 2005.0 140.31
398 4903.0 494.68
126 1153.0 75.24
233 1952.0 153.32
296 3565.0 967.09
312 5231.0 905.16
32 617.0 992.24
417 6345.0 914.02
373 7712.0 331.43
142 6192.0 161.87
57 1173.0 216.49
161 4760.0 160.26
302 6561.0 968.28
177 4866.0 541.93
460 6239.0 234.59
44 1962.0 177.78
282 6268.0 809.55
126 6244.0 27.68
449 1831.0 992.89
422 9972.0 203.33
322 371.0 121.02
25 9709.0 445.34
331 3395.0 853.03
144 6997.0 67.18
32 3679.0 254.68
435 4338.0 332.57
90 1078.0 550.81
473 6147.0 754.71
36 2848.0 557.75
34 6076.0 937.87
136 7476.0 750.81
384 7913.0 514.29
120 6234.0 673.23
89 6768.0 776.48
95 9060.0 499.75
409 6177.0 569.74
157 5018.0 858.46
344 8165.0 730.12
301 3706.0 123.81
224 6595.0 331.02
295 7126.0 972.8
202 6836.0 175.22
146 5710.0 503.82
21 2172.0 112.27
387 7986.0 187.75
168 5152.0 674.11
222 1744.0 402.53
134 1057.0 344.2
307 8242.0 792.95
367 1895.0 578.18
58 1671.0 879.23
305 6205.0 765.59
457 8758.0 497.34
449 5493.0 402.07
208 8835.0 421.01
498 5080.0 439.0
309 3333.0 177.75
465 6464.0 832.78
491 1973.0 664.68
249 4522.0 518.11
144 5490.0 971.03
148 5129.0 149.94
364 4727.0 976.23
340 286.0 190.02
450 2248.0 686.7
8 9080.0 690.23
301 4500.0 223.13
115 2491.0 919.39
356 5561.0 380.5
499 6579.0 651.19
274 267.0 772.82
448 374.0 239.81
54 450.0 256.82
226 2735.0 419.04
177 9864.0 902.38
10 202.0 705.97
187 8706.0 306.51
185 8021.0 484.38
240 9920.0 880.73
436 9902.0 545.8
26 5119.0 463.89
21 6024.0 970.91
428 3053.0 399.41
233 3613.0 812.9
409 8746.0 740.51
473 9090.0 125.55
175 8566.0 803.27
293 7318.0 783.46
395 7894.0 315.51
31 5021.0 392.64
17 465.0 930.75
441 4090.0 330.68
177 466.0 422.75
456 273.0 80.6
189 5907.0 194.11
81 49.0 97.97
445 4845.0 398.52
42 7180.0 134.68
187 8294.0 574.64
317 452.0 798.35
151 3688.0 956.84
39 5200.0 22.92
99 3526.0 750.12
219 8595.0 240.47
488 1949.0 859.66
132 8284.0 685.43
179 7401.0 610.69
440 2264.0 511.98
5 2190.0 27.12
280 3836.0 165.33
383 758.0 475.95
339 1295.0 67.27
420 6693.0 231.04
248 2275.0 843.99
191 8536.0 14.72
142 8994.0 607.33
460 3624.0 101.7
139 7806.0 218.73
393 7787.0 477.76
240 9233.0 761.28
111 8687.0 27.18
7 9945.0 652.55
213 9345.0 844.59
488 7249.0 98.96
95 1880.0 970.39
83 4051.0 776.27
344 3198.0 676.75
342 3013.0 17.81
202 7943.0 178.58
107 2818.0 107.8
194 1707.0 831.55
119 7436.0 248.11
178 2826.0 756.53
94 5941.0 614.0
317 3136.0 401.14
472 9945.0 839.26
455 2145.0 470.74
133 3737.0 2.54
162 4148.0 299.79
343 1609.0 492.88
35 192.0 151.19
239 3135.0 957.46
260 5884.0 120.12
22 5685.0 576.65
107 7200.0 53.76
430 6895.0 909.43
441 5136.0 295.05
181 7117.0 468.88
464 5565.0 268.13
265 7940.0 390.99
188 8267.0 746.22
115 9534.0 867.81
269 3610.0 241.92
455 2015.0 398.84
348 1445.0 254.27
125 6353.0 260.48
328 4890.0 125.49
88 2452.0 340.92
98 7632.0 478.14
205 5534.0 954.82
301 4902.0 496.76
149 1042.0 95.39
154 4101.0 509.77
248 3456.0 257.94
62 3268.0 814.23
378 3008.0 875.12
306 8031.0 388.61
166 3105.0 133.99
140 8837.0 123.69
318 9930.0 832.8
393 6730.0 687.57
380 874.0 965.19
187 610.0 801.14
49 7866.0 337.14
311 1535.0 886.24
297 5248.0 317.51
44 8302.0 705.3
277 8562.0 801.12
145 82.0 434.78
73 6457.0 645.65
492 7235.0 569.17
7 612.0 938.7
454 1110.0 754.52
313 3620.0 136.96
198 3787.0 801.82
256 9763.0 762.99
499 7456.0 831.3
235 470.0 421.06
47 7817.0 709.35
411 3378.0 358.02
104 2440.0 641.62
146 5189.0 653.2
56 4725.0 826.55
444 686.0 555.65
114 7537.0 110.78
122 3596.0 930.91
97 9846.0 997.16
32 1098.0 303.28
307 6261.0 11.37
181 3132.0 346.33
128 3589.0 532.87
206 4874.0 757.39
68 8876.0 22.13
226 3186.0 456.23
93 8794.0 774.54
59 6635.0 991.02
176 727.0 850.37
203 2396.0 120.04
217 6055.0 604.61
230 7996.0 217.18
12 5708.0 390.79
116 3179.0 984.26
327 5594.0 443.76
482 761.0 247.12
89 7473.0 346.72
15 521.0 77.44
181 777.0 702.7
445 8276.0 825.01
469 4710.0 40.17
368 9147.0 522.58
452 8364.0 404.9
157 937.0 573.56
451 3339.0 22.86
117 3155.0 691.87
245 8991.0 127.41
16 6545.0 366.34
180 3385.0 15.13
8 8076.0 361.08
437 4438.0 841.41
443 4617.0 172.5
392 3579.0 224.28
131 3692.0 46.61
345 6645.0 951.61
99 842.0 508.59
120 3996.0 8.99
435 3018.0 698.76
140 5077.0 456.9
297 7869.0 828.42
145 3564.0 479.77
187 6032.0 551.4
489 1811.0 18.83
90 6721.0 249.63
186 3471.0 910.51
420 8646.0 160.4
276 6153.0 279.75
436 9448.0 2.31
384 6879.0 482.83
370 4802.0 911.61
27 306.0 52.26
242 184.0 693.62
374 9482.0 648.64
183 7098.0 609.1
402 5275.0 754.04
294 8011.0 110.95
120 9908.0 767.41
221 5777.0 137.88
64 1678.0 187.94
265 1244.0 888.59
279 3162.0 630.2
498 897.0 51.12
413 4037.0 421.83
53 4154.0 339.24
334 615.0 811.93
282 2814.0 126.64
254 2565.0 651.69
99 6287.0 12.35
140 6523.0 548.57
110 3385.0 948.06
418 2725.0 940.73
264 372.0 410.38
174 4354.0 730.59
258 6080.0 928.87
383 5232.0 221.38
286 418.0 281.12
284 5979.0 954.09
350 2709.0 900.13
178 4935.0 322.24
389 7568.0 696.54
143 4835.0 597.39
153 3625.0 592.94
499 9845.0 915.68
375 5163.0 559.51
439 2481.0 976.69
368 4813.0 402.6
159 257.0 510.62
8 2443.0 854.11
93 7142.0 432.59
336 7660.0 438.3
449 7591.0 735.65
334 8484.0 928.61
238 9401.0 64.78
72 1263.0 603.53
470 5260.0 973.89
160 6268.0 660.06
125 973.0 47.5
482 1516.0 927.01
22 760.0 694.94
288 9394.0 729.44
433 5806.0 959.04
207 8376.0 24.08
120 6884.0 730.91
49 9042.0 185.5
225 8251.0 523.93
113 4595.0 970.67
171 5998.0 739.62
356 7290.0 979.61
227 5252.0 38.17
59 2749.0 30.93
32 7183.0 179.05
489 4315.0 231.38
306 2634.0 243.52
391 9445.0 178.18
11 6495.0 834.8
58 1387.0 583.64
445 9188.0 774.65
293 8235.0 713.18
408 7369.0 694.67
473 10.0 292.72
6 1257.0 349.49
436 6793.0 650.12
195 5941.0 818.5
305 1138.0 256.58
138 9404.0 671.05
132 1882.0 41.38
212 3727.0 656.48
499 7740.0 800.67
403 4840.0 9.85
476 1918.0 950.95
281 2223.0 488.7
439 7988.0 115.46
277 8005.0 608.77
412 5976.0 208.55
324 4004.0 999.05
34 9279.0 927.37
94 8035.0 794.22
309 4162.0 696.57
38 6635.0 21.52
115 5288.0 256.63
267 2466.0 90.66
498 1770.0 202.74
403 1190.0 80.96
201 3460.0 159.09
141 8138.0 998.98
267 713.0 902.83
66 3981.0 674.42
360 5842.0 190.32
304 1544.0 725.81
402 9078.0 864.15
183 9286.0 712.35
111 1093.0 834.53
344 6706.0 968.08
22 7250.0 523.92
319 276.0 91.02
126 8782.0 256.24
44 9900.0 317.89
418 8089.0 143.07
395 9541.0 919.4
425 8812.0 196.27
269 5488.0 536.05
456 298.0 458.63
107 563.0 162.02
437 3676.0 720.64
183 7755.0 93.8
79 6817.0 288.94
102 1965.0 40.15
93 6958.0 235.43
333 3362.0 647.07
143 20.0 734.7
60 8554.0 149.2
102 8474.0 130.55
461 727.0 778.56
315 5756.0 918.78
108 6227.0 262.96
41 5705.0 263.35
394 6616.0 937.81
75 1401.0 1.26
36 3862.0 388.35
136 2783.0 291.42
411 5575.0 161.98
161 6059.0 388.57
465 144.0 623.64
207 457.0 599.23
304 1729.0 828.68
335 9115.0 755.17
217 1901.0 153.9
296 7261.0 439.62
274 7759.0 12.04
70 7049.0 100.77
53 5014.0 915.87
159 8008.0 202.63
7 2273.0 564.94
301 354.0 796.53
187 8653.0 850.11
58 6591.0 754.9
402 8531.0 205.26
78 4465.0 13.47
479 9876.0 372.35
55 2109.0 573.88
12 9707.0 764.63
423 2135.0 548.85
82 740.0 829.2
228 7016.0 123.76
479 5888.0 215.8
352 3208.0 895.54
50 7408.0 86.49
61 9870.0 293.57
127 2695.0 825.01
171 6421.0 538.42
461 1679.0 107.78
361 3169.0 790.23
404 616.0 797.45
107 3872.0 694.92
70 1709.0 922.53
311 9222.0 331.38
98 3596.0 323.15
6 4801.0 854.43
407 4864.0 569.04
304 7026.0 103.37
413 4973.0 586.8
100 3637.0 68.39
438 9395.0 444.93
377 7825.0 920.4
232 1912.0 808.04
177 7759.0 384.35
107 2053.0 672.37
484 4460.0 249.73
275 6042.0 956.91
215 9252.0 141.35
497 8202.0 958.76
36 1376.0 182.89
335 3881.0 653.23
98 8247.0 391.88
377 5479.0 524.09
392 4011.0 516.91
39 2043.0 37.66
224 4313.0 202.56
25 3008.0 637.51
328 4975.0 979.01
427 5900.0 216.2
140 3632.0 547.74
42 902.0 839.09
341 1488.0 325.46
200 2362.0 216.35
426 2124.0 298.96
257 7497.0 636.27
190 5245.0 599.89
386 9254.0 254.91
61 794.0 174.32
112 4884.0 687.44
102 6745.0 650.32
86 2453.0 19.23
366 5635.0 364.52
314 5321.0 26.42
2 8330.0 797.76
104 7279.0 601.98
443 5880.0 101.05
354 4204.0 667.71
84 6743.0 70.75
66 5269.0 504.63
479 2058.0 56.43
98 5699.0 667.26
488 7081.0 775.75
375 9100.0 222.61
207 4923.0 43.3
248 8333.0 303.13
368 4914.0 135.67
447 5599.0 797.89
176 3135.0 831.31
391 7054.0 990.16
389 1719.0 584.1
104 4894.0 687.7
289 5534.0 379.24
310 880.0 112.25
494 119.0 638.23
394 65.0 173.36
495 464.0 952.64
333 1727.0 199.35
48 933.0 268.03
461 112.0 7.21
434 3096.0 884.58
365 6558.0 870.5
64 6339.0 360.89
406 7153.0 912.64
173 1495.0 200.66
281 4752.0 746.82
363 1525.0 338.45
130 291.0 864.65
415 4944.0 533.54
414 984.0 937.12
444 9342.0 582.7
39 5783.0 85.38
179 104.0 826.07
116 973.0 734.7
321 9372.0 550.77
305 2881.0 896.99
154 6173.0 348.98
327 2439.0 852.69
278 6095.0 349.07
189 3167.0 178.79
360 1259.0 567.75
191 2034.0 304.63
25 9155.0 107.97
395 2962.0 445.92
128 8144.0 498.74
464 7100.0 462.13
449 7218.0 251.84
276 6551.0 362.8
370 6936.0 485.28
148 8243.0 212.3
135 6725.0 681.24
243 8595.0 909.67
126 2028.0 347.73
393 9526.0 224.76
280 6924.0 470.17
94 8134.0 311.53
172 5173.0 691.14
393 199.0 884.25
408 7872.0 144.58
478 7149.0 501.9
250 5526.0 393.29
457 4030.0 568.86
48 1614.0 432.08
287 6010.0 365.91
179 6349.0 667.47
65 1569.0 363.69
158 6046.0 105.78
146 565.0 859.57
360 4419.0 782.78
133 5551.0 221.05
79 4499.0 570.32
231 8200.0 105.41
108 9902.0 27.75
56 853.0 291.4
207 7220.0 289.69
118 5717.0 158.8
425 5600.0 991.47
455 4095.0 375.3
447 4880.0 964.12
309 6822.0 919.11
486 3076.0 2.12
496 7479.0 361.91
280 2164.0 407.74
291 7200.0 247.53
343 3976.0 156.98
131 5160.0 598.54
487 2575.0 812.25
83 5147.0 361.91
309 9063.0 993.44
60 4163.0 235.52
178 2363.0 286.87
75 4354.0 362.72
236 8448.0 721.03
44 2147.0 761.0
19 8020.0 566.3
241 4779.0 180.76
408 3187.0 456.64
382 4400.0 815.96
302 1569.0 886.78
157 2980.0 217.44
295 5793.0 250.22
5 7078.0 50.8
443 1355.0 815.08
244 2883.0 579.01
382 5098.0 280.8
396 9905.0 872.45
158 1491.0 5.63
197 3990.0 357.49
135 7237.0 887.9
380 3687.0 351.08
407 6443.0 137.59
355 3631.0 479.6
129 6556.0 778.9
413 7609.0 897.17
365 2576.0 763.96
322 7577.0 262.41
90 5228.0 161.5
82 2251.0 114.03
210 2215.0 347.6
274 595.0 571.55
41 4509.0 738.49
305 3819.0 631.81
424 9989.0 823.19
2 9351.0 975.32
143 712.0 777.73
101 3078.0 995.93
18 9987.0 153.46
53 6137.0 108.58
72 6937.0 359.06
61 9423.0 618.31
44 6170.0 827.37
455 9109.0 682.57
245 261.0 773.11
381 8821.0 391.15
199 9258.0 204.55
101 6528.0 701.87
315 9930.0 377.33
491 2433.0 383.51
282 2206.0 792.62
289 24.0 418.51
266 6731.0 319.64
58 8991.0 643.32
156 2072.0 860.41
282 7627.0 624.12
42 2212.0 113.4
500 8452.0 16.99
388 7050.0 208.3
11 4945.0 64.77
151 4929.0 104.37
301 4308.0 234.26
332 3473.0 340.9
126 3250.0 49.49
75 6045.0 425.65
481 7023.0 158.23
2 4110.0 821.23
316 6019.0 977.26
182 4220.0 773.5
57 1427.0 771.52
202 2243.0 172.55
445 5999.0 705.11
397 6565.0 536.52
305 770.0 420.03
289 9709.0 393.33
259 8015.0 523.5
108 6382.0 376.23
68 131.0 317.8
194 3847.0 338.09
234 6028.0 587.73
480 1036.0 562.01
4 2448.0 364.48
454 606.0 149.03
9 2298.0 46.03
103 2549.0 344.94
270 928.0 869.55
15 4791.0 421.7
271 8813.0 179.82
386 8076.0 745.39
379 2609.0 658.49
361 7612.0 817.33
203 5939.0 283.73
268 5642.0 832.84
205 2691.0 952.36
354 7998.0 291.45
208 7322.0 159.55
3 9084.0 946.54
314 7145.0 573.11
350 8949.0 283.52
119 451.0 608.23
66 6291.0 217.57
16 8894.0 294.38
15 4527.0 371.05
324 5326.0 720.3
159 4340.0 191.35
413 4291.0 819.82
436 7024.0 678.65
261 132.0 651.89
37 7070.0 935.33
386 7830.0 452.09
168 741.0 224.42
258 5107.0 814.81
80 5483.0 152.93
297 1510.0 248.57
214 4363.0 912.57
333 5536.0 114.35
257 9135.0 175.11
328 7620.0 173.77
182 396.0 73.79
464 3112.0 381.48
108 541.0 555.76
106 1913.0 563.65
141 5107.0 218.39
121 9929.0 543.25
453 224.0 426.93
350 3892.0 877.67
24 7337.0 330.44
330 5485.0 216.92
31 3104.0 384.87
372 2632.0 121.4
90 4984.0 439.69
119 3325.0 72.97
63 5860.0 808.89
12 6944.0 937.29
42 1686.0 240.97
66 7718.0 397.7
367 8106.0 870.92
264 154.0 47.46
355 6262.0 782.45
108 7115.0 317.09
383 1558.0 787.44
176 1166.0 457.59
338 1581.0 447.23
103 9394.0 814.0
300 2708.0 165.71
490 4281.0 553.22
468 9668.0 590.02
275 2461.0 14.76
6 341.0 967.34
289 6955.0 103.29
427 554.0 792.88
298 8569.0 288.78
42 5122.0 40.05
378 8990.0 739.7
10 2459.0 234.65
437 4206.0 560.45
97 8786.0 227.28
248 4560.0 741.24
33 4433.0 135.58
74 6527.0 937.59
96 9794.0 143.09
211 2832.0 183.42
325 1711.0 495.17
439 422.0 24.42
198 9022.0 46.97
405 273.0 560.61
219 5773.0 112.07
303 3006.0 436.71
274 6728.0 460.45
448 3819.0 822.28
431 2450.0 148.62
65 7166.0 472.2
189 710.0 506.54
297 1676.0 474.24
16 2621.0 219.74
6 4687.0 774.83
317 4813.0 288.96
264 7147.0 509.97
359 9414.0 465.13
220 3802.0 661.77
393 2358.0 69.17
246 4829.0 28.11
82 6929.0 761.37
279 2473.0 392.47
35 2627.0 177.02
455 6470.0 361.24
462 1327.0 960.95
40 2229.0 268.14
273 6231.0 80.47
9 8769.0 288.15
220 9763.0 857.05
134 8850.0 347.44
136 6104.0 842.44
139 2169.0 815.58
223 3549.0 928.01
26 9182.0 430.64
302 7247.0 181.65
216 1683.0 622.36
55 5988.0 362.44
135 7553.0 764.51
461 5134.0 885.77
487 1871.0 590.44
51 7605.0 514.83
449 2149.0 656.87
330 4853.0 403.57
108 4935.0 581.8
244 245.0 213.94
39 9468.0 35.96
96 7188.0 779.76
474 4176.0 261.74
3 1710.0 372.27
313 455.0 560.76
361 4109.0 884.65
38 7894.0 15.82
278 6736.0 519.7
194 9255.0 993.55
15 6845.0 200.66
204 9195.0 557.48
223 1351.0 435.35
459 713.0 597.52
269 2990.0 123.57
6 481.0 106.79
462 5973.0 738.17
435 3534.0 918.04
369 6559.0 553.7
198 367.0 873.87
331 576.0 569.56
3 6661.0 735.17
260 3775.0 472.52
266 2594.0 976.36
478 894.0 110.89
497 3114.0 904.81
90 5465.0 211.95
23 1708.0 465.97
88 2546.0 48.06
166 9830.0 739.68
191 2045.0 653.11
349 7798.0 832.71
45 8074.0 851.03
365 5559.0 380.5
243 5830.0 614.43
228 4025.0 321.81
194 6814.0 687.92
468 3057.0 131.74
215 4456.0 585.01
159 7388.0 602.73
484 8384.0 340.42
122 5885.0 997.39
440 3099.0 792.76
260 5640.0 688.5
59 9136.0 232.63
210 942.0 989.19
243 8997.0 461.85
287 4346.0 191.98
373 9240.0 265.34
152 6042.0 857.88
127 3321.0 741.3
482 8603.0 209.11
394 957.0 879.99
431 8413.0 475.34
280 2155.0 821.11
153 7105.0 483.58
264 4560.0 748.97
461 496.0 984.51
4 9873.0 327.96
70 5769.0 442.87
98 852.0 968.74
442 3114.0 937.33
403 3271.0 544.47
17 1780.0 188.55
274 1549.0 981.09
465 4469.0 607.4
466 5683.0 669.34
251 9102.0 55.73
461 5349.0 535.69
23 7690.0 11.57
370 1449.0 873.22
403 5599.0 352.79
459 1382.0 115.79
279 3897.0 167.86
7 8736.0 413.63
344 1994.0 211.67
462 5470.0 236.58
192 4203.0 687.69
298 3739.0 531.58
184 9890.0 17.76
236 6197.0 263.45
144 8353.0 915.26
116 5818.0 205.46
399 4608.0 419.27
94 1055.0 951.46
29 2347.0 751.59
342 2584.0 898.97
195 4316.0 804.48
223 225.0 736.54
261 3952.0 245.57
196 9772.0 801.22
61 3570.0 466.76
391 3106.0 521.03
83 5441.0 732.88
193 9287.0 775.01
4 5563.0 759.81
428 37.0 941.02
480 9715.0 807.6
382 7783.0 170.44
273 7803.0 810.71
36 9424.0 218.98
221 9310.0 637.56
206 1757.0 953.22
300 7341.0 98.38
109 51.0 359.11
489 221.0 282.61
335 7078.0 628.09
432 1476.0 235.94
351 626.0 31.55
378 2499.0 632.4
11 7797.0 362.94
261 5514.0 527.1
283 6993.0 986.72
17 8057.0 164.61
326 9822.0 114.05
42 6767.0 922.69
108 1140.0 92.86
367 5380.0 393.41
394 6905.0 741.87
300 7171.0 441.07
343 2571.0 649.4
77 1766.0 847.86
419 3607.0 664.85
354 9360.0 973.08
446 7159.0 738.76
242 1137.0 905.67
481 2378.0 445.93
227 4691.0 747.91
151 6482.0 353.94
176 7253.0 657.22
394 2463.0 596.82
163 2726.0 938.92
219 3515.0 561.35
40 4464.0 274.31
6 4335.0 784.64
477 1866.0 701.91
374 2312.0 141.49
122 2046.0 941.86
96 5850.0 41.68
440 5618.0 82.0
466 2782.0 641.18
385 3551.0 38.06
366 9742.0 27.14
487 4528.0 383.29
444 3938.0 596.5
422 1448.0 210.64
362 1470.0 370.28
381 8141.0 274.19
438 1524.0 791.81
489 9114.0 192.36
386 3686.0 497.18
152 120.0 647.11
183 1195.0 955.2
202 9806.0 472.16
267 6188.0 225.15
220 4793.0 803.53
392 960.0 83.07
44 2196.0 372.87
400 3641.0 764.92
59 3283.0 376.8
45 6127.0 833.24
110 9043.0 92.22
495 2916.0 95.36
95 8157.0 371.96
213 7431.0 312.64
7 6362.0 198.5
54 9069.0 458.04
193 8233.0 546.16
116 3649.0 635.45
77 4940.0 193.82
479 225.0 233.96
29 6705.0 776.5
315 2974.0 215.42
52 4042.0 790.21
352 7459.0 148.86
397 244.0 212.21
86 4478.0 68.86
211 9164.0 716.27
47 171.0 907.9
152 5924.0 332.37
413 540.0 331.12
236 8446.0 194.46
102 862.0 362.87
465 8589.0 978.44
142 7197.0 414.02
198 4361.0 922.01
381 1986.0 670.79
38 8595.0 65.91
111 7995.0 274.18
254 9964.0 507.12
30 7926.0 138.98
417 3678.0 943.73
48 87.0 793.36
141 5120.0 830.13
62 8116.0 661.14
7 8656.0 271.32
337 5435.0 989.48
390 9195.0 271.33
474 7290.0 226.82
70 6685.0 509.21
64 4814.0 528.07
9 7871.0 338.03
307 9764.0 432.53
486 1626.0 617.59
323 4264.0 591.17
149 9579.0 939.76
162 3084.0 784.5
417 9391.0 282.12
388 1979.0 626.67
394 2793.0 889.7
67 8984.0 12.34
24 5838.0 242.53
122 2813.0 654.52
454 8473.0 951.14
6 8257.0 605.48
114 5236.0 667.08
459 3847.0 561.21
494 5042.0 712.07
298 6575.0 706.78
45 3051.0 512.68
345 266.0 620.09
47 3130.0 606.76
255 9589.0 391.74
488 4532.0 276.43
486 8530.0 256.23
109 6767.0 847.36
492 2607.0 450.45
452 14.0 377.96
178 6202.0 652.65
170 4407.0 83.71
138 7354.0 50.66
26 8180.0 44.64
56 1624.0 773.03
165 5726.0 407.4
442 3990.0 858.77
488 6850.0 809.7
457 1920.0 288.88
81 2791.0 109.25
189 9008.0 790.05
265 454.0 821.19
38 2973.0 441.95
228 6121.0 856.91
160 8679.0 394.86
425 8755.0 557.07
177 8589.0 936.65
314 844.0 531.55
433 466.0 764.12
470 5444.0 730.33
285 4822.0 506.93
171 130.0 416.23
472 3584.0 949.7
148 9452.0 681.8
64 7231.0 440.36
244 1388.0 457.57
455 478.0 264.18
410 9341.0 892.7
419 4082.0 961.19
372 6811.0 117.37
240 1926.0 281.91
72 2973.0 872.29
98 6829.0 269.46
393 409.0 322.01
190 4112.0 52.0
96 1782.0 271.38
350 9257.0 209.67
112 9899.0 600.2
230 10.0 175.43
392 2042.0 297.65
264 8500.0 494.78
109 6090.0 429.79
444 8253.0 311.26
417 9947.0 244.66
207 6229.0 945.86
230 313.0 42.46
353 717.0 238.69
72 3106.0 349.0
225 9607.0 218.96
221 9645.0 529.13
322 3592.0 950.85
236 3519.0 112.23
384 6240.0 768.9
336 7297.0 809.38
346 3014.0 167.17
176 7055.0 683.57
253 2510.0 903.07
272 5312.0 298.98
104 9158.0 818.89
327 3760.0 833.36
283 6035.0 15.11
190 2854.0 785.58
223 4281.0 291.63
122 5929.0 440.83
363 4824.0 107.97
461 3769.0 697.51
478 719.0 404.06
469 7834.0 956.17
332 8254.0 615.41
138 1762.0 623.58
208 3951.0 327.77
33 848.0 583.96
459 934.0 302.15
387 1848.0 474.06
121 9748.0 634.63
463 4610.0 824.12
375 5061.0 946.7
49 5844.0 989.2
414 6833.0 71.45
110 3750.0 166.14
274 8405.0 321.65
54 4553.0 284.39
183 9696.0 918.27
37 5029.0 203.1
50 6097.0 110.09
151 5184.0 388.65
289 4325.0 164.81
114 6191.0 907.87
241 3643.0 647.83
479 5588.0 51.33
345 7017.0 227.7
66 7147.0 923.64
358 9425.0 938.1
192 3608.0 997.67
303 1679.0 720.76
133 8119.0 769.63
328 9968.0 855.42
144 8775.0 640.53
500 2317.0 171.89
275 6636.0 975.31
34 6356.0 993.45
20 2207.0 78.2
40 2494.0 83.14
176 922.0 852.66
64 1429.0 13.46
316 670.0 292.08
34 6780.0 430.13
232 4047.0 487.94
400 3619.0 417.69
451 1695.0 811.38
8 8899.0 575.49
467 7387.0 857.82
384 3825.0 61.57
352 4838.0 742.12
57 8417.0 676.21
232 7226.0 917.44
164 2859.0 906.33
208 6388.0 33.22
234 9112.0 896.31
27 7576.0 683.49
489 6322.0 778.89
309 4310.0 133.77
71 304.0 775.09
339 7648.0 744.76
335 1828.0 902.24
148 2481.0 743.56
231 2877.0 312.34
266 6619.0 657.99
235 9175.0 327.8
216 6633.0 395.9
68 6108.0 194.78
37 7776.0 49.28
391 9943.0 272.39
253 351.0 611.35
35 7942.0 161.47
290 7782.0 37.35
288 5911.0 106.75
285 1283.0 819.79
60 7204.0 271.75
480 2838.0 962.24
267 521.0 837.86
467 9753.0 392.68
326 3435.0 833.02
443 5755.0 156.2
409 2371.0 190.99
201 3587.0 663.82
163 6922.0 124.31
4 8284.0 719.8
281 2803.0 574.43
69 9167.0 158.83
282 3263.0 431.84
283 6608.0 761.31
267 4647.0 68.23
153 8727.0 32.35
67 6151.0 282.28
162 9721.0 862.48
276 1841.0 656.35
438 2809.0 188.21
363 2496.0 490.68
475 3902.0 750.43
167 5815.0 697.64
101 2822.0 768.45
254 8238.0 189.0
320 9452.0 843.93
292 4846.0 958.89
158 7176.0 209.39
407 6630.0 655.24
24 401.0 359.59
376 8660.0 726.93
488 1339.0 115.84
443 7930.0 232.99
333 7681.0 687.95
296 3796.0 944.56
157 8068.0 896.58
391 3437.0 797.01
317 1965.0 223.51
186 6513.0 712.6
353 1848.0 513.18
222 5912.0 999.39
82 3846.0 744.72
455 2002.0 792.81
266 5245.0 276.06
327 8493.0 785.18
172 9213.0 102.07
100 2157.0 742.5
416 3714.0 61.14
69 104.0 991.36
246 4715.0 171.72
54 1139.0 277.53
266 1449.0 725.95
262 6314.0 1.42
469 9762.0 672.24
111 1768.0 97.68
96 8426.0 850.51
16 4892.0 333.5
384 8311.0 798.38
434 6535.0 77.64
230 7450.0 712.84
245 7762.0 788.16
137 2145.0 567.09
313 2491.0 286.71
176 2293.0 283.23
264 6590.0 130.2
448 661.0 49.19
83 2179.0 965.0
282 5371.0 550.72
57 6072.0 134.24
469 329.0 294.52
154 9334.0 427.0
259 7916.0 833.74
347 3931.0 884.81
88 1198.0 960.12
113 2531.0 592.63
422 1470.0 82.3
387 6238.0 349.15
371 6625.0 611.18
423 1024.0 203.45
364 7637.0 259.43
142 6999.0 983.78
369 4072.0 385.59
317 4126.0 378.1
177 2570.0 963.4
70 9728.0 712.79
15 9436.0 38.52
279 8721.0 266.31
88 210.0 785.18
54 8048.0 172.43
42 1674.0 130.34
165 2522.0 613.44
418 573.0 719.59
332 9394.0 451.44
95 456.0 375.59
370 7905.0 845.56
470 9459.0 980.41
483 3910.0 127.22
31 7830.0 793.89
219 3354.0 667.67
27 1787.0 184.43
374 6141.0 906.06
288 7668.0 555.04
67 6895.0 123.81
198 6562.0 519.81
346 1465.0 655.84
56 124.0 33.57
126 5090.0 665.3
443 7047.0 582.54
328 8543.0 884.12
278 4288.0 347.38
116 7241.0 129.09
149 6371.0 319.33
438 9692.0 474.48
71 5470.0 620.52
493 7316.0 906.89
55 2187.0 501.97
224 2832.0 10.58
315 3848.0 689.66
435 5567.0 166.91
221 9156.0 464.9
499 4010.0 262.84
399 5893.0 619.15
389 2266.0 607.87
266 7982.0 618.48
371 223.0 448.19
377 4563.0 647.17
378 8663.0 426.67
361 648.0 2.84
290 5778.0 353.12
118 4585.0 516.13
456 6259.0 71.25
408 9483.0 443.1
191 1000.0 166.53
249 4797.0 643.61
341 7528.0 175.58
393 3259.0 340.22
179 1742.0 684.24
224 9953.0 820.36
467 5239.0 200.32
8 2098.0 569.32
351 7070.0 821.74
51 4627.0 552.33
281 8845.0 126.16
99 2710.0 399.41
197 9873.0 756.69
103 9359.0 795.75
213 1832.0 413.23
479 66.0 620.85
100 2650.0 301.28
120 302.0 529.0
441 5828.0 163.77
51 6288.0 723.32
399 2706.0 988.52
61 8170.0 49.76
24 7642.0 740.96
337 10000.0 88.85
257 8623.0 909.55
217 4248.0 778.94
257 2697.0 679.93
233 9668.0 741.24
277 2674.0 899.29
245 9407.0 626.14
319 6972.0 265.21
53 5532.0 961.7
217 469.0 930.89
467 2821.0 727.38
290 9651.0 111.51
496 6373.0 758.17
100 6323.0 260.45
389 2753.0 241.36
184 661.0 887.69
202 6329.0 124.47
7 9634.0 824.41
375 9466.0 192.8
148 5528.0 373.55
420 8979.0 685.27
336 7073.0 705.66
51 4643.0 116.36
321 7519.0 863.29
447 3081.0 811.28
271 8148.0 206.79
106 9211.0 861.49
491 1312.0 753.15
360 7386.0 216.36
381 8306.0 878.2
2 9207.0 252.44
177 399.0 934.68
105 7696.0 231.68
332 258.0 623.44
376 5775.0 748.04
461 6213.0 123.89
83 8301.0 921.22
336 8453.0 176.62
239 6065.0 926.72
480 7377.0 503.34
407 9446.0 451.92
306 1394.0 67.53
188 9682.0 533.54
115 3773.0 463.66
102 5891.0 389.61
89 60.0 832.61
359 9751.0 128.06
137 2500.0 223.55
380 2622.0 282.94
113 6985.0 745.31
499 2865.0 569.13
430 3632.0 924.42
271 9265.0 98.56
9 6782.0 83.6
121 4208.0 738.59
177 7706.0 337.01
320 8636.0 738.17
201 5656.0 854.6
322 9974.0 347.38
277 4029.0 663.49
228 7167.0 349.97
348 2861.0 517.48
361 6418.0 498.21
362 8901.0 821.4
295 2043.0 323.85
463 4395.0 222.64
338 3686.0 315.75
167 2200.0 232.31
39 9448.0 302.29
242 3043.0 859.31
419 4331.0 972.1
230 434.0 999.62
273 1408.0 80.85
406 5643.0 753.01
86 3067.0 147.27
191 8469.0 4.91
474 5279.0 555.35
430 2175.0 35.46
210 5951.0 415.14
240 3862.0 169.52
334 6061.0 214.54
140 9760.0 578.13
163 8008.0 356.43
192 6467.0 711.8
163 1786.0 701.11
371 8886.0 939.0
60 2336.0 367.26
394 7976.0 119.82
56 8781.0 509.32
161 174.0 544.67
216 8851.0 576.45
460 5201.0 826.04
201 490.0 939.64
92 386.0 908.66
156 7352.0 660.42
253 4178.0 208.24
19 2954.0 665.27
83 1458.0 207.96
288 3995.0 900.49
207 8034.0 386.11
240 8821.0 495.49
122 8352.0 68.07
454 8900.0 740.98
402 5066.0 498.67
106 1675.0 855.65
397 2327.0 784.36
433 530.0 890.37
123 9372.0 267.0
86 2355.0 862.77
386 9856.0 897.13
177 4904.0 680.76
493 5793.0 444.2
47 4602.0 144.47
249 8245.0 358.45
37 3817.0 565.49
212 677.0 439.84
20 6853.0 288.11
201 4727.0 290.61
223 3025.0 987.22
303 5929.0 649.77
316 4697.0 911.51
239 5004.0 512.8
336 1774.0 269.29
413 8090.0 112.54
404 6252.0 106.02
26 8560.0 705.74
478 9584.0 787.41
251 1885.0 884.72
260 1511.0 457.84
428 7059.0 505.98
44 3586.0 725.17
248 5428.0 931.94
217 94.0 364.91
432 2716.0 454.91
38 4975.0 634.59
313 6478.0 948.26
200 7747.0 21.34
126 4358.0 682.64
481 8312.0 372.74
57 8209.0 25.73
178 2247.0 175.39
171 8823.0 949.02
492 5313.0 667.37
105 1882.0 782.24
136 4101.0 557.59
178 4602.0 93.5
373 8214.0 265.33
100 2048.0 278.1
195 5558.0 305.27
344 7417.0 223.18
395 5553.0 558.89
366 1859.0 222.12
149 5988.0 505.89
158 1848.0 323.07
254 3075.0 85.02
3 4392.0 92.66
266 4478.0 593.3
442 3070.0 238.43
354 8750.0 758.56
480 929.0 549.09
134 3992.0 322.65
299 9581.0 958.85
56 7553.0 731.72
500 441.0 534.92
190 5133.0 352.4
237 5590.0 103.46
229 1238.0 350.13
167 5213.0 38.43
58 9730.0 497.24
190 7654.0 20.08
404 1489.0 564.21
271 8189.0 585.72
211 5943.0 376.82
361 7347.0 571.08
63 2743.0 317.67
62 2848.0 737.72
480 2250.0 514.5
349 9147.0 22.07
467 5773.0 495.1
414 3133.0 898.51
297 2850.0 591.93
461 6485.0 881.24
346 7324.0 759.68
485 6700.0 908.3
217 475.0 180.32
185 1812.0 260.69
391 2523.0 625.6
257 4872.0 74.54
77 5606.0 668.01
130 2732.0 413.7
226 5805.0 654.43
210 583.0 888.38
475 5728.0 180.1
17 3033.0 163.18
260 8261.0 648.37
247 9276.0 64.12
432 4107.0 979.02
158 3002.0 962.19
288 7652.0 719.17
418 841.0 184.85
477 7636.0 383.95
191 6775.0 649.6
372 4895.0 740.62
123 3777.0 960.84
303 949.0 168.16
399 4953.0 399.01
197 8670.0 829.41
425 4049.0 373.19
36 3887.0 100.9
225 754.0 397.05
455 2385.0 237.05
2 4482.0 734.15
435 153.0 294.55
479 9273.0 822.91
11 826.0 180.74
141 4682.0 952.37
181 1813.0 471.17
8 4957.0 781.22
489 9114.0 269.91
124 882.0 186.23
333 7150.0 154.04
176 6264.0 847.27
63 5594.0 239.92
446 7364.0 455.3
103 5868.0 722.42
105 3031.0 291.44
235 7033.0 454.05
186 6067.0 744.33
295 992.0 113.64
83 3400.0 995.88
229 1899.0 853.34
317 5624.0 692.52
361 6305.0 111.08
92 8777.0 394.14
346 244.0 556.29
205 2795.0 567.2
33 8757.0 56.81
68 8812.0 884.7
193 9181.0 105.69
392 2280.0 609.03
486 1511.0 866.83
471 1841.0 542.16
109 1122.0 925.07
313 5778.0 11.07
189 4438.0 497.14
56 5520.0 650.73
372 3429.0 532.71
110 2584.0 180.99
211 6543.0 603.51
205 1536.0 58.39
58 5201.0 552.66
297 9024.0 237.5
367 4461.0 582.43
131 1593.0 972.14
2 9139.0 170.82
90 3431.0 388.33
277 6191.0 241.06
139 2787.0 449.53
250 1028.0 841.63
314 488.0 369.29
398 7402.0 946.64
238 9308.0 238.53
250 7639.0 440.37
287 161.0 353.39
433 9791.0 215.74
19 9612.0 206.76
25 947.0 382.52
92 2859.0 451.56
43 3490.0 910.98
371 7338.0 786.2
362 402.0 617.55
201 516.0 693.93
269 1376.0 826.72
167 4506.0 912.88
34 7766.0 960.56
434 6620.0 816.39
374 4409.0 593.55
67 9975.0 793.94
266 4915.0 679.21
170 4531.0 608.83
242 2885.0 704.85
72 5352.0 366.84
477 5545.0 653.77
202 4850.0 858.49
366 5036.0 15.24
392 6212.0 930.92
166 4694.0 157.54
384 6462.0 134.76
357 428.0 617.7
30 6854.0 231.14
139 9756.0 755.15
399 1214.0 266.39
373 8697.0 321.9
84 5349.0 643.52
303 1523.0 627.29
18 8073.0 500.16
60 6452.0 377.46
380 1335.0 372.07
448 519.0 197.41
248 2715.0 126.05
314 2423.0 179.21
86 6975.0 263.23
454 794.0 174.27
389 9695.0 137.54
119 5337.0 888.41
17 6268.0 923.31
398 3930.0 681.16
411 333.0 792.62
479 2345.0 45.54
212 1919.0 133.8
423 6709.0 578.29
477 8505.0 962.37
161 7783.0 956.73
162 6970.0 748.76
417 5973.0 149.02
298 6957.0 931.56
424 4832.0 45.04
173 9313.0 815.46
237 3879.0 361.45
82 1715.0 487.32
7 1568.0 915.07
458 5261.0 102.38
246 1882.0 291.57
206 3322.0 866.07
427 8992.0 993.12
484 6142.0 18.73
160 5943.0 226.19
221 7886.0 811.99
320 5355.0 619.3
127 323.0 739.85
32 5753.0 63.52
170 7801.0 889.66
23 2306.0 861.63
19 1265.0 891.0
98 5113.0 208.43
497 8941.0 693.5
415 1229.0 57.32
466 4817.0 852.95
382 7307.0 835.29
82 5324.0 88.14
365 1573.0 86.43
31 2475.0 223.46
97 5975.0 339.01
323 4843.0 53.25
290 6986.0 935.27
112 5152.0 123.6
236 8389.0 951.74
210 3754.0 788.4
429 1763.0 672.39
138 6973.0 364.24
193 3314.0 907.07
314 4436.0 944.84
186 6069.0 733.2
327 4770.0 845.98
88 4535.0 86.18
42 2487.0 374.42
450 1874.0 584.38
392 4690.0 856.27
228 5126.0 397.56
199 6562.0 38.48
128 9328.0 451.94
86 7763.0 870.47
252 6808.0 404.12
446 3190.0 489.72
130 9681.0 401.88
356 579.0 455.96
265 2428.0 896.42
459 1680.0 912.76
185 4737.0 819.15
248 4093.0 857.32
449 2838.0 175.73
44 2339.0 611.66
89 7368.0 171.84
30 493.0 971.4
167 4515.0 361.43
57 803.0 182.06
106 8879.0 553.07
103 3908.0 99.99
335 4200.0 172.94
196 9017.0 804.96
498 3283.0 617.96
199 7826.0 443.79
137 2210.0 467.33
457 5946.0 525.36
49 4863.0 805.45
237 6241.0 63.03
92 8939.0 905.68
381 7842.0 681.57
308 40.0 69.47
114 6616.0 164.57
249 3619.0 199.72
261 180.0 800.51
82 1644.0 649.9
83 7037.0 79.77
260 3239.0 855.29
83 7990.0 820.2
306 7.0 658.68
417 2378.0 82.88
227 6408.0 180.33
454 8609.0 175.32
74 7984.0 409.03
401 1579.0 711.27
397 5238.0 831.43
90 3368.0 951.63
258 6233.0 353.56
327 2941.0 226.64
276 180.0 573.41
17 7119.0 767.31
350 9605.0 144.13
163 867.0 891.38
14 8241.0 965.28
146 6870.0 346.05
386 9530.0 257.06
67 9831.0 85.57
447 3295.0 322.37
47 6770.0 929.03
78 6874.0 497.95
120 4500.0 199.95
296 7920.0 168.76
478 1116.0 484.06
374 8209.0 669.45
38 8362.0 671.69
163 4327.0 256.29
432 8858.0 845.74
51 6259.0 881.74
60 6679.0 715.55
423 3320.0 777.94
247 6098.0 874.73
68 890.0 640.73
171 1308.0 845.37
92 9762.0 577.91
225 7026.0 279.72
366 8011.0 23.79
77 8502.0 414.57
85 3282.0 171.77
467 1718.0 982.63
275 4354.0 971.43
42 4757.0 168.96
272 2282.0 679.31
201 7604.0 833.69
164 8350.0 262.17
385 3610.0 983.96
457 6481.0 737.04
236 5973.0 243.85
213 8748.0 941.11
458 8596.0 46.17
57 6259.0 401.29
203 5755.0 907.47
37 7206.0 621.17
462 8440.0 136.6
349 543.0 114.08
412 5095.0 927.78
106 8057.0 404.21
278 4851.0 388.99
377 9476.0 806.08
204 162.0 704.91
169 4512.0 803.9
418 6634.0 291.08
331 2913.0 673.43
322 6364.0 407.98
119 4780.0 340.74
335 635.0 438.57
431 324.0 872.03
92 1554.0 639.58
407 7035.0 594.92
431 1794.0 816.02
89 3729.0 614.79
301 734.0 480.52
176 2721.0 843.91
178 7061.0 995.74
440 7155.0 737.61
25 6077.0 47.22
106 797.0 44.63
166 2620.0 908.88
17 7924.0 920.2
459 2590.0 833.72
462 6300.0 140.92
313 6583.0 874.6
430 3558.0 614.15
402 1724.0 892.32
318 2836.0 251.01
8 522.0 281.01
497 7511.0 367.31
89 5104.0 67.89
242 184.0 281.46
38 5396.0 378.4
50 1599.0 965.94
35 8414.0 402.28
356 5605.0 837.39
62 9470.0 360.39
232 2919.0 703.37
125 2957.0 681.04
122 3898.0 801.16
286 9968.0 790.52
302 1025.0 83.18
149 2902.0 602.99
174 4417.0 496.62
57 8067.0 865.78
127 2290.0 392.99
496 7725.0 494.85
345 1488.0 96.57
497 5601.0 222.61
218 8962.0 999.33
293 8277.0 742.78
487 5823.0 963.95
195 2809.0 578.91
110 5442.0 662.51
404 2191.0 548.51
164 5879.0 620.34
401 6300.0 200.99
117 2835.0 327.0
343 2433.0 554.63
177 8750.0 424.42
271 7265.0 740.32
321 6871.0 866.44
319 9778.0 631.04
374 6202.0 385.47
175 870.0 585.59
157 3890.0 594.09
472 3802.0 491.68
306 5686.0 339.42
312 4777.0 400.65
97 7442.0 61.13
275 7466.0 788.4
482 3324.0 706.73
391 7324.0 986.42
154 8044.0 790.01
121 8027.0 961.42
382 4020.0 885.0
243 6131.0 882.65
249 6017.0 507.03
348 3625.0 732.52
414 6461.0 437.24
313 1616.0 292.13
396 9912.0 729.08
40 8883.0 114.33
352 5489.0 316.9
11 6342.0 840.6
175 8011.0 824.58
209 6475.0 775.1
81 9535.0 507.33
14 5488.0 634.55
270 3713.0 288.14
460 834.0 919.76
436 6275.0 854.23
144 2797.0 506.36
141 7462.0 434.3
172 2135.0 37.62
22 8386.0 130.61
466 9317.0 274.6
101 2472.0 479.94
167 8763.0 936.6
240 5857.0 70.2
285 2980.0 710.88
404 8291.0 737.66
116 9196.0 317.05
476 4258.0 326.71
436 4186.0 394.49
41 8924.0 131.67
197 520.0 448.01
389 1938.0 540.46
415 618.0 116.21
313 3361.0 470.7
15 1915.0 101.99
380 2365.0 956.34
9 8880.0 124.33
377 4355.0 569.7
112 8307.0 943.65
432 8537.0 780.68
492 227.0 278.83
47 2263.0 802.17
339 8383.0 281.49
355 6485.0 168.95
206 3985.0 78.03
32 186.0 18.24
483 1272.0 241.96
484 1430.0 408.88
155 4365.0 270.63
415 233.0 322.24
484 6920.0 542.12
210 2349.0 882.08
288 971.0 946.8
114 1207.0 844.88
339 8219.0 213.39
103 4526.0 117.91
172 7930.0 987.61
82 1081.0 10.33
429 7021.0 904.69
490 6872.0 241.62
381 692.0 759.81
465 6635.0 389.51
261 3856.0 435.58
341 5369.0 42.39
379 1487.0 905.44
392 9585.0 691.4
51 5885.0 398.29
211 7048.0 958.04
125 8032.0 598.7
338 8695.0 866.5
340 5289.0 168.4
67 5148.0 244.24
4 857.0 868.66
330 4922.0 990.13
436 1471.0 751.22
108 173.0 911.53
248 2902.0 815.53
216 3130.0 260.34
13 822.0 171.36
363 9855.0 660.22
12 7380.0 775.68
489 6160.0 991.4
23 5079.0 442.63
348 51.0 507.25
13 5497.0 820.12
24 7527.0 495.7
468 3054.0 970.24
420 4322.0 474.88
186 5979.0 806.34
471 5257.0 343.21
354 2310.0 759.93
29 2953.0 254.02
449 309.0 785.43
445 1382.0 743.64
488 9633.0 296.24
12 8133.0 78.36
284 6489.0 789.88
25 2399.0 398.84
431 382.0 816.13
295 1033.0 133.71
369 6011.0 865.2
430 1165.0 141.08
423 6573.0 803.04
348 4977.0 783.75
105 5972.0 141.27
287 5761.0 360.79
235 4958.0 928.06
473 9313.0 806.38
112 6048.0 87.03
452 4131.0 744.26
281 1003.0 544.07
131 5401.0 295.72
234 6367.0 967.9
276 257.0 655.54
92 1390.0 230.07
110 3946.0 439.39
169 3680.0 742.92
449 9417.0 642.45
28 4338.0 23.77
45 3471.0 426.83
377 4225.0 225.63
100 8983.0 877.64
108 2576.0 584.46
344 9145.0 853.29
243 6610.0 164.55
311 1966.0 379.29
284 7535.0 471.89
376 8712.0 248.21
165 3684.0 805.21
279 1253.0 370.31
88 920.0 607.46
76 1533.0 224.07
238 278.0 58.85
226 5989.0 700.41
346 6766.0 451.38
442 1974.0 942.41
486 8520.0 500.16
105 4609.0 260.78
356 5144.0 461.3
300 3146.0 778.39
374 8339.0 598.65
161 2022.0 378.13
491 6314.0 169.05
469 4630.0 883.17
300 9290.0 8.95
42 5414.0 422.45
459 3513.0 238.71
316 5863.0 650.97
162 7898.0 288.96
386 2239.0 346.42
402 7866.0 858.6
346 3386.0 471.81
354 9257.0 325.31
271 1290.0 411.2
74 5177.0 323.66
208 3879.0 387.51
123 4480.0 266.46
400 931.0 480.73
115 121.0 72.31
170 4942.0 996.99
170 542.0 29.88
147 4396.0 119.04
115 6449.0 621.89
167 7027.0 372.15
301 642.0 796.81
14 5612.0 670.13
366 6928.0 503.89
234 7044.0 323.74
203 4029.0 680.69
493 9085.0 164.2
445 9637.0 469.95
309 1889.0 458.37
324 6059.0 283.79
470 2396.0 944.68
74 8192.0 903.8
160 9631.0 723.86
301 3824.0 625.06
63 9755.0 936.05
124 2168.0 997.73
291 6213.0 495.25
426 1914.0 57.82
224 4775.0 135.59
464 1589.0 154.53
177 8851.0 510.11
36 7038.0 871.06
416 345.0 490.13
335 4380.0 730.6
338 3875.0 729.35
398 1705.0 184.05
305 667.0 5.62
306 1162.0 163.26
437 7235.0 274.01
242 9173.0 311.92
260 5132.0 883.01
442 8977.0 5.92
10 2976.0 10.22
19 2010.0 792.46
411 6588.0 893.8
356 8006.0 786.56
374 1568.0 706.81
354 880.0 780.5
120 6611.0 839.38
261 9784.0 510.33
258 7745.0 153.34
367 2516.0 903.8
474 8531.0 70.74
266 9106.0 109.5
272 7744.0 785.49
138 1596.0 702.68
136 4031.0 543.32
466 6536.0 974.98
145 5402.0 223.75
134 3402.0 203.33
259 6945.0 738.12
85 2916.0 994.5
412 7406.0 928.43
202 7854.0 641.26
141 6809.0 647.55
190 7684.0 835.31
445 1412.0 202.5
243 5483.0 979.72
288 7374.0 701.71
215 84.0 675.77
195 7323.0 357.16
61 2858.0 155.37
145 5359.0 933.35
242 8053.0 12.28
410 9891.0 676.07
184 9334.0 929.97
412 197.0 523.63
297 3268.0 476.13
320 8196.0 544.12
414 2086.0 223.41
141 5320.0 531.21
18 1174.0 295.94
128 4759.0 81.68
108 3961.0 89.0
382 5757.0 459.83
42 2686.0 528.84
295 2563.0 309.05
27 4942.0 555.07
6 1902.0 606.46
208 8424.0 52.4
185 8907.0 208.0
82 205.0 86.83
413 3962.0 276.25
75 2053.0 11.63
62 5472.0 756.38
416 3098.0 807.06
292 3984.0 952.73
176 1119.0 743.75
359 2740.0 659.73
230 3307.0 944.55
235 3507.0 309.7
474 2237.0 133.26
143 3987.0 686.95
396 8097.0 910.42
254 9595.0 676.67
270 7780.0 970.48
439 6750.0 828.12
470 6836.0 812.43
380 8123.0 142.88
218 683.0 678.2
298 3892.0 86.94
353 6916.0 482.01
220 607.0 307.28
101 6960.0 466.68
173 9509.0 492.51
144 1700.0 479.7
320 6677.0 606.24
237 5540.0 157.6
296 7455.0 581.78
121 6331.0 114.94
33 7697.0 607.23
196 1814.0 540.16
283 8485.0 211.19
480 5762.0 782.63
468 3460.0 391.48
498 1602.0 48.36
310 9083.0 247.98
450 5252.0 618.76
473 1918.0 42.23
104 8511.0 127.56
250 8485.0 912.8
206 3361.0 118.41
59 6596.0 597.34
64 5034.0 6.17
176 8954.0 105.88
7 1643.0 140.61
485 5379.0 393.6
352 5030.0 768.81
306 709.0 441.33
375 4903.0 537.92
347 4760.0 624.61
321 9722.0 847.17
269 7968.0 113.62
390 810.0 439.34
264 3484.0 569.59
366 149.0 457.46
397 2777.0 376.16
18 4321.0 12.2
193 7742.0 229.67
134 8588.0 79.43
129 1264.0 691.34
46 7186.0 70.81
297 3955.0 302.29
471 1447.0 915.55
195 1086.0 522.99
385 7618.0 948.21
239 6812.0 222.23
271 5019.0 802.85
169 6636.0 85.0
176 4053.0 724.21
421 8131.0 347.22
372 7896.0 218.85
82 2486.0 549.15
391 1210.0 14.2
371 84.0 641.22
276 5205.0 328.17
206 620.0 540.0
346 7841.0 830.29
278 4461.0 756.5
264 8648.0 74.11
477 9538.0 812.36
62 3385.0 887.6
200 5272.0 905.44
18 7183.0 532.88
50 1252.0 682.95
445 8290.0 150.04
227 8830.0 614.34
274 1483.0 461.61
295 7995.0 719.41
240 7979.0 724.07
77 4162.0 277.98
100 8514.0 716.23
423 8190.0 947.09
115 2500.0 162.08
83 9507.0 197.71
185 8726.0 396.16
312 8473.0 67.41
67 4989.0 101.45
148 8454.0 172.66
226 4323.0 172.07
118 9228.0 57.45
373 5037.0 731.29
113 3961.0 993.12
150 5347.0 12.71
441 9779.0 73.85
225 2862.0 716.19
4 313.0 901.79
500 1106.0 827.15
469 6586.0 645.68
373 3724.0 439.38
194 3619.0 458.96
370 4700.0 789.98
52 3263.0 86.47
296 7757.0 90.08
36 6007.0 164.13
234 8861.0 774.77
114 5621.0 858.89
464 866.0 82.36
381 3685.0 489.48
112 5744.0 1.13
426 7715.0 536.03
399 8409.0 692.73
354 780.0 388.94
190 4442.0 775.83
10 5977.0 535.39
480 5299.0 620.4
309 9318.0 33.55
270 2824.0 774.66
265 6907.0 278.28
317 9080.0 706.64
471 5890.0 333.7
231 3223.0 457.96
84 1853.0 534.55
254 9652.0 988.02
158 7864.0 189.27
129 8084.0 117.47
296 7307.0 919.92
453 4997.0 175.72
165 7774.0 374.55
476 8037.0 876.26
205 9932.0 800.47
453 979.0 282.91
17 8444.0 197.58
36 9160.0 97.68
489 3124.0 640.2
205 4430.0 614.35
185 5941.0 620.1
103 5395.0 439.8
339 4229.0 441.57
214 337.0 777.18
300 159.0 76.98
261 1982.0 393.53
425 2852.0 569.33
250 4396.0 305.56
447 6070.0 929.3
28 3977.0 930.59
159 3344.0 697.59
460 9457.0 387.64
288 5480.0 745.74
233 4251.0 264.36
249 2798.0 67.87
175 3508.0 317.38
338 7450.0 358.83
242 5618.0 797.25
329 2200.0 390.69
438 1646.0 145.58
247 3153.0 183.91
174 3352.0 442.22
119 7574.0 198.75
320 3937.0 306.28
176 1634.0 384.02
234 37.0 336.26
161 6498.0 868.62
91 6430.0 500.53
328 9349.0 905.87
36 6589.0 749.17
469 5245.0 591.44
205 9201.0 327.15
16 7102.0 777.78
313 5414.0 700.51
90 9215.0 990.57
471 4760.0 799.84
455 9759.0 144.39
311 87.0 623.19
479 5807.0 569.85
223 9435.0 555.68
113 3008.0 254.67
263 9086.0 330.87
376 3385.0 711.53
157 6453.0 422.09
425 7945.0 884.51
203 4546.0 173.74
150 9700.0 830.4
320 6919.0 821.3
495 1292.0 896.72
400 3732.0 624.31
449 4162.0 441.05
296 7957.0 395.62
4 1147.0 142.8
335 9600.0 179.75
5 5149.0 870.0
301 7387.0 293.48
198 9548.0 411.49
259 8252.0 604.5
14 8518.0 131.99
144 56.0 11.11
200 3512.0 899.33
238 744.0 396.43
403 5996.0 977.84
360 1799.0 790.69
368 1883.0 525.19
367 5229.0 25.99
199 5114.0 374.02
486 8101.0 346.52
424 4592.0 962.53
176 5495.0 32.55
88 3387.0 596.42
131 3696.0 763.34
49 731.0 147.45
318 9983.0 167.91
262 1437.0 744.2
433 3510.0 205.33
73 9846.0 432.65
397 3664.0 434.34
306 3696.0 106.91
156 9021.0 862.43
334 9954.0 559.07
149 8805.0 933.65
435 2011.0 701.42
17 9372.0 634.74
317 4530.0 132.44
496 5448.0 45.33
391 1961.0 660.62
33 1077.0 541.76
184 6410.0 325.31
419 8122.0 634.19
168 2319.0 608.24
263 4764.0 232.02
339 1925.0 66.68
206 9654.0 185.98
254 4599.0 682.19
455 4871.0 454.39
153 5144.0 660.46
385 207.0 530.28
106 4338.0 651.71
213 8524.0 562.41
248 6001.0 552.07
302 1649.0 268.05
358 1831.0 73.69
429 8856.0 505.27
268 7342.0 566.89
379 405.0 754.92
198 8801.0 964.48
118 9605.0 860.99
154 2432.0 239.86
248 8241.0 165.94
490 478.0 527.7
460 675.0 328.68
247 5735.0 595.35
30 6064.0 572.43
403 8003.0 61.74
124 4671.0 64.91
355 8772.0 608.26
391 5612.0 702.68
67 4955.0 838.72
184 999.0 369.13
315 1244.0 594.17
135 4542.0 945.93
255 2408.0 798.27
30 4464.0 773.81
162 5401.0 713.76
141 9015.0 308.29
242 5465.0 998.17
82 6830.0 360.49
130 9879.0 330.59
345 4607.0 128.94
330 7228.0 585.64
348 1509.0 243.23
403 399.0 532.05
360 6488.0 666.08
401 1744.0 735.85
6 8218.0 547.53
448 5295.0 968.85
370 6108.0 662.74
150 267.0 995.59
398 1899.0 777.02
172 1202.0 220.03
255 4933.0 674.91
39 6057.0 858.15
415 2429.0 651.82
416 8337.0 395.76
261 2231.0 815.1
349 941.0 485.21
309 487.0 403.09
144 2254.0 422.17
139 9372.0 62.72
285 5031.0 717.97
351 6433.0 286.92
220 598.0 390.83
441 9963.0 155.6
22 3548.0 845.51
414 8335.0 415.76
406 2082.0 859.68
9 1519.0 931.09
156 1504.0 298.82
82 603.0 919.83
170 2770.0 179.14
39 1985.0 544.82
62 5945.0 314.91
267 4020.0 688.38
149 4332.0 981.55
408 7658.0 846.44
116 7596.0 229.32
153 6286.0 823.14
142 3510.0 74.68
286 5076.0 818.46
68 9139.0 714.1
187 6759.0 205.98
478 1282.0 378.88
256 5350.0 877.5
96 1940.0 680.42
496 5136.0 755.1
431 9181.0 430.32
41 1845.0 784.14
230 2107.0 889.75
284 4511.0 514.27
429 9136.0 20.96
393 4060.0 146.22
13 5153.0 701.03
139 1235.0 834.96
500 6365.0 214.45
188 7926.0 723.22
105 9793.0 986.27
267 4088.0 595.56
26 1897.0 502.56
445 5200.0 76.57
460 7245.0 263.18
66 4258.0 524.0
253 5142.0 759.48
229 6568.0 52.86
170 7986.0 842.35
75 4378.0 123.8
13 6433.0 523.28
454 6991.0 438.98
313 6259.0 339.69
19 2332.0 634.34
153 6121.0 658.47
440 2350.0 589.52
146 2492.0 118.04
313 1935.0 444.01
461 9049.0 587.24
23 4181.0 445.48
11 8380.0 154.75
123 2534.0 91.64
271 8203.0 240.97
439 5993.0 884.7
319 1548.0 910.72
245 158.0 887.63
43 8498.0 995.12
292 2764.0 52.03
87 7407.0 471.81
117 6983.0 7.9
261 8211.0 486.66
256 9443.0 524.69
253 370.0 303.72
385 5327.0 923.65
166 3352.0 153.69
358 3553.0 944.75
164 9950.0 965.87
352 9763.0 291.7
461 2075.0 681.6
177 4078.0 329.75
96 9522.0 364.67
221 8395.0 97.85
238 1341.0 717.47
27 287.0 185.52
369 1183.0 677.1
262 1370.0 163.09
418 2116.0 315.51
29 6582.0 844.62
491 2090.0 114.29
114 12.0 859.91
299 6350.0 200.01
390 3339.0 912.44
416 4306.0 968.23
474 9897.0 965.52
69 4733.0 47.21
160 1731.0 859.36
381 245.0 811.93
435 1697.0 708.32
95 5066.0 765.47
84 9435.0 661.53
334 7884.0 408.13
50 9544.0 990.38
268 4693.0 989.17
211 8648.0 853.26
47 384.0 276.25
72 7084.0 322.89
435 7559.0 856.59
270 9729.0 142.26
265 5517.0 752.19
278 2028.0 449.78
349 9925.0 432.44
193 6644.0 917.36
438 9046.0 698.45
318 2057.0 908.1
157 5627.0 199.86
154 4455.0 913.37
72 2491.0 272.05
247 6036.0 581.2
175 4771.0 376.04
62 7870.0 194.07
228 4353.0 653.83
380 6015.0 616.81
30 7758.0 714.27
179 474.0 780.15
420 5625.0 732.68
28 3438.0 812.02
449 5882.0 667.69
483 7236.0 717.54
131 5540.0 20.23
450 7617.0 47.63
415 6139.0 565.86
330 1672.0 37.97
345 8797.0 904.76
181 148.0 795.62
119 1198.0 716.81
160 8518.0 678.38
435 3429.0 920.14
180 2589.0 72.95
10 1518.0 546.27
334 8408.0 8.94
495 6483.0 676.98
122 20.0 619.58
344 620.0 95.56
365 7918.0 384.13
136 4575.0 496.05
401 1051.0 337.66
71 6643.0 664.08
464 1828.0 117.27
137 2335.0 418.24
412 8517.0 207.51
485 95.0 451.15
193 1914.0 985.36
419 7011.0 534.43
446 4940.0 185.72
481 1063.0 756.09
254 3321.0 137.82
198 3842.0 785.03
237 2440.0 901.8
200 716.0 549.75
205 6096.0 854.13
96 3994.0 263.54
440 7501.0 974.0
163 642.0 328.0
383 9387.0 459.36
133 9111.0 888.67
18 7283.0 617.0
258 9668.0 954.9
362 4594.0 768.83
397 8747.0 773.32
320 1929.0 226.1
245 9671.0 569.84
51 5132.0 694.27
248 1338.0 620.93
300 1127.0 583.05
99 7792.0 566.6
476 8375.0 683.01
415 355.0 476.31
61 5626.0 728.42
296 5748.0 701.43
473 521.0 990.72
243 5785.0 677.14
103 4716.0 49.54
47 4198.0 444.87
143 4194.0 164.26
251 1865.0 493.37
482 4357.0 766.76
167 6766.0 477.91
182 4522.0 333.04
234 9821.0 52.22
347 8389.0 671.64
11 7455.0 527.85
93 5357.0 27.29
390 8034.0 680.08
327 1850.0 213.93
238 2461.0 361.19
17 2770.0 202.27
472 2193.0 534.05
31 5947.0 961.87
359 5978.0 509.51
353 2274.0 522.87
346 8532.0 324.88
197 7046.0 889.4
119 9570.0 225.3
73 4660.0 49.25
494 333.0 327.76
87 5268.0 520.11
151 9503.0 226.82
488 7255.0 601.24
258 125.0 900.02
482 2043.0 287.02
414 1229.0 255.08
412 2444.0 315.72
286 2828.0 743.33
46 8456.0 959.79
112 1647.0 125.32
193 4871.0 340.51
313 7902.0 301.76
426 5049.0 358.74
77 1189.0 807.61
245 9628.0 114.65
263 8850.0 603.31
412 8576.0 74.54
47 6828.0 391.61
235 9817.0 28.09
276 3579.0 86.09
103 2593.0 346.84
24 1399.0 165.94
497 3108.0 147.38
88 3493.0 925.11
441 9203.0 21.85
223 6753.0 785.66
317 6348.0 65.04
237 6485.0 409.06
301 2800.0 404.14
330 2718.0 664.41
118 9708.0 348.52
209 4941.0 44.48
246 1314.0 773.4
383 72.0 514.51
193 5733.0 86.49
369 9910.0 464.55
5 8165.0 361.98
336 5732.0 623.18
500 2742.0 538.36
150 1405.0 482.28
58 5899.0 66.55
148 9432.0 825.97
2 4335.0 383.78
23 2158.0 745.5
156 8879.0 288.8
272 6992.0 306.21
215 970.0 401.91
232 3149.0 459.46
347 3154.0 160.24
318 231.0 238.62
434 8108.0 917.05
175 8096.0 419.39
409 2524.0 143.73
307 7944.0 843.52
137 9944.0 704.65
116 7995.0 146.35
475 9179.0 346.12
287 6938.0 710.59
285 7885.0 530.02
450 9688.0 367.73
346 3672.0 487.86
327 557.0 884.01
99 7933.0 140.81
69 8560.0 854.13
483 4923.0 475.76
67 3671.0 689.2
86 2403.0 389.34
16 192.0 274.37
40 2653.0 643.96
205 4302.0 360.84
320 3110.0 667.35
373 5942.0 838.68
268 5925.0 854.15
468 8840.0 545.25
323 8018.0 624.26
297 1669.0 136.38
176 8996.0 803.88
281 2764.0 952.93
84 9769.0 968.95
63 3423.0 41.09
401 3992.0 446.73
84 2383.0 753.9
292 3800.0 225.54
112 8710.0 981.03
250 8220.0 221.17
92 7464.0 928.26
211 5951.0 57.98
45 6826.0 538.73
405 3728.0 316.24
253 9742.0 242.01
386 2281.0 993.28
328 6286.0 101.64
319 4148.0 281.7
141 9699.0 560.85
475 4468.0 794.46
122 3277.0 904.55
182 6169.0 104.24
499 4318.0 81.71
278 7208.0 62.5
306 7948.0 44.9
358 957.0 305.69
181 8221.0 968.24
138 6590.0 918.88
465 7172.0 796.5
22 4148.0 4.44
399 7712.0 562.73
485 9773.0 133.59
356 340.0 179.06
446 1777.0 872.64
108 9816.0 492.68
318 3999.0 431.28
247 532.0 14.67
277 6898.0 479.5
369 6785.0 602.39
88 6162.0 950.5
400 5760.0 723.65
121 857.0 518.24
495 6853.0 721.48
108 9024.0 589.83
111 5725.0 585.52
13 7611.0 835.25
499 4678.0 521.28
220 5341.0 686.13
457 8625.0 686.55
4 9156.0 747.37
496 2180.0 191.68
293 2917.0 449.3
401 5705.0 958.54
308 1393.0 624.05
57 2644.0 167.09
206 2365.0 26.44
462 4216.0 191.83
437 5161.0 124.01
126 9599.0 172.77
368 7999.0 964.07
2 8821.0 579.06
364 9328.0 439.58
474 76.0 759.96
70 8708.0 119.01
120 6430.0 107.13
352 760.0 963.23
331 1785.0 569.8
400 4635.0 227.96
465 4713.0 494.86
231 4435.0 475.35
374 6128.0 364.14
357 3735.0 943.39
335 6904.0 784.01
316 5367.0 40.91
280 5084.0 418.36
271 928.0 630.63
66 5331.0 94.41
113 9432.0 513.75
196 6656.0 566.93
308 113.0 780.68
284 2475.0 36.46
202 8384.0 537.97
182 398.0 489.35
424 9811.0 399.54
414 2404.0 156.97
370 5645.0 83.07
267 1336.0 548.28
347 9394.0 200.73
253 1448.0 996.36
453 2150.0 236.61
342 1346.0 463.01
45 4406.0 477.18
64 3134.0 506.98
398 5373.0 951.56
32 7385.0 469.21
355 8407.0 25.42
144 3299.0 801.62
198 9557.0 688.08
183 3490.0 66.2
9 3720.0 783.53
459 2576.0 809.9
73 7116.0 20.05
176 2237.0 917.39
368 6228.0 885.08
355 6615.0 340.03
151 3162.0 627.03
264 8467.0 346.69
31 7131.0 245.36
279 799.0 729.1
456 3390.0 627.7
128 7571.0 502.71
155 3437.0 329.46
376 2682.0 97.49
461 1326.0 128.28
327 6335.0 142.5
323 9472.0 421.74
182 9157.0 420.29
5 8964.0 649.88
38 102.0 74.58
311 6636.0 635.99
405 7219.0 335.29
336 6936.0 311.98
109 9421.0 586.68
235 8751.0 138.17
392 9631.0 140.54
401 5986.0 412.01
68 8634.0 725.4
183 9115.0 591.91
370 7741.0 671.08
123 4319.0 480.3
26 2777.0 972.41
317 4597.0 526.51
323 2578.0 14.12
320 2957.0 866.68
77 7462.0 689.77
187 3486.0 76.71
122 6751.0 424.33
102 9501.0 949.29
191 3500.0 411.56
95 7116.0 384.42
8 2501.0 501.34
247 9236.0 670.07
405 1785.0 146.17
193 872.0 233.0
234 9329.0 777.39
292 2700.0 476.62
295 6937.0 178.26
270 4635.0 580.51
113 8993.0 196.87
137 3443.0 696.92
343 3659.0 116.41
253 5590.0 556.42
169 6679.0 728.87
193 8583.0 602.03
482 4690.0 388.33
188 9228.0 486.23
118 6408.0 4.15
443 8644.0 906.62
395 3764.0 141.66
140 4372.0 912.67
155 3854.0 912.71
31 9822.0 39.13
216 3486.0 236.51
461 7634.0 735.95
39 7333.0 298.22
465 2720.0 48.68
339 6220.0 783.96
136 760.0 230.31
91 2340.0 833.41
454 1455.0 863.99
19 2941.0 339.53
159 6938.0 807.89
430 4007.0 890.33
174 1740.0 749.31
73 4740.0 424.04
344 8403.0 869.26
198 2948.0 423.31
139 2218.0 427.31
56 2601.0 764.25
364 636.0 917.36
105 3427.0 408.52
419 7560.0 390.76
145 3260.0 997.84
330 4717.0 365.88
159 3472.0 503.57
487 1184.0 248.15
242 8252.0 65.3
283 6795.0 851.9
376 7388.0 480.93
18 1890.0 634.33
421 447.0 796.99
116 2534.0 828.88
341 2963.0 651.76
407 8415.0 569.12
98 5170.0 803.21
442 159.0 875.06
104 619.0 208.05
227 4924.0 20.76
364 257.0 662.98
377 495.0 643.01
260 1593.0 551.18
458 9620.0 180.41
239 1099.0 620.7
51 9712.0 479.41
136 8524.0 527.0
162 5580.0 148.54
12 4740.0 65.05
307 5775.0 36.06
13 7786.0 959.13
329 5706.0 635.69
406 1350.0 889.33
145 3064.0 289.0
202 9163.0 998.62
405 7569.0 380.33
160 178.0 689.27
28 2666.0 569.33
93 9958.0 209.38
434 4796.0 566.59
267 3746.0 846.4
180 2581.0 420.25
324 5883.0 799.93
303 6017.0 230.07
118 4523.0 564.92
302 274.0 445.18
337 1968.0 720.22
204 8494.0 695.01
13 1581.0 925.0
455 7859.0 819.66
219 7447.0 240.99
332 643.0 325.11
139 1815.0 519.52
303 8091.0 372.24
200 8553.0 321.46
427 3279.0 71.08
76 3460.0 616.65
40 2820.0 639.09
181 6348.0 223.43
20 7525.0 711.54
396 2234.0 844.04
174 6603.0 667.2
457 1891.0 307.44
68 4545.0 156.17
71 4477.0 608.53
212 2463.0 152.95
115 8486.0 748.18
152 8255.0 240.74
233 7777.0 523.96
408 2279.0 40.4
330 8196.0 194.72
323 4279.0 236.58
438 9968.0 408.01
483 3434.0 837.68
445 9505.0 807.8
257 1183.0 209.15
80 882.0 825.44
495 2008.0 995.07
271 3960.0 452.81
419 3733.0 342.17
43 146.0 804.67
65 5606.0 960.15
288 5058.0 269.34
206 6538.0 271.77
89 7968.0 738.48
493 8995.0 175.48
71 5383.0 864.77
52 8770.0 326.42
468 8633.0 177.32
160 7698.0 679.81
191 6650.0 166.45
88 2712.0 152.49
357 6245.0 541.35
29 8088.0 596.39
240 9874.0 451.47
475 8131.0 574.07
190 5787.0 419.72
311 2489.0 691.44
474 8352.0 50.41
115 7276.0 334.49
35 9515.0 591.35
399 8886.0 604.77
133 6054.0 731.26
74 6435.0 374.98
227 8123.0 181.86
330 2192.0 382.16
493 4214.0 843.84
294 9791.0 282.75
208 9177.0 330.79
128 5887.0 618.23
322 4044.0 797.37
446 2921.0 25.47
233 2297.0 321.13
405 184.0 905.78
248 1312.0 47.45
420 5045.0 888.37
44 766.0 599.34
314 5740.0 163.0
486 6470.0 922.38
400 126.0 273.86
434 204.0 367.43
223 7063.0 87.2
193 5704.0 746.12
475 2928.0 853.59
287 216.0 222.04
74 4006.0 807.64
469 1764.0 793.83
5 7734.0 742.97
346 2133.0 175.44
11 5513.0 159.59
357 9819.0 773.41
135 5887.0 159.72
468 2087.0 5.11
302 8829.0 853.84
230 6587.0 627.03
393 7289.0 528.55
276 4660.0 58.92
147 5488.0 212.47
43 7741.0 308.22
248 5978.0 895.59
190 4141.0 295.76
24 938.0 428.48
430 5380.0 595.62
445 9723.0 223.45
112 5997.0 111.98
55 2027.0 306.44
428 4414.0 280.91
109 1999.0 499.59
343 6225.0 750.85
416 8033.0 676.14
77 4935.0 263.29
475 8572.0 860.55
146 1653.0 999.11
491 7017.0 327.24
284 3236.0 710.57
150 7488.0 137.47
275 1615.0 936.03
325 3079.0 213.47
241 9483.0 507.82
370 2515.0 778.88
372 3950.0 11.46
57 1064.0 81.46
74 9493.0 859.93
384 6940.0 930.94
400 8869.0 994.14
353 4062.0 770.67
241 6657.0 933.89
177 6708.0 526.84
231 6243.0 265.26
368 9555.0 188.29
45 6531.0 850.62
106 3263.0 85.9
28 6970.0 266.46
210 6795.0 872.66
140 6509.0 84.97
187 7328.0 592.85
248 3013.0 366.74
23 9468.0 663.69
416 649.0 217.8
134 8959.0 58.91
402 381.0 490.97
292 6619.0 996.11
178 9955.0 425.28
135 2884.0 436.72
188 3737.0 567.43
361 8728.0 813.31
104 7031.0 235.6
156 4860.0 318.84
200 4268.0 673.53
84 4483.0 936.06
84 8744.0 739.04
403 9158.0 813.41
310 9807.0 110.29
368 7196.0 642.77
349 3241.0 848.32
85 7676.0 291.0
458 911.0 74.23
374 8472.0 234.61
494 6484.0 418.39
119 6528.0 224.91
406 6196.0 728.94
93 9923.0 994.11
385 5015.0 638.27
477 1229.0 460.63
377 2483.0 113.56
177 4288.0 899.25
332 8405.0 962.55
304 5720.0 219.27
137 7530.0 291.86
117 6079.0 810.53
409 2851.0 523.01
436 8917.0 742.44
240 2146.0 326.15
106 4498.0 313.01
199 1747.0 110.96
449 6346.0 731.12
139 9054.0 569.3
401 650.0 717.22
237 11.0 252.82
499 6656.0 41.17
114 5563.0 6.25
482 6388.0 164.5
306 5347.0 547.31
444 8614.0 870.64
348 7931.0 117.7
97 4519.0 196.21
208 8556.0 842.43
247 8680.0 818.92
98 71.0 596.93
439 7143.0 48.16
286 5913.0 185.01
20 8400.0 157.61
78 9805.0 789.12
121 3559.0 987.53
263 445.0 742.71
291 6781.0 757.11
162 6291.0 189.04
367 2761.0 586.58
410 8930.0 560.98
171 7906.0 774.5
169 1872.0 185.83
163 4789.0 753.48
442 1517.0 279.72
317 6973.0 506.02
278 2528.0 564.98
251 1374.0 65.48
161 8833.0 803.93
395 7616.0 456.91
233 9494.0 635.27
8 6616.0 573.22
430 2363.0 535.98
210 2949.0 271.67
497 408.0 768.0
238 85.0 847.94
417 5430.0 264.72
43 6240.0 958.25
103 8259.0 731.92
424 8038.0 386.42
429 2630.0 376.49
315 851.0 486.22
326 4654.0 416.5
400 5172.0 418.12
231 5279.0 686.5
13 7110.0 463.44
46 6455.0 12.25
440 1248.0 297.76
163 247.0 520.21
116 3887.0 862.0
473 4441.0 183.67
199 8308.0 726.71
200 6490.0 97.25
324 2863.0 944.63
218 6326.0 861.46
15 5032.0 947.54
141 8948.0 203.61
208 154.0 568.34
186 740.0 474.62
285 9451.0 175.89
231 2207.0 721.86
307 9814.0 144.55
334 6391.0 71.92
422 561.0 656.94
321 106.0 333.1
81 7631.0 139.52
20 9582.0 882.09
452 6835.0 958.49
224 7254.0 75.62
385 6966.0 791.75
178 5144.0 315.03
70 9680.0 121.01
62 4517.0 395.03
283 5510.0 301.0
129 2745.0 784.81
423 6679.0 512.36
493 1077.0 556.09
361 7347.0 739.57
64 4450.0 155.22
480 416.0 194.92
301 8718.0 270.46
53 2087.0 299.24
120 8157.0 730.1
290 42.0 893.28
193 3418.0 575.4
23 5850.0 345.21
397 2295.0 387.71
402 1483.0 329.9
52 235.0 346.7
71 7136.0 409.04
419 5939.0 156.34
165 8440.0 956.37
53 1527.0 306.53
42 931.0 771.31
324 5769.0 659.59
181 6803.0 380.31
49 7250.0 114.78
294 7452.0 469.45
350 1997.0 847.05
450 3842.0 378.29
11 6224.0 585.94
376 712.0 22.54
27 8288.0 194.33
493 3744.0 940.36
448 4865.0 769.13
244 5434.0 925.15
486 2597.0 50.73
138 917.0 888.24
211 5273.0 702.06
462 4930.0 488.75
87 192.0 335.49
223 1937.0 384.86
367 2590.0 643.59
414 7967.0 746.09
55 6877.0 629.25
475 7223.0 479.08
290 8914.0 650.71
320 5126.0 198.22
83 1911.0 913.39
418 207.0 637.37
217 1349.0 983.69
473 3530.0 140.38
190 9655.0 864.04
58 9303.0 511.39
39 6858.0 128.41
288 8067.0 254.52
362 3324.0 668.59
445 9743.0 951.0
402 2447.0 838.92
260 3662.0 732.92
24 7392.0 121.71
330 1322.0 623.14
57 2249.0 230.43
487 1977.0 751.14
196 3511.0 195.33
185 4736.0 353.98
268 2050.0 830.48
145 8281.0 42.37
14 4858.0 359.34
463 3496.0 772.48
65 2306.0 83.7
121 3640.0 505.09
243 6182.0 469.0
191 5087.0 576.51
88 1767.0 863.26
337 686.0 380.65
290 1890.0 125.27
417 7011.0 10.39
213 6280.0 64.43
459 2866.0 974.55
494 5485.0 841.29
57 1206.0 958.63
171 5251.0 435.15
79 1001.0 704.44
155 8593.0 318.45
496 9048.0 574.34
160 7665.0 494.57
309 4253.0 337.99
468 6928.0 713.96
338 8376.0 568.11
36 6919.0 555.21
233 4854.0 696.66
116 722.0 891.12
392 8276.0 478.52
320 5435.0 358.09
44 7520.0 264.98
430 7820.0 254.84
332 5851.0 490.58
135 4568.0 87.58
287 8055.0 919.95
6 4836.0 310.84
2 8900.0 837.08
234 6015.0 983.78
159 6811.0 451.33
342 7584.0 675.24
161 7648.0 134.21
327 4176.0 494.51
348 8447.0 555.98
256 6701.0 220.78
166 860.0 234.4
360 82.0 879.7
435 6081.0 580.75
212 6769.0 530.45
167 2920.0 850.82
372 5429.0 871.06
228 5699.0 73.95
64 2169.0 734.12
200 8522.0 379.71
172 5515.0 993.22
466 6092.0 126.98
305 5475.0 889.84
30 3595.0 707.23
254 8358.0 628.18
397 8372.0 877.26
200 9083.0 354.51
321 5567.0 34.76
475 219.0 391.44
45 8533.0 736.55
419 4414.0 914.05
29 4280.0 964.99
490 5216.0 846.55
435 2079.0 841.11
164 2496.0 74.88
483 8808.0 563.28
393 8556.0 299.72
186 8788.0 79.91
489 6018.0 287.17
272 157.0 742.68
136 8374.0 667.59
29 7126.0 434.59
91 5411.0 157.79
264 86.0 575.43
325 7371.0 643.5
247 3669.0 348.38
484 5784.0 395.6
496 6944.0 964.13
127 3530.0 363.2
394 2157.0 539.21
415 3634.0 950.75
144 8217.0 475.99
115 2958.0 697.56
466 5470.0 915.44
142 2154.0 426.16
163 8036.0 115.12
156 704.0 919.5
354 7927.0 225.63
80 1823.0 641.74
362 6809.0 134.68
174 1856.0 125.84
467 2544.0 375.05
12 1002.0 509.27
196 3106.0 899.97
27 5177.0 839.84
110 873.0 213.23
387 760.0 98.8
138 1987.0 223.67
411 6183.0 236.49
117 8057.0 701.93
456 7068.0 675.92
483 2449.0 689.71
381 2729.0 808.72
238 7272.0 11.6
97 2955.0 804.66
256 3441.0 577.0
148 3307.0 218.36
331 3361.0 898.09
9 1653.0 590.76
463 9946.0 701.66
42 7953.0 802.35
314 9098.0 399.43
330 2967.0 273.89
297 528.0 438.33
302 5389.0 283.37
440 2403.0 82.44
346 4904.0 342.77
417 3181.0 787.11
261 8187.0 181.89
57 1316.0 87.66
201 4471.0 536.36
177 3327.0 462.49
50 9636.0 65.03
199 3517.0 675.76
37 2639.0 917.51
209 1499.0 748.55
39 7501.0 283.23
26 6292.0 283.74
74 570.0 18.53
183 9828.0 705.53
218 6185.0 739.74
13 2396.0 862.1
478 6555.0 789.3
356 6843.0 489.31
479 9284.0 934.66
383 3852.0 566.54
270 6582.0 99.33
50 8536.0 91.86
87 5674.0 790.69
218 5679.0 588.02
480 4232.0 214.86
457 677.0 290.38
320 9981.0 739.01
263 710.0 88.82
156 3090.0 28.34
226 6310.0 960.1
466 9561.0 853.16
53 8647.0 207.42
151 3454.0 615.48
329 694.0 736.78
491 5136.0 192.49
494 118.0 8.18
371 7463.0 985.62
295 6815.0 715.28
113 6998.0 611.61
126 458.0 996.96
14 471.0 370.65
481 591.0 754.22
157 1993.0 639.48
332 1093.0 233.76
89 2436.0 553.95
190 5198.0 22.97
191 4950.0 560.8
235 7729.0 225.87
394 1074.0 395.45
353 254.0 593.69
259 176.0 86.14
469 5590.0 963.27
240 7351.0 348.51
475 553.0 472.71
83 5909.0 331.09
140 2879.0 58.84
321 5402.0 616.28
311 8796.0 768.97
15 7127.0 747.92
198 4135.0 654.44
282 4330.0 546.34
188 5386.0 824.25
238 8052.0 542.06
42 2155.0 131.95
377 2555.0 93.22
32 8833.0 596.85
403 9426.0 825.31
78 1555.0 840.17
270 3619.0 100.74
239 4237.0 977.78
5 5300.0 424.99
433 5553.0 705.6
224 8021.0 244.99
305 3480.0 893.71
51 7548.0 490.16
253 1378.0 346.12
165 3276.0 920.14
306 2261.0 2.25
184 2901.0 587.29
9 903.0 270.25
120 3485.0 625.06
116 4923.0 511.16
425 9170.0 507.86
383 8088.0 280.78
203 8213.0 486.43
440 5277.0 755.63
277 8105.0 216.52
338 3000.0 980.48
116 6514.0 631.58
259 2588.0 575.84
152 6914.0 884.98
221 268.0 115.76
419 3207.0 281.58
91 2876.0 26.01
7 2815.0 934.5
415 9323.0 136.12
329 8845.0 324.96
341 6335.0 890.84
124 5922.0 611.64
496 1827.0 870.23
137 8304.0 12.11
354 6499.0 96.51
89 2393.0 302.44
132 121.0 115.4
272 3335.0 480.95
125 9417.0 885.0
223 7206.0 434.59
152 820.0 680.44
353 77.0 615.06
82 8916.0 273.03
185 9599.0 368.18
360 888.0 451.48
387 887.0 143.45
200 6322.0 926.09
207 9817.0 809.51
186 5064.0 907.55
62 8473.0 115.6
452 8263.0 300.25
499 8442.0 151.85
38 6867.0 348.4
78 1858.0 907.22
198 6640.0 67.97
279 8036.0 106.02
15 7850.0 896.79
251 4444.0 975.25
406 2264.0 693.99
411 1953.0 435.88
196 5792.0 795.99
331 9084.0 480.77
497 4624.0 666.72
98 5499.0 702.13
110 3854.0 588.4
476 3671.0 936.36
217 4999.0 213.68
25 7556.0 257.56
396 2450.0 2.87
161 5919.0 680.38
327 9693.0 692.17
48 1824.0 539.84
231 7071.0 419.61
160 950.0 709.62
196 2165.0 593.18
156 2387.0 324.31
192 3047.0 645.85
247 9594.0 28.82
204 3627.0 947.98
316 1810.0 996.1
183 6812.0 667.24
289 3134.0 323.83
491 4110.0 414.51
351 3602.0 958.86
147 9054.0 675.59
6 1585.0 301.68
86 7057.0 404.58
212 6038.0 466.84
443 5039.0 723.15
36 8585.0 734.42
364 1662.0 210.65
481 3869.0 308.67
432 4144.0 222.21
53 1000.0 6.3
150 8598.0 775.44
215 281.0 598.66
477 7957.0 480.96
208 1930.0 49.79
93 2387.0 127.44
198 8704.0 665.49
178 3005.0 517.22
207 2703.0 833.11
344 4261.0 665.32
19 7516.0 792.03
294 4817.0 20.26
49 5215.0 745.24
426 4927.0 603.31
471 3151.0 38.79
74 4826.0 429.19
109 4677.0 177.51
461 3244.0 477.61
440 6269.0 943.04
439 2753.0 44.63
492 7714.0 313.07
380 3238.0 320.34
249 2157.0 430.81
35 4469.0 978.44
15 165.0 781.69
12 2905.0 770.63
180 142.0 907.08
170 7457.0 951.5
267 8892.0 498.68
85 3171.0 999.11
206 3666.0 759.35
321 9692.0 653.56
240 4283.0 629.77
430 4333.0 13.14
51 3078.0 378.43
418 1846.0 808.94
183 1661.0 966.84
436 4013.0 198.05
169 9089.0 437.22
279 5088.0 455.21
35 8964.0 303.09
196 4213.0 918.08
498 9014.0 454.3
314 5519.0 288.17
205 4502.0 588.76
417 9112.0 896.51
466 7264.0 742.03
440 6139.0 950.01
292 1328.0 450.45
191 1054.0 296.64
169 4577.0 120.44
248 3746.0 347.75
335 3713.0 87.98
381 7723.0 613.06
492 4028.0 278.1
388 3694.0 164.06
293 9356.0 246.36
23 2929.0 141.61
3 4731.0 750.19
297 6294.0 32.54
298 4466.0 420.18
431 5875.0 59.75
483 6210.0 657.99
449 9248.0 154.33
386 7854.0 643.46
244 9762.0 960.34
477 1851.0 786.74
456 9977.0 227.79
281 9524.0 231.77
363 2618.0 517.88
442 4223.0 793.24
408 4680.0 455.79
277 2256.0 538.15
482 3847.0 127.39
207 6644.0 348.74
93 5568.0 351.99
444 1752.0 496.95
22 4324.0 734.52
35 5008.0 90.24
211 4546.0 315.83
180 410.0 169.66
151 7782.0 727.05
291 7915.0 116.16
242 4049.0 242.0
443 6144.0 389.48
486 9029.0 36.44
225 9688.0 223.24
37 5153.0 985.89
358 350.0 29.07
456 4471.0 790.95
481 6874.0 561.68
83 1137.0 69.41
13 9466.0 107.24
484 499.0 325.06
144 1379.0 642.65
177 3630.0 629.18
251 5273.0 907.02
31 531.0 272.01
89 3691.0 643.68
361 4322.0 125.7
425 3580.0 574.52
25 3875.0 395.07
422 436.0 312.22
287 9739.0 463.83
110 5014.0 907.6
308 7110.0 982.58
448 4207.0 850.68
214 890.0 23.52
321 1449.0 349.25
350 2958.0 76.04
338 553.0 391.2
367 6276.0 782.88
170 7189.0 512.95
201 345.0 354.56
405 3262.0 18.77
384 5826.0 299.85
56 2730.0 602.07
452 2749.0 435.61
387 3396.0 862.52
454 7525.0 457.1
57 960.0 704.49
485 1428.0 674.8
85 6554.0 375.74
240 1867.0 775.33
93 7077.0 543.14
398 8543.0 583.7
122 2712.0 282.16
283 517.0 709.55
343 2064.0 993.94
229 7249.0 180.12
126 6391.0 294.74
387 6018.0 467.94
25 603.0 795.53
430 5200.0 467.18
338 9993.0 107.51
397 2006.0 588.6
41 1831.0 117.25
427 9853.0 694.17
239 1130.0 276.21
30 4353.0 303.53
274 1143.0 913.36
351 3738.0 236.31
153 8452.0 114.75
90 2225.0 830.64
394 5268.0 889.94
237 1895.0 668.22
20 1396.0 221.39
39 6301.0 197.26
403 5274.0 313.79
451 8825.0 908.64
380 4928.0 897.78
171 5125.0 847.43
267 1326.0 501.16
16 3871.0 456.4
119 6774.0 497.47
91 5866.0 851.43
379 5662.0 744.51
185 5595.0 908.59
444 2998.0 273.7
243 9142.0 748.52
363 5308.0 277.17
483 3308.0 507.1
334 8036.0 52.47
168 1141.0 325.47
125 748.0 345.17
446 4947.0 239.37
236 6994.0 733.57
232 1529.0 587.32
370 6238.0 976.21
45 5803.0 714.28
150 708.0 956.38
409 5017.0 840.77
460 4836.0 334.87
461 9113.0 804.08
262 6160.0 146.83
184 1756.0 803.38
113 2561.0 726.79
50 9549.0 918.7
117 1875.0 563.56
452 187.0 846.3
406 1694.0 41.4
497 2977.0 281.46
488 7295.0 54.94
39 2182.0 186.59
327 8665.0 754.58
346 4947.0 677.47
311 5101.0 197.21
249 6096.0 509.29
213 8412.0 634.62
140 5172.0 514.66
397 56.0 486.1
414 7140.0 484.89
303 8109.0 322.6
483 8737.0 702.74
262 9761.0 847.87
286 5865.0 377.28
187 8711.0 377.18
258 7787.0 882.27
31 8716.0 293.83
255 2846.0 909.47
272 568.0 888.6
305 4569.0 433.54
449 5098.0 516.35
318 1145.0 642.55
416 1383.0 970.59
291 7778.0 233.17
76 936.0 980.11
387 1335.0 578.25
265 131.0 546.19
114 9079.0 511.0
357 6082.0 116.36
87 4429.0 535.58
477 9975.0 45.06
478 7918.0 442.15
383 8536.0 991.72
441 7401.0 408.31
463 7777.0 982.07
40 5079.0 808.49
300 291.0 808.3
427 3620.0 807.5
114 4817.0 833.92
484 5817.0 142.46
173 6753.0 264.14
160 1492.0 698.05
342 4802.0 365.73
246 6139.0 330.64
285 5544.0 292.33
265 84.0 249.17
156 1385.0 162.85
69 2706.0 568.94
384 3421.0 129.05
47 8812.0 180.46
426 2800.0 783.49
109 6997.0 943.8
108 3103.0 554.4
276 8898.0 638.44
44 9578.0 565.63
493 4575.0 750.31
65 7485.0 239.43
96 4614.0 105.09
270 1740.0 683.81
394 8838.0 249.35
427 31.0 650.12
196 6546.0 655.59
324 6883.0 78.21
198 4903.0 516.46
58 6268.0 369.2
107 3870.0 699.61
52 5927.0 65.29
64 6171.0 62.22
313 6087.0 392.71
409 1953.0 642.55
19 4177.0 985.97
105 1673.0 470.93
359 493.0 513.53
474 7122.0 23.24
496 3870.0 751.98
187 9162.0 252.55
360 1572.0 656.94
253 8234.0 861.8
425 3495.0 596.04
395 3884.0 429.96
28 4942.0 205.28
22 977.0 706.24
45 7520.0 176.74
329 6319.0 779.44
184 9585.0 932.7
175 4493.0 898.51
119 2577.0 132.48
258 4042.0 79.93
313 628.0 212.05
34 9388.0 565.76
112 926.0 684.45
233 2205.0 743.1
406 6715.0 181.91
491 6504.0 903.8
135 8509.0 652.04
461 6369.0 108.61
232 5989.0 16.79
49 7126.0 699.43
396 9595.0 976.78
122 2880.0 422.85
66 476.0 996.88
8 8850.0 876.98
448 65.0 408.9
136 3704.0 147.68
459 430.0 92.76
452 7471.0 807.01
261 7866.0 754.06
470 8103.0 451.98
468 247.0 401.93
411 1359.0 640.58
342 3942.0 928.83
307 2260.0 350.24
67 4390.0 743.52
29 9484.0 647.42
481 433.0 684.39
259 1532.0 87.91
17 7892.0 194.31
117 6340.0 821.71
63 8262.0 49.62
313 8738.0 322.65
469 765.0 571.53
423 8608.0 918.67
289 7439.0 842.4
320 1795.0 69.54
283 9753.0 61.97
164 1804.0 627.53
440 4128.0 347.25
297 6253.0 621.99
411 2710.0 624.09
363 5952.0 803.88
201 6813.0 454.43
184 5045.0 610.05
240 602.0 46.9
127 9575.0 701.31
54 8833.0 504.44
170 1535.0 893.7
291 5801.0 680.1
371 8619.0 967.96
369 5996.0 519.32
254 6729.0 50.28
326 2729.0 374.53
264 3457.0 289.53
24 7096.0 283.89
275 2946.0 90.47
384 4763.0 254.04
237 9840.0 784.25
269 2250.0 472.13
192 3346.0 28.51
422 4523.0 464.19
342 4017.0 799.11
352 8912.0 146.13
275 9544.0 503.72
481 2159.0 110.79
473 6542.0 473.21
146 4243.0 55.96
273 2355.0 749.22
100 5069.0 462.42
373 7082.0 284.47
142 3857.0 6.05
438 4811.0 732.52
61 3051.0 481.56
77 3967.0 183.91
118 1771.0 906.99
81 3678.0 837.36
89 1785.0 638.24
173 1900.0 481.41
231 4917.0 830.12
317 3981.0 693.42
409 4314.0 900.87
433 8852.0 528.95
233 2902.0 88.89
298 6075.0 78.18
446 8810.0 928.27
35 7340.0 744.98
432 6751.0 222.1
37 8094.0 749.43
150 4740.0 772.76
270 8329.0 155.0
149 2581.0 225.16
138 1947.0 867.48
106 3003.0 178.19
176 8450.0 91.95
277 669.0 15.78
378 7454.0 563.79
315 1835.0 130.57
382 9864.0 249.66
439 7185.0 92.42
83 1050.0 640.44
204 3756.0 139.35
87 4303.0 69.1
339 8757.0 157.79
233 9665.0 556.27
1
500
1 1 6.55 0.0 18.1
33 32 3.38 273.09 330.43 52 1.58 541.97 582.26 58 8.12 635.91 676.51 85 7.2 652.42 693.27 100 7.88 856.01 891.82 101 7.07 896.36 940.29 102 4.25 566.21 612.13 108 8.83 583.46 648.16 116 7.53 409.32 446.21 121 6.0 863.65 906.6 122 9.08 1015.22 1057.33 173 4.21 636.04 692.79 195 5.55 965.31 1013.09 211 5.59 678.15 740.8 222 2.42 979.85 1029.73 250 2.46 700.4 742.49 260 9.02 665.99 717.12 283 4.44 368.04 418.39 295 3.72 543.17 578.54 299 1.96 881.08 917.1 300 7.15 529.06 571.82 311 4.71 619.65 665.61 335 8.63 438.55 489.85 336 9.62 846.05 893.4 369 5.47 829.74 889.55 425 4.3 965.66 1021.59 431 9.79 599.79 635.73 440 1.49 490.16 553.0 449 6.29 689.91 734.77 451 3.52 562.72 599.21 474 7.87 616.26 652.64 482 6.66 788.1 852.38 485 9.96 593.75 628.68
33 3 2.12 1089.06 1147.86 8 7.98 1162.72 1211.33 10 6.25 755.02 818.49 27 8.33 811.4 875.14 55 2.09 1103.06 1156.47 64 7.28 659.8 706.99 103 6.67 549.94 602.92 126 6.35 884.21 944.57 155 5.93 910.56 967.14 163 1.91 607.6 668.79 166 2.56 959.01 1013.39 181 5.32 1117.67 1174.72 208 6.04 802.03 847.12 268 2.63 1303.45 1367.57 271 1.93 965.33 1011.1 272 9.85 840.22 875.4 275 6.35 925.31 991.14 297 4.19 810.97 856.83 298 6.67 806.26 851.03 307 5.91 666.6 715.4 319 3.66 1012.46 1047.3 327 4.0 592.88 655.72 333 9.86 811.15 846.96 397 9.72 950.13 984.65 405 8.11 834.24 895.63 407 2.89 1219.27 1279.45 426 9.82 844.96 902.06 427 1.79 1124.64 1165.58 430 7.71 627.98 666.96 439 6.74 751.1 802.21 468 9.22 942.51 1001.15 470 6.26 1276.6 1338.46 476 8.93 1273.12 1312.75
33 11 8.55 991.65 1049.61 35 4.03 1092.26 1154.68 39 4.71 753.99 813.2 47 6.12 1077.51 1121.17 49 6.35 1090.52 1149.52 53 2.13 957.82 1006.54 67 6.88 845.6 899.26 93 2.48 1106.2 1150.94 123 8.91 975.77 1027.82 132 1.93 1072.28 1130.93 137 1.57 927.61 967.7 172 4.22 1060.34 1094.92 240 2.05 1086.94 1133.49 251 4.97 928.14 972.15 276 5.01 870.73 908.01 309 6.92 905.48 948.31 317 2.24 804.32 840.38 334 2.61 692.58 753.43 338 7.4 1079.9 1117.89 347 5.06 739.49 778.72 381 9.75 1137.18 1172.46 384 5.42 959.98 1006.44 393 6.62 955.33 1001.9 401 8.36 974.39 1030.48 402 9.29 874.87 926.53 432 9.3 907.84 955.08 435 5.14 1247.68 1306.56 436 2.88 1078.27 1135.6 437 7.96 1074.17 1112.7 447 4.54 1380.56 1417.42 454 3.39 1017.78 1072.77 478 7.34 715.82 776.66 484 7.92 890.45 925.75
33 60 5.61 1182.6 1225.11 61 5.32 1026.1 1067.64 70 1.27 981.02 1025.83 74 4.47 1223.8 1263.36 83 2.37 877.78 918.91 88 5.47 1116.9 1157.72 89 6.97 1102.49 1141.95 90 2.4 1293.73 1353.84 95 5.26 1453.37 1487.82 138 5.26 1189.32 1242.01 161 8.25 1273.77 1316.93 178 5.57 1168.62 1226.27 179 4.4 1732.95 1787.72 197 4.8 1134.16 1187.24 206 6.7 929.3 966.1 217 5.21 1176.1 1241.0 225 5.43 828.48 879.69 286 3.73 1096.26 1155.99 291 2.91 1232.53 1272.98 308 5.29 1084.94 1127.47 310 8.06 1001.29 1037.04 330 3.73 1059.7 1103.34 357 6.89 1186.79 1222.38 367 8.34 1339.43 1380.16 385 1.9 1022.6 1082.77 387 8.41 1034.02 1074.12 419 6.49 1309.14 1349.95 441 4.71 960.99 1023.01 446 3.58 1219.98 1264.22 461 9.97 1087.77 1131.24 463 7.08 1159.65 1195.87 479 8.24 991.33 1029.42 492 1.75 1066.4 1105.76
33 5 2.66 1263.2 1304.26 7 9.65 1492.74 1528.44 23 4.73 1449.28 1509.42 42 7.2 1120.98 1156.32 57 5.72 1210.25 1248.88 59 3.91 1476.96 1529.83 80 7.51 1554.75 1612.61 110 1.35 1185.65 1234.24 115 7.35 1292.06 1346.6 128 1.38 1314.55 1365.76 142 1.21 1240.15 1280.26 144 9.93 1345.64 1389.4 154 1.06 1486.23 1523.45 196 6.37 1639.19 1686.62 199 5.15 1281.77 1344.43 232 5.16 1380.69 1425.61 239 5.1 1598.81 1642.37 245 3.88 1355.24 1419.99 247 6.11 1042.9 1095.61 254 7.92 1117.15 1159.05 294 8.64 1297.83 1353.88 304 9.55 1528.25 1564.92 306 7.45 1046.79 1112.48 341 3.09 1098.72 1154.32 342 7.55 1193.29 1250.13 351 8.89 1267.58 1307.1 361 9.94 1396.79 1449.09 371 6.65 1693.94 1758.99 377 3.89 1320.97 1383.98 388 4.62 1465.18 1502.09 414 1.36 1518.49 1563.71 445 6.39 1395.48 1432.17 464 9.3 1390.99 1424.65
1 500 3.63 1599.02 1652.18
