1250 4850 0 1 22
2
3
3
3
3
3
3
3
3
3
3
3
3
3
3
3
3
3
3
3
3
3
3
3
2
3
4
4
4
4
4
4
4
4
4
4
4
4
4
4
4
4
4
4
4
4
4
4
4
3
3
4
4
4
4
4
4
4
4
4
4
4
4
4
4
4
4
4
4
4
4
4
4
4
3
3
4
4
4
4
4
4
4
4
4
4
4
4
4
4
4
4
4
4
4
4
4
4
4
3
3
4
4
4
4
4
4
4
4
4
4
4
4
4
4
4
4
4
4
4
4
4
4
4
3
3
4
4
4
4
4
4
4
4
4
4
4
4
4
4
4
4
4
4
4
4
4
4
4
3
3
4
4
4
4
4
4
4
4
4
4
4
4
4
4
4
4
4
4
4
4
4
4
4
3
3
4
4
4
4
4
4
4
4
4
4
4
4
4
4
4
4
4
4
4
4
4
4
4
3
3
4
4
4
4
4
4
4
4
4
4
4
4
4
4
4
4
4
4
4
4
4
4
4
3
3
4
4
4
4
4
4
4
4
4
4
4
4
4
4
4
4
4
4
4
4
4
4
4
3
3
4
4
4
4
4
4
4
4
4
4
4
4
4
4
4
4
4
4
4
4
4
4
4
3
3
4
4
4
4
4
4
4
4
4
4
4
4
4
4
4
4
4
4
4
4
4
4
4
3
3
4
4
4
4
4
4
4
4
4
4
4
4
4
4
4
4
4
4
4
4
4
4
4
3
3
4
4
4
4
4
4
4
4
4
4
4
4
4
4
4
4
4
4
4
4
4
4
4
3
3
4
4
4
4
4
4
4
4
4
4
4
4
4
4
4
4
4
4
4
4
4
4
4
3
3
4
4
4
4
4
4
4
4
4
4
4
4
4
4
4
4
4
4
4
4
4
4
4
3
3
4
4
4
4
4
4
4
4
4
4
4
4
4
4
4
4
4
4
4
4
4
4
4
3
3
4
4
4
4
4
4
4
4
4
4
4
4
4
4
4
4
4
4
4
4
4
4
4
3
3
4
4
4
4
4
4
4
4
4
4
4
4
4
4
4
4
4
4
4
4
4
4
4
3
3
4
4
4
4
4
4
4
4
4
4
4
4
4
4
4
4
4
4
4
4
4
4
4
3
3
4
4
4
4
4
4
4
4
4
4
4
4
4
4
4
4
4
4
4
4
4
4
4
3
3
4
4
4
4
4
4
4
4
4
4
4
4
4
4
4
4
4
4
4
4
4
4
4
3
3
4
4
4
4
4
4
4
4
4
4
4
4
4
4
4
4
4
4
4
4
4
4
4
3
3
4
4
4
4
4
4
4
4
4
4
4
4
4
4
4
4
4
4
4
4
4
4
4
3
3
4
4
4
4
4
4
4
4
4
4
4
4
4
4
4
4
4
4
4
4
4
4
4
3
3
4
4
4
4
4
4
4
4
4
4
4
4
4
4
4
4
4
4
4
4
4
4
4
3
3
4
4
4
4
4
4
4
4
4
4
4
4
4
4
4
4
4
4
4
4
4
4
4
3
3
4
4
4
4
4
4
4
4
4
4
4
4
4
4
4
4
4
4
4
4
4
4
4
3
3
4
4
4
4
4
4
4
4
4
4
4
4
4
4
4
4
4
4
4
4
4
4
4
3
3
4
4
4
4
4
4
4
4
4
4
4
4
4
4
4
4
4
4
4
4
4
4
4
3
3
4
4
4
4
4
4
4
4
4
4
4
4
4
4
4
4
4
4
4
4
4
4
4
3
3
4
4
4
4
4
4
4
4
4
4
4
4
4
4
4
4
4
4
4
4
4
4
4
3
3
4
4
4
4
4
4
4
4
4
4
4
4
4
4
4
4
4
4
4
4
4
4
4
3
3
4
4
4
4
4
4
4
4
4
4
4
4
4
4
4
4
4
4
4
4
4
4
4
3
3
4
4
4
4
4
4
4
4
4
4
4
4
4
4
4
4
4
4
4
4
4
4
4
3
3
4
4
4
4
4
4
4
4
4
4
4
4
4
4
4
4
4
4
4
4
4
4
4
3
3
4
4
4
4
4
4
4
4
4
4
4
4
4
4
4
4
4
4
4
4
4
4
4
3
3
4
4
4
4
4
4
4
4
4
4
4
4
4
4
4
4
4
4
4
4
4
4
4
3
3
4
4
4
4
4
4
4
4
4
4
4
4
4
4
4
4
4
4
4
4
4
4
4
3
3
4
4
4
4
4
4
4
4
4
4
4
4
4
4
4
4
4
4
4
4
4
4
4
3
3
4
4
4
4
4
4
4
4
4
4
4
4
4
4
4
4
4
4
4
4
4
4
4
3
3
4
4
4
4
4
4
4
4
4
4
4
4
4
4
4
4
4
4
4
4
4
4
4
3
3
4
4
4
4
4
4
4
4
4
4
4
4
4
4
4
4
4
4
4
4
4
4
4
3
3
4
4
4
4
4
4
4
4
4
4
4
4
4
4
4
4
4
4
4
4
4
4
4
3
3
4
4
4
4
4
4
4
4
4
4
4
4
4
4
4
4
4
4
4
4
4
4
4
3
3
4
4
4
4
4
4
4
4
4
4
4
4
4
4
4
4
4
4
4
4
4
4
4
3
3
4
4
4
4
4
4
4
4
4
4
4
4
4
4
4
4
4
4
4
4
4
4
4
3
3
4
4
4
4
4
4
4
4
4
4
4
4
4
4
4
4
4
4
4
4
4
4
4
3
3
4
4
4
4
4
4
4
4
4
4
4
4
4
4
4
4
4
4
4
4
4
4
4
3
2
3
3
3
3
3
3
3
3
3
3
3
3
3
3
3
3
3
3
3
3
3
3
3
2
2 6752.0 40.53
26 7229.0 597.9
3 6387.0 542.74
1 603.0 58.1
27 3125.0 631.9
4 6550.0 424.15
2 487.0 842.42
28 6849.0 906.4
5 5479.0 423.73
3 4397.0 655.87
29 4612.0 930.5
6 7872.0 345.04
4 3473.0 255.36
30 5395.0 445.23
7 5887.0 790.4
5 6725.0 695.72
31 7125.0 558.12
8 4514.0 288.14
6 4877.0 146.67
32 6384.0 579.68
9 6707.0 564.99
7 778.0 147.27
33 5611.0 151.02
10 5526.0 20.91
8 5924.0 554.85
34 7422.0 687.64
11 2589.0 388.76
9 6317.0 928.86
35 6759.0 180.61
12 9538.0 190.72
10 6008.0 476.69
36 5429.0 257.83
13 489.0 980.43
11 6977.0 985.49
37 2034.0 160.38
14 5090.0 670.4
12 9573.0 768.0
38 3302.0 838.34
15 6567.0 173.38
13 7879.0 130.9
39 6712.0 317.41
16 9376.0 882.98
14 1551.0 400.4
40 277.0 418.46
17 4949.0 516.42
15 2271.0 495.55
41 5158.0 116.32
18 6153.0 758.12
16 4178.0 144.75
42 5483.0 214.86
19 785.0 196.01
17 478.0 596.32
43 7797.0 843.12
20 6149.0 864.03
18 125.0 529.98
44 8133.0 540.74
21 5034.0 533.53
19 1030.0 116.9
45 242.0 950.32
22 4101.0 797.76
20 1932.0 279.07
46 2054.0 553.55
23 5874.0 302.15
21 5267.0 3.74
47 6518.0 70.79
24 4299.0 199.0
22 5630.0 48.25
48 2838.0 414.12
25 8745.0 892.44
23 9380.0 408.91
49 5191.0 773.26
24 9879.0 693.48
50 9251.0 76.04
27 4577.0 6.63
51 9934.0 275.28
1 1736.0 673.87
28 1874.0 903.5
26 9867.0 331.09
52 8645.0 227.4
2 844.0 803.58
29 9839.0 601.35
27 9694.0 748.27
53 18.0 665.6
3 1662.0 155.37
30 1667.0 605.38
28 8183.0 486.16
54 555.0 49.98
4 4925.0 685.0
31 328.0 712.7
29 7719.0 737.9
55 5183.0 564.7
5 2715.0 335.73
32 3460.0 997.02
30 6336.0 839.92
56 5036.0 851.37
6 1762.0 662.46
33 1212.0 785.64
31 7488.0 805.18
57 6958.0 405.65
7 1811.0 801.6
34 4380.0 626.36
32 5515.0 97.53
58 5576.0 831.4
8 6892.0 570.51
35 8417.0 600.14
33 2172.0 454.23
59 2327.0 741.2
9 9963.0 375.08
36 6021.0 102.53
34 8681.0 590.64
60 4469.0 969.89
10 5872.0 104.0
37 2276.0 276.73
35 2127.0 645.77
61 5624.0 445.15
11 1864.0 575.36
38 5825.0 687.19
36 8191.0 717.76
62 7505.0 960.39
12 8863.0 775.49
39 3811.0 507.34
37 4818.0 952.16
63 9919.0 104.18
13 2160.0 827.3
40 416.0 487.68
38 6599.0 275.32
64 7691.0 624.27
14 451.0 341.89
41 7730.0 786.24
39 8905.0 71.16
65 9360.0 500.36
15 3249.0 57.53
42 1285.0 404.9
40 9974.0 669.01
66 6043.0 596.73
16 8555.0 487.75
43 3015.0 306.76
41 4759.0 687.33
67 8919.0 37.3
17 5189.0 560.91
44 9026.0 860.6
42 4628.0 105.98
68 9906.0 378.98
18 5419.0 420.18
45 7412.0 966.67
43 9300.0 451.19
69 7911.0 394.21
19 8401.0 454.64
46 7191.0 624.21
44 1617.0 830.79
70 6520.0 255.72
20 6943.0 4.75
47 9173.0 453.04
45 5941.0 596.44
71 9517.0 980.23
21 6140.0 126.43
48 8563.0 331.79
46 5950.0 108.12
72 5691.0 491.99
22 40.0 329.65
49 4278.0 185.01
47 3637.0 648.94
73 40.0 331.71
23 5142.0 702.09
50 7516.0 198.9
48 3531.0 983.37
74 2598.0 95.28
24 3053.0 334.59
49 3488.0 949.97
75 3500.0 126.82
25 8986.0 488.7
52 7053.0 751.81
76 7514.0 574.07
26 4605.0 444.82
53 9455.0 10.24
51 6231.0 650.62
77 9291.0 731.66
27 8412.0 992.92
54 3350.0 589.06
52 3915.0 943.2
78 7830.0 542.58
28 9432.0 331.79
55 9287.0 910.99
53 3233.0 280.84
79 7934.0 647.59
29 6970.0 740.43
56 7595.0 181.55
54 3989.0 680.58
80 8291.0 814.0
30 5001.0 148.53
57 7407.0 619.95
55 9660.0 222.7
81 4372.0 78.05
31 2208.0 696.69
58 593.0 686.73
56 3435.0 503.04
82 9441.0 776.26
32 9867.0 552.82
59 800.0 461.85
57 4781.0 822.85
83 2201.0 206.36
33 1865.0 444.57
60 6250.0 575.66
58 471.0 609.22
84 6463.0 454.36
34 4599.0 908.13
61 5754.0 405.28
59 5023.0 738.37
85 4759.0 938.67
35 329.0 269.85
62 3607.0 228.63
60 5577.0 261.0
86 3963.0 842.64
36 8641.0 811.07
63 8500.0 908.54
61 9994.0 955.69
87 1862.0 685.84
37 9797.0 357.16
64 2399.0 665.53
62 4190.0 924.23
88 7192.0 10.53
38 4421.0 35.25
65 6857.0 924.92
63 6615.0 703.76
89 3477.0 596.37
39 4513.0 466.51
66 8709.0 557.41
64 9567.0 897.81
90 9900.0 997.07
40 5094.0 453.59
67 1035.0 782.35
65 6208.0 926.83
91 2568.0 791.42
41 9055.0 918.07
68 2453.0 660.43
66 5773.0 554.25
92 9672.0 143.03
42 4780.0 749.77
69 2726.0 789.6
67 7400.0 476.86
93 1047.0 321.41
43 8209.0 477.47
70 1771.0 282.5
68 2408.0 902.23
94 1025.0 602.06
44 2613.0 340.83
71 6565.0 400.41
69 3413.0 785.3
95 6433.0 912.4
45 1579.0 456.94
72 5373.0 504.24
70 6615.0 867.55
96 6636.0 391.94
46 6096.0 294.55
73 6166.0 203.63
71 7658.0 480.13
97 717.0 469.96
47 9639.0 506.97
74 3264.0 42.79
72 9708.0 996.67
98 1923.0 637.36
48 9731.0 697.27
75 4351.0 602.62
73 8043.0 664.67
99 9734.0 468.1
49 5363.0 318.85
74 4723.0 666.25
100 1197.0 112.92
50 1756.0 826.4
77 2171.0 122.65
101 8348.0 703.94
51 2951.0 591.44
78 4467.0 53.02
76 2854.0 317.08
102 9561.0 123.23
52 7248.0 317.91
79 6828.0 364.21
77 5433.0 297.06
103 7899.0 608.84
53 5576.0 996.03
80 435.0 898.69
78 8997.0 747.93
104 6920.0 449.79
54 309.0 901.95
81 7053.0 513.74
79 7896.0 209.8
105 3427.0 885.65
55 2584.0 850.92
82 9390.0 26.08
80 1016.0 738.24
106 4342.0 500.19
56 9444.0 94.58
83 8327.0 900.85
81 4891.0 844.83
107 7600.0 638.89
57 6298.0 956.45
84 4633.0 244.31
82 8394.0 432.66
108 7912.0 695.62
58 6058.0 673.31
85 7186.0 582.23
83 8084.0 372.59
109 6876.0 290.6
59 9770.0 50.86
86 7894.0 626.67
84 2042.0 572.99
110 6813.0 320.57
60 5778.0 828.26
87 5358.0 768.12
85 5207.0 609.08
111 6699.0 957.5
61 4986.0 979.41
88 7902.0 237.36
86 7827.0 185.31
112 2224.0 818.27
62 4142.0 546.72
89 9036.0 549.35
87 8232.0 680.52
113 7700.0 340.53
63 457.0 744.23
90 7570.0 834.83
88 8798.0 970.05
114 1531.0 494.48
64 4430.0 947.9
91 8284.0 966.7
89 8456.0 985.93
115 1073.0 415.51
65 9201.0 181.96
92 9110.0 715.33
90 797.0 777.56
116 9802.0 448.63
66 4801.0 510.22
93 4737.0 771.42
91 5145.0 501.13
117 7242.0 610.27
67 5175.0 604.01
94 2133.0 771.79
92 8396.0 427.64
118 6684.0 788.06
68 4482.0 489.17
95 6364.0 1.58
93 9804.0 77.73
119 3088.0 652.02
69 2858.0 167.66
96 6605.0 78.72
94 2034.0 388.27
120 3812.0 242.83
70 9230.0 800.88
97 2541.0 74.35
95 34.0 257.97
121 9671.0 259.05
71 1399.0 732.65
98 7307.0 616.19
96 8757.0 495.94
122 8570.0 964.95
72 4753.0 854.28
99 8491.0 613.17
97 8345.0 718.1
123 8863.0 543.63
73 2376.0 402.36
100 4733.0 994.55
98 4571.0 153.81
124 9485.0 510.2
74 6887.0 568.76
99 6053.0 413.39
125 1120.0 835.1
75 7028.0 132.71
102 5148.0 716.93
126 4270.0 885.15
76 6584.0 615.72
103 7869.0 598.76
101 7169.0 494.73
127 487.0 598.95
77 2783.0 281.98
104 7430.0 431.55
102 4353.0 285.02
128 3142.0 825.01
78 1992.0 979.77
105 8327.0 347.5
103 4623.0 42.87
129 1116.0 505.6
79 9259.0 397.61
106 1279.0 681.46
104 5789.0 29.39
130 6370.0 710.84
80 4310.0 845.91
107 9281.0 468.05
105 5389.0 140.47
131 4298.0 371.83
81 989.0 78.01
108 2689.0 466.02
106 3169.0 979.04
132 2373.0 338.11
82 4183.0 220.3
109 7829.0 89.71
107 1630.0 551.75
133 2959.0 420.07
83 9165.0 956.2
110 7887.0 673.41
108 4758.0 145.5
134 3391.0 143.53
84 5802.0 244.16
111 2283.0 423.12
109 8555.0 981.81
135 5120.0 811.87
85 9739.0 125.09
112 4307.0 364.97
110 6661.0 755.84
136 8740.0 7.51
86 6838.0 557.21
113 5379.0 423.65
111 6816.0 447.07
137 4938.0 931.92
87 1037.0 233.31
114 3805.0 992.19
112 6599.0 724.45
138 5179.0 866.06
88 1861.0 629.76
115 8234.0 131.07
113 1593.0 171.08
139 5070.0 26.88
89 6830.0 475.55
116 2162.0 828.39
114 7370.0 425.6
140 6465.0 339.14
90 4677.0 259.01
117 6298.0 670.04
115 6761.0 382.57
141 1634.0 710.51
91 2747.0 681.16
118 9514.0 625.74
116 5882.0 135.1
142 5503.0 137.35
92 813.0 99.71
119 8004.0 533.83
117 1948.0 300.39
143 5967.0 632.98
93 1929.0 238.65
120 2374.0 234.41
118 5342.0 797.75
144 3616.0 793.64
94 6590.0 783.69
121 8422.0 253.63
119 5986.0 664.49
145 5222.0 979.46
95 4265.0 458.3
122 6224.0 142.87
120 4168.0 180.6
146 2842.0 95.67
96 2663.0 190.27
123 5343.0 39.29
121 8297.0 854.01
147 9642.0 582.27
97 6002.0 680.38
124 2356.0 192.65
122 8610.0 821.19
148 1992.0 191.95
98 7690.0 389.27
125 3279.0 739.74
123 1763.0 448.41
149 2413.0 421.96
99 726.0 846.55
124 6663.0 142.55
150 5845.0 195.01
100 171.0 918.21
127 1572.0 410.59
151 8500.0 372.79
101 7833.0 649.78
128 8795.0 398.28
126 6532.0 741.6
152 1785.0 255.23
102 8527.0 394.56
129 4524.0 739.83
127 3838.0 80.33
153 970.0 512.45
103 3102.0 914.28
130 2535.0 829.41
128 6359.0 26.86
154 954.0 399.46
104 6148.0 646.65
131 6980.0 604.81
129 1734.0 820.63
155 3452.0 48.19
105 2720.0 226.99
132 2994.0 453.82
130 4338.0 195.64
156 969.0 783.69
106 5550.0 413.72
133 4353.0 573.99
131 7895.0 893.55
157 8614.0 839.14
107 9696.0 709.06
134 7641.0 789.63
132 9324.0 140.09
158 464.0 298.87
108 3203.0 358.82
135 6512.0 687.92
133 853.0 320.68
159 6500.0 970.22
109 3707.0 325.89
136 6415.0 563.44
134 3833.0 233.83
160 1492.0 470.42
110 1079.0 112.69
137 9814.0 53.91
135 9231.0 221.9
161 5725.0 87.38
111 9336.0 852.88
138 3258.0 644.22
136 9069.0 834.52
162 6935.0 230.35
112 4198.0 248.9
139 3377.0 444.61
137 8749.0 437.95
163 8163.0 317.93
113 1620.0 750.13
140 5034.0 432.63
138 8868.0 790.75
164 6081.0 885.45
114 3692.0 368.38
141 5697.0 838.11
139 8381.0 377.47
165 295.0 91.23
115 3897.0 682.27
142 8027.0 70.13
140 6597.0 276.15
166 187.0 12.73
116 8739.0 730.44
143 1914.0 848.29
141 8300.0 207.51
167 8103.0 92.64
117 6449.0 295.25
144 2543.0 582.99
142 6674.0 830.96
168 4081.0 181.91
118 1504.0 420.16
145 3390.0 578.1
143 1116.0 318.54
169 6361.0 926.56
119 4944.0 428.87
146 9801.0 788.83
144 708.0 148.63
170 8635.0 359.27
120 5557.0 63.64
147 1945.0 29.28
145 9961.0 545.72
171 6772.0 415.88
121 9828.0 947.77
148 9339.0 499.82
146 1326.0 352.08
172 7857.0 860.14
122 3703.0 121.95
149 1578.0 357.98
147 3195.0 122.53
173 2280.0 976.5
123 6787.0 151.84
150 2938.0 794.24
148 7699.0 91.94
174 5696.0 854.16
124 9140.0 182.13
149 5166.0 269.33
175 8660.0 789.29
125 3370.0 650.94
152 965.0 663.05
176 6544.0 267.61
126 3314.0 4.58
153 7317.0 247.59
151 2431.0 480.53
177 394.0 705.5
127 7272.0 118.34
154 8945.0 462.52
152 4848.0 459.93
178 1313.0 93.98
128 351.0 932.71
155 7840.0 286.91
153 4047.0 456.19
179 987.0 787.1
129 8239.0 890.52
156 3508.0 636.51
154 4838.0 516.85
180 2864.0 563.71
130 3599.0 985.91
157 8257.0 199.79
155 6354.0 543.67
181 4527.0 696.0
131 1502.0 698.99
158 1884.0 301.26
156 187.0 800.5
182 6876.0 857.51
132 2767.0 842.94
159 8673.0 547.22
157 3507.0 41.14
183 4570.0 517.07
133 8360.0 788.72
160 5351.0 92.82
158 6391.0 562.77
184 1030.0 695.94
134 3011.0 100.1
161 9270.0 961.06
159 3323.0 638.42
185 2095.0 627.03
135 8182.0 963.35
162 1492.0 857.12
160 7019.0 164.66
186 4888.0 902.09
136 9006.0 548.19
163 8694.0 681.47
161 1636.0 227.84
187 6417.0 943.47
137 8756.0 994.09
164 5987.0 531.25
162 928.0 290.67
188 1366.0 856.19
138 9836.0 581.66
165 6355.0 324.2
163 4175.0 32.99
189 7340.0 466.98
139 9456.0 671.02
166 310.0 522.64
164 6343.0 434.53
190 9082.0 509.72
140 3865.0 662.82
167 7563.0 759.13
165 801.0 382.14
191 9721.0 59.32
141 5207.0 419.64
168 7312.0 429.5
166 180.0 905.04
192 2472.0 229.41
142 5171.0 618.85
169 1831.0 207.68
167 4921.0 814.15
193 8275.0 546.23
143 4804.0 700.74
170 8124.0 915.58
168 9073.0 384.82
194 1804.0 448.36
144 1431.0 851.93
171 5833.0 40.31
169 5575.0 651.2
195 746.0 704.17
145 7545.0 536.28
172 2607.0 604.55
170 2893.0 831.4
196 6565.0 266.67
146 2565.0 764.96
173 9052.0 944.89
171 1518.0 310.04
197 2286.0 490.09
147 9974.0 619.61
174 3650.0 788.39
172 6930.0 925.43
198 4020.0 739.26
148 8721.0 244.86
175 9353.0 502.39
173 1849.0 507.88
199 3724.0 170.32
149 1375.0 413.05
174 4652.0 752.07
200 5025.0 914.8
150 147.0 667.82
177 2162.0 126.64
201 5328.0 982.64
151 6941.0 870.17
178 9692.0 752.32
176 9891.0 724.84
202 2461.0 973.82
152 2992.0 696.36
179 8336.0 984.67
177 6921.0 403.53
203 657.0 785.11
153 4780.0 461.8
180 1286.0 908.51
178 7078.0 550.15
204 4779.0 935.75
154 5758.0 820.84
181 3254.0 734.4
179 8296.0 932.75
205 5756.0 683.93
155 5082.0 105.99
182 9612.0 260.61
180 8614.0 16.94
206 9720.0 977.72
156 9354.0 857.7
183 4369.0 443.6
181 6038.0 405.42
207 765.0 758.24
157 1855.0 356.43
184 8102.0 830.22
182 1347.0 489.76
208 9904.0 770.25
158 2004.0 281.29
185 4195.0 187.74
183 7265.0 710.48
209 2001.0 64.5
159 8025.0 797.77
186 6566.0 750.2
184 3687.0 429.51
210 34.0 587.24
160 7353.0 463.08
187 9160.0 394.35
185 6151.0 30.04
211 929.0 61.02
161 2975.0 597.22
188 2246.0 798.05
186 430.0 857.55
212 122.0 529.38
162 4321.0 554.03
189 6718.0 418.11
187 2848.0 820.43
213 5770.0 979.37
163 425.0 646.19
190 7685.0 291.4
188 5975.0 323.55
214 5374.0 976.53
164 6591.0 319.49
191 533.0 558.25
189 7560.0 737.52
215 8898.0 807.39
165 9478.0 799.56
192 248.0 73.69
190 1613.0 583.6
216 9680.0 161.59
166 7925.0 661.04
193 8601.0 619.71
191 2085.0 259.89
217 757.0 923.09
167 897.0 576.15
194 8132.0 482.54
192 5495.0 193.27
218 8526.0 54.68
168 5770.0 112.19
195 9836.0 943.89
193 3936.0 649.3
219 9790.0 107.56
169 2404.0 396.89
196 4461.0 349.46
194 7939.0 635.54
220 2628.0 529.92
170 9003.0 726.42
197 7147.0 6.59
195 7423.0 452.88
221 5267.0 951.57
171 735.0 477.34
198 9189.0 69.11
196 853.0 587.67
222 4977.0 154.55
172 9084.0 492.08
199 732.0 500.43
197 9690.0 607.48
223 5643.0 490.47
173 6000.0 143.09
200 5873.0 57.59
198 5734.0 793.85
224 8231.0 519.38
174 6792.0 806.83
199 1424.0 2.35
225 1033.0 488.28
175 7698.0 621.15
202 7156.0 993.66
226 812.0 816.74
176 9685.0 932.54
203 5916.0 226.45
201 3706.0 242.43
227 17.0 336.94
177 2706.0 266.02
204 1660.0 291.02
202 1458.0 782.15
228 2623.0 42.42
178 4048.0 118.52
205 3141.0 568.14
203 4095.0 8.1
229 3499.0 754.06
179 7045.0 221.46
206 5032.0 779.76
204 1074.0 840.16
230 1687.0 920.35
180 9806.0 531.55
207 9999.0 780.07
205 805.0 215.18
231 5730.0 69.59
181 8858.0 999.76
208 5268.0 164.25
206 9151.0 53.07
232 7335.0 923.91
182 3517.0 353.5
209 7535.0 949.01
207 310.0 127.87
233 4541.0 438.31
183 2729.0 418.54
210 6151.0 860.85
208 2338.0 423.06
234 8461.0 665.92
184 3648.0 981.05
211 2867.0 384.65
209 2897.0 290.58
235 4785.0 358.31
185 4279.0 774.16
212 1708.0 522.15
210 2330.0 103.41
236 5798.0 431.5
186 4224.0 451.43
213 5727.0 221.97
211 827.0 68.28
237 9224.0 371.48
187 3093.0 928.45
214 8297.0 621.23
212 9075.0 643.11
238 5075.0 972.93
188 1231.0 469.04
215 2548.0 154.79
213 2982.0 320.12
239 146.0 378.11
189 8507.0 483.76
216 1349.0 623.02
214 2336.0 718.96
240 2807.0 735.87
190 893.0 94.78
217 4369.0 600.04
215 4250.0 66.2
241 3065.0 752.73
191 8482.0 188.69
218 1961.0 441.22
216 8705.0 51.23
242 5541.0 93.21
192 1839.0 503.55
219 6818.0 667.86
217 1244.0 322.63
243 5327.0 280.03
193 3966.0 870.47
220 4731.0 558.77
218 9795.0 885.98
244 9960.0 396.14
194 835.0 863.18
221 7369.0 787.75
219 1806.0 395.99
245 1817.0 236.74
195 8664.0 882.85
222 8126.0 342.41
220 710.0 868.25
246 5689.0 429.92
196 7268.0 178.02
223 2675.0 258.04
221 5251.0 171.41
247 7274.0 590.84
197 5527.0 394.42
224 664.0 94.75
222 5961.0 169.99
248 6311.0 460.97
198 9177.0 405.16
225 659.0 505.89
223 4426.0 728.31
249 2782.0 153.27
199 7407.0 528.06
224 5445.0 539.71
250 7374.0 180.21
200 2321.0 590.9
227 5972.0 348.9
251 5062.0 1.65
201 1229.0 586.57
228 8191.0 200.61
226 5768.0 939.07
252 8790.0 377.35
202 6985.0 678.27
229 9074.0 244.06
227 921.0 477.92
253 5410.0 606.73
203 6981.0 739.35
230 5420.0 252.28
228 682.0 451.38
254 7975.0 635.98
204 4104.0 751.74
231 3665.0 78.63
229 3363.0 264.97
255 8586.0 57.62
205 3336.0 327.7
232 1829.0 683.45
230 7591.0 87.3
256 9634.0 482.71
206 8574.0 200.78
233 6450.0 500.76
231 1208.0 680.61
257 8514.0 883.86
207 2102.0 897.39
234 7030.0 972.13
232 9318.0 183.0
258 2500.0 385.79
208 2126.0 610.13
235 5830.0 4.38
233 215.0 212.87
259 1101.0 76.21
209 5070.0 974.84
236 1275.0 230.73
234 4580.0 724.27
260 297.0 514.17
210 6356.0 249.51
237 1225.0 360.41
235 83.0 146.31
261 576.0 38.48
211 8174.0 27.63
238 4418.0 432.79
236 5529.0 629.78
262 3702.0 154.54
212 896.0 525.8
239 6175.0 494.42
237 9431.0 748.6
263 9602.0 846.0
213 925.0 320.43
240 7395.0 765.64
238 3712.0 41.21
264 4085.0 972.24
214 9311.0 993.54
241 1826.0 305.55
239 5439.0 76.35
265 484.0 786.9
215 4282.0 565.91
242 1672.0 783.73
240 7461.0 380.09
266 5512.0 8.96
216 4185.0 826.64
243 3737.0 826.39
241 9410.0 212.06
267 4878.0 186.89
217 6177.0 92.35
244 7310.0 849.92
242 4605.0 197.7
268 5348.0 811.02
218 6515.0 725.02
245 5175.0 902.04
243 3410.0 248.04
269 2432.0 477.81
219 6323.0 313.59
246 9285.0 870.45
244 8018.0 335.66
270 1327.0 477.97
220 5748.0 374.12
247 9878.0 408.1
245 2453.0 167.4
271 5291.0 49.14
221 891.0 153.38
248 2160.0 34.57
246 3637.0 701.71
272 4922.0 315.9
222 9729.0 584.86
249 1672.0 376.52
247 4070.0 340.21
273 8127.0 401.86
223 1983.0 949.58
250 390.0 485.0
248 6099.0 216.4
274 877.0 553.28
224 7828.0 495.33
249 9945.0 494.77
275 1733.0 449.02
225 3948.0 674.89
252 2659.0 457.95
276 9194.0 509.33
226 690.0 642.87
253 3048.0 648.81
251 6120.0 689.73
277 6347.0 272.95
227 6289.0 79.59
254 1213.0 468.72
252 8918.0 984.18
278 7453.0 482.58
228 2560.0 785.31
255 4963.0 746.54
253 7429.0 20.78
279 6910.0 722.99
229 6189.0 445.46
256 1966.0 319.87
254 9365.0 774.98
280 1609.0 75.12
230 8966.0 341.25
257 1395.0 366.73
255 2273.0 840.25
281 4682.0 72.6
231 5660.0 902.17
258 7064.0 453.82
256 1207.0 622.84
282 1232.0 558.91
232 3781.0 152.15
259 1578.0 447.36
257 5165.0 599.8
283 9247.0 56.25
233 5502.0 157.07
260 9556.0 213.05
258 7203.0 773.87
284 4813.0 377.14
234 9482.0 228.84
261 2812.0 789.74
259 3376.0 889.23
285 1071.0 102.91
235 2494.0 829.23
262 4570.0 459.78
260 9630.0 632.77
286 4948.0 906.23
236 8654.0 736.89
263 6807.0 864.5
261 1158.0 657.21
287 299.0 239.26
237 5054.0 938.21
264 8503.0 919.62
262 3042.0 854.68
288 1567.0 771.45
238 452.0 573.71
265 5925.0 704.51
263 7163.0 510.8
289 3506.0 749.24
239 5182.0 783.14
266 5852.0 73.54
264 1619.0 640.4
290 8660.0 855.54
240 770.0 285.56
267 8850.0 972.45
265 4232.0 400.94
291 1394.0 75.12
241 730.0 648.56
268 5430.0 373.46
266 291.0 263.96
292 1259.0 419.5
242 9507.0 359.45
269 2481.0 108.19
267 6582.0 476.95
293 9455.0 219.15
243 7914.0 360.26
270 7808.0 633.34
268 8892.0 440.89
294 648.0 813.62
244 837.0 874.21
271 7192.0 391.78
269 6848.0 643.79
295 5933.0 657.68
245 2718.0 162.42
272 2988.0 398.72
270 2927.0 267.13
296 3280.0 442.28
246 1396.0 183.13
273 3370.0 805.24
271 2461.0 628.09
297 4731.0 958.46
247 7047.0 385.53
274 9943.0 548.76
272 9577.0 673.76
298 5684.0 478.78
248 7968.0 916.45
275 6781.0 570.07
273 5184.0 624.57
299 472.0 517.32
249 1433.0 646.05
274 3503.0 137.34
300 9833.0 962.06
250 8062.0 725.26
277 5293.0 426.76
301 4512.0 728.62
251 8197.0 969.57
278 4064.0 890.24
276 8163.0 722.21
302 2478.0 814.98
252 2099.0 615.69
279 3660.0 6.81
277 828.0 384.89
303 7602.0 979.82
253 1141.0 837.61
280 8234.0 434.12
278 8177.0 868.38
304 9126.0 912.54
254 5144.0 830.51
281 9104.0 620.67
279 9774.0 434.03
305 9018.0 508.39
255 3783.0 856.19
282 1973.0 174.19
280 5620.0 906.59
306 8113.0 493.84
256 6880.0 900.44
283 9702.0 117.08
281 5337.0 925.01
307 1366.0 29.6
257 8620.0 311.17
284 74.0 399.35
282 6636.0 407.12
308 2529.0 354.43
258 3350.0 976.86
285 7416.0 885.1
283 468.0 412.08
309 2366.0 921.95
259 8529.0 730.17
286 3950.0 265.31
284 4653.0 275.87
310 5672.0 544.27
260 5247.0 782.36
287 4787.0 804.71
285 8587.0 203.24
311 1501.0 98.96
261 4680.0 975.38
288 176.0 731.45
286 2625.0 212.84
312 2012.0 380.99
262 9052.0 22.1
289 9092.0 668.01
287 3764.0 473.72
313 7698.0 613.07
263 7353.0 528.89
290 6356.0 127.34
288 8047.0 839.91
314 1794.0 212.08
264 2147.0 34.97
291 2461.0 855.63
289 4937.0 704.9
315 1531.0 478.75
265 2176.0 42.79
292 1455.0 786.64
290 1455.0 687.75
316 6075.0 609.69
266 6254.0 357.25
293 2296.0 833.11
291 536.0 274.55
317 6398.0 948.01
267 7057.0 149.73
294 5142.0 762.2
292 5041.0 176.96
318 9744.0 379.77
268 2227.0 354.87
295 4328.0 804.45
293 9841.0 5.78
319 7137.0 704.98
269 3326.0 583.19
296 9055.0 761.72
294 4595.0 455.71
320 519.0 900.96
270 4373.0 304.0
297 5461.0 532.9
295 9091.0 559.45
321 188.0 626.59
271 7781.0 739.22
298 1245.0 464.02
296 1386.0 149.37
322 1393.0 203.4
272 1104.0 279.72
299 3381.0 713.96
297 9048.0 159.96
323 2669.0 84.5
273 417.0 8.49
300 7287.0 3.73
298 4680.0 939.87
324 7559.0 571.71
274 3489.0 905.9
299 5821.0 741.25
325 6073.0 600.99
275 988.0 913.14
302 2277.0 75.48
326 2094.0 714.91
276 3245.0 172.67
303 7946.0 731.15
301 8253.0 273.17
327 8554.0 902.97
277 6836.0 223.4
304 5675.0 579.26
302 8517.0 714.63
328 910.0 492.86
278 9292.0 7.24
305 6350.0 221.56
303 8182.0 966.67
329 1725.0 437.17
279 2900.0 74.47
306 9258.0 499.98
304 3022.0 747.88
330 9175.0 206.24
280 51.0 633.01
307 6936.0 475.29
305 8558.0 661.42
331 8640.0 142.54
281 6735.0 458.05
308 8223.0 829.23
306 2862.0 479.35
332 4193.0 891.5
282 3387.0 412.09
309 8893.0 68.36
307 8631.0 711.29
333 427.0 946.6
283 5518.0 118.22
310 3367.0 498.9
308 3758.0 7.18
334 6121.0 442.48
284 6024.0 829.19
311 3557.0 435.08
309 4302.0 483.69
335 7701.0 744.89
285 6849.0 735.58
312 267.0 364.51
310 2338.0 68.06
336 6131.0 950.09
286 9365.0 174.75
313 8526.0 488.91
311 5439.0 257.5
337 1351.0 566.84
287 2092.0 385.86
314 4961.0 140.31
312 2964.0 494.68
338 9483.0 75.24
288 3915.0 153.32
315 3928.0 967.09
313 3678.0 905.16
339 6954.0 992.24
289 3415.0 914.02
316 166.0 331.43
314 9968.0 161.87
340 4760.0 216.49
290 5376.0 160.26
317 6051.0 968.28
315 7706.0 541.93
341 2226.0 234.59
291 8897.0 177.78
318 2569.0 809.55
316 796.0 27.68
342 7898.0 992.89
292 5825.0 203.33
319 9042.0 121.02
317 8294.0 445.34
343 8274.0 853.03
293 8253.0 67.18
320 7271.0 254.68
318 5162.0 332.57
344 6850.0 550.81
294 6588.0 754.71
321 9704.0 557.75
319 7502.0 937.87
345 4797.0 750.81
295 8678.0 514.29
322 1459.0 673.23
320 8040.0 776.48
346 5598.0 499.75
296 290.0 569.74
323 7336.0 858.46
321 2990.0 730.12
347 3505.0 123.81
297 104.0 331.02
324 3834.0 972.8
322 4849.0 175.22
348 8729.0 503.82
298 6082.0 112.27
325 9892.0 187.75
323 7603.0 674.11
349 3842.0 402.53
299 1482.0 344.2
324 6750.0 792.95
350 1353.0 578.18
300 8481.0 879.23
327 3362.0 765.59
351 5506.0 497.34
301 6861.0 402.07
328 3766.0 421.01
326 4799.0 439.0
352 6406.0 177.75
302 6466.0 832.78
329 1725.0 664.68
327 8183.0 518.11
353 4017.0 971.03
303 8558.0 149.94
330 7678.0 976.23
328 9124.0 190.02
354 6736.0 686.7
304 2449.0 690.23
331 6468.0 223.13
329 2875.0 919.39
355 2559.0 380.5
305 9245.0 651.19
332 6365.0 772.82
330 2485.0 239.81
356 4337.0 256.82
306 6857.0 419.04
333 6341.0 902.38
331 178.0 705.97
357 8775.0 306.51
307 2647.0 484.38
334 5335.0 880.73
332 3846.0 545.8
358 2297.0 463.89
308 5079.0 970.91
335 5177.0 399.41
333 3092.0 812.9
359 7163.0 740.51
309 4433.0 125.55
336 8463.0 803.27
334 2415.0 783.46
360 7899.0 315.51
310 5595.0 392.64
337 864.0 930.75
335 2226.0 330.68
361 9334.0 422.75
311 7639.0 80.6
338 3797.0 194.11
336 8921.0 97.97
362 5548.0 398.52
312 5723.0 134.68
339 5265.0 574.64
337 6080.0 798.35
363 165.0 956.84
313 523.0 22.92
340 9917.0 750.12
338 1061.0 240.47
364 7692.0 859.66
314 211.0 685.43
341 2800.0 610.69
339 3256.0 511.98
365 5660.0 27.12
315 1325.0 165.33
342 7969.0 475.95
340 8069.0 67.27
366 2707.0 231.04
316 6724.0 843.99
343 1446.0 14.72
341 9078.0 607.33
367 63.0 101.7
317 7536.0 218.73
344 168.0 477.76
342 3564.0 761.28
368 5486.0 27.18
318 4375.0 652.55
345 9918.0 844.59
343 4980.0 98.96
369 6856.0 970.39
319 7168.0 776.27
346 4165.0 676.75
344 7081.0 17.81
370 9899.0 178.58
320 3468.0 107.8
347 6389.0 831.55
345 4277.0 248.11
371 9450.0 756.53
321 2014.0 614.0
348 9822.0 401.14
346 9114.0 839.26
372 8981.0 470.74
322 2797.0 2.54
349 9040.0 299.79
347 9724.0 492.88
373 7249.0 151.19
323 5949.0 957.46
350 3517.0 120.12
348 3010.0 576.65
374 200.0 53.76
324 3357.0 909.43
349 602.0 295.05
375 4128.0 468.88
325 9615.0 268.13
352 9463.0 390.99
376 7038.0 746.22
326 8253.0 867.81
353 6006.0 241.92
351 1334.0 398.84
377 2390.0 254.27
327 135.0 260.48
354 7941.0 125.49
352 5954.0 340.92
378 6588.0 478.14
328 1702.0 954.82
355 6247.0 496.76
353 5312.0 95.39
379 3917.0 509.77
329 8960.0 257.94
356 4662.0 814.23
354 5465.0 875.12
380 6689.0 388.61
330 5519.0 133.99
357 6546.0 123.69
355 6024.0 832.8
381 596.0 687.57
331 2019.0 965.19
358 4240.0 801.14
356 5951.0 337.14
382 1776.0 886.24
332 8609.0 317.51
359 9000.0 705.3
357 3869.0 801.12
383 1300.0 434.78
333 6924.0 645.65
360 789.0 569.17
358 5565.0 938.7
384 1813.0 754.52
334 7811.0 136.96
361 3947.0 801.82
359 6863.0 762.99
385 9107.0 831.3
335 7580.0 421.06
362 8659.0 709.35
360 2661.0 358.02
386 5401.0 641.62
336 7081.0 653.2
363 2133.0 826.55
361 8568.0 555.65
387 5476.0 110.78
337 7987.0 930.91
364 7288.0 997.16
362 6691.0 303.28
388 711.0 11.37
338 5640.0 346.33
365 8659.0 532.87
363 1987.0 757.39
389 4514.0 22.13
339 8827.0 456.23
366 5043.0 774.54
364 8680.0 991.02
390 5052.0 850.37
340 5881.0 120.04
367 5696.0 604.61
365 9494.0 217.18
391 1419.0 390.79
341 2881.0 984.26
368 15.0 443.76
366 1983.0 247.12
392 295.0 346.72
342 3177.0 77.44
369 497.0 702.7
367 3575.0 825.01
393 8134.0 40.17
343 137.0 522.58
370 4238.0 404.9
368 1608.0 573.56
394 2915.0 22.86
344 1559.0 691.87
371 8837.0 127.41
369 5988.0 366.34
395 3357.0 15.13
345 7621.0 361.08
372 3793.0 841.41
370 4249.0 172.5
396 9834.0 224.28
346 9334.0 46.61
373 1800.0 951.61
371 7970.0 508.59
397 1155.0 8.99
347 9371.0 698.76
374 9458.0 456.9
372 1780.0 828.42
398 4528.0 479.77
348 7859.0 551.4
375 7699.0 18.83
373 3315.0 249.63
399 6930.0 910.51
349 4242.0 160.4
374 3079.0 279.75
400 989.0 2.31
350 2926.0 482.83
377 8985.0 911.61
401 7626.0 52.26
351 249.0 693.62
378 7994.0 648.64
376 5371.0 609.1
402 8093.0 754.04
352 2952.0 110.95
379 3172.0 767.41
377 799.0 137.88
403 1394.0 187.94
353 237.0 888.59
380 1181.0 630.2
378 2268.0 51.12
404 5473.0 421.83
354 5827.0 339.24
381 2431.0 811.93
379 3713.0 126.64
405 4556.0 651.69
355 5826.0 12.35
382 850.0 548.57
380 5932.0 948.06
406 7804.0 940.73
356 6639.0 410.38
383 9841.0 730.59
381 9834.0 928.87
407 5415.0 221.38
357 3729.0 281.12
384 8156.0 954.09
382 5409.0 900.13
408 3556.0 322.24
358 8129.0 696.54
385 425.0 597.39
383 8711.0 592.94
409 5840.0 915.68
359 5456.0 559.51
386 3969.0 976.69
384 7628.0 402.6
410 1868.0 510.62
360 8329.0 854.11
387 5798.0 432.59
385 3178.0 438.3
411 7239.0 735.65
361 2144.0 928.61
388 4188.0 64.78
386 1397.0 603.53
412 5871.0 973.89
362 1716.0 660.06
389 5780.0 47.5
387 2663.0 927.01
413 5035.0 694.94
363 9654.0 729.44
390 1461.0 959.04
388 8946.0 24.08
414 7309.0 730.91
364 8187.0 185.5
391 9845.0 523.93
389 787.0 970.67
415 9379.0 739.62
365 2903.0 979.61
392 3936.0 38.17
390 1303.0 30.93
416 1558.0 179.05
366 4741.0 231.38
393 5386.0 243.52
391 7274.0 178.18
417 5349.0 834.8
367 4755.0 583.64
394 3721.0 774.65
392 4954.0 713.18
418 5361.0 694.67
368 286.0 292.72
395 6513.0 349.49
393 2553.0 650.12
419 7379.0 818.5
369 7916.0 256.58
396 1877.0 671.05
394 1570.0 41.38
420 3059.0 656.48
370 275.0 800.67
397 7649.0 9.85
395 3997.0 950.95
421 678.0 488.7
371 4041.0 115.46
398 3450.0 608.77
396 1756.0 208.55
422 3989.0 999.05
372 5669.0 927.37
399 7211.0 794.22
397 4512.0 696.57
423 2694.0 21.52
373 6691.0 256.63
400 6501.0 90.66
398 9704.0 202.74
424 178.0 80.96
374 1560.0 159.09
399 9053.0 998.98
425 9933.0 902.83
375 9908.0 674.42
402 2190.0 190.32
426 9516.0 725.81
376 5533.0 864.15
403 313.0 712.35
401 7996.0 834.53
427 5553.0 968.08
377 3843.0 523.92
404 1537.0 91.02
402 8608.0 256.24
428 7734.0 317.89
378 4652.0 143.07
405 743.0 919.4
403 1132.0 196.27
429 6962.0 536.05
379 8422.0 458.63
406 4064.0 162.02
404 3757.0 720.64
430 6925.0 93.8
380 6714.0 288.94
407 2603.0 40.15
405 191.0 235.43
431 2859.0 647.07
381 4705.0 734.7
408 1585.0 149.2
406 6904.0 130.55
432 1872.0 778.56
382 1365.0 918.78
409 3806.0 262.96
407 6933.0 263.35
433 1098.0 937.81
383 5348.0 1.26
410 6936.0 388.35
408 815.0 291.42
434 7831.0 161.98
384 2189.0 388.57
411 1191.0 623.64
409 6379.0 599.23
435 8230.0 828.68
385 1645.0 755.17
412 7704.0 153.9
410 1856.0 439.62
436 8919.0 12.04
386 817.0 100.77
413 9165.0 915.87
411 7971.0 202.63
437 9803.0 564.94
387 3667.0 796.53
414 3152.0 850.11
412 9554.0 754.9
438 6318.0 205.26
388 7239.0 13.47
415 4200.0 372.35
413 1796.0 573.88
439 4027.0 764.63
389 2434.0 548.85
416 325.0 829.2
414 738.0 123.76
440 2224.0 215.8
390 6373.0 895.54
417 4406.0 86.49
415 3978.0 293.57
441 2613.0 825.01
391 8378.0 538.42
418 9403.0 107.78
416 2630.0 790.23
442 6227.0 797.45
392 2215.0 694.92
419 7269.0 922.53
417 6403.0 331.38
443 2263.0 323.15
393 2351.0 854.43
420 6656.0 569.04
418 4313.0 103.37
444 3218.0 586.8
394 9625.0 68.39
421 9720.0 444.93
419 8449.0 920.4
445 5970.0 808.04
395 2951.0 384.35
422 1637.0 672.37
420 3307.0 249.73
446 2042.0 956.91
396 2048.0 141.35
423 9566.0 958.76
421 1754.0 182.89
447 5002.0 653.23
397 6755.0 391.88
424 7079.0 524.09
422 1813.0 516.91
448 9338.0 37.66
398 2453.0 202.56
425 6097.0 637.51
423 9061.0 979.01
449 9096.0 216.2
399 5633.0 547.74
424 2630.0 839.09
450 3247.0 325.46
400 7585.0 216.35
427 2950.0 298.96
451 3054.0 636.27
401 506.0 599.89
428 3213.0 254.91
426 9866.0 174.32
452 9659.0 687.44
402 2579.0 650.32
429 6029.0 19.23
427 4680.0 364.52
453 37.0 26.42
403 1776.0 797.76
430 2686.0 601.98
428 1773.0 101.05
454 8456.0 667.71
404 3808.0 70.75
431 4067.0 504.63
429 7870.0 56.43
455 9223.0 667.26
405 5289.0 775.75
432 6137.0 222.61
430 8088.0 43.3
456 7755.0 303.13
406 2319.0 135.67
433 4190.0 797.89
431 5888.0 831.31
457 8687.0 990.16
407 5043.0 584.1
434 1950.0 687.7
432 1810.0 379.24
458 4444.0 112.25
408 924.0 638.23
435 9731.0 173.36
433 9722.0 952.64
459 1065.0 199.35
409 7863.0 268.03
436 128.0 7.21
434 4783.0 884.58
460 2820.0 870.5
410 4744.0 360.89
437 6252.0 912.64
435 7176.0 200.66
461 8388.0 746.82
411 3524.0 338.45
438 7147.0 864.65
436 8062.0 533.54
462 5105.0 937.12
412 5498.0 582.7
439 9005.0 85.38
437 3980.0 826.07
463 3716.0 734.7
413 595.0 550.77
440 5851.0 896.99
438 1639.0 348.98
464 8471.0 852.69
414 1055.0 349.07
441 102.0 178.79
439 3407.0 567.75
465 4867.0 304.63
415 1470.0 107.97
442 5272.0 445.92
440 8082.0 498.74
466 2458.0 462.13
416 4724.0 251.84
443 4812.0 362.8
441 1770.0 485.28
467 1006.0 212.3
417 6775.0 681.24
444 6779.0 909.67
442 5053.0 347.73
468 8101.0 224.76
418 6690.0 470.17
445 6981.0 311.53
443 5254.0 691.14
469 7611.0 884.25
419 6025.0 144.58
446 270.0 501.9
444 396.0 393.29
470 7342.0 568.86
420 6066.0 432.08
447 6729.0 365.91
445 6022.0 667.47
471 9285.0 363.69
421 7205.0 105.78
448 9811.0 859.57
446 8578.0 782.78
472 4476.0 221.05
422 9247.0 570.32
449 4190.0 105.41
447 4837.0 27.75
473 5271.0 291.4
423 1912.0 289.69
450 7717.0 158.8
448 9203.0 991.47
474 5088.0 375.3
424 9.0 964.12
449 7468.0 919.11
475 9457.0 2.12
425 5727.0 361.91
452 525.0 407.74
476 1344.0 247.53
426 6279.0 156.98
453 7710.0 598.54
451 1639.0 812.25
477 5734.0 361.91
427 1545.0 993.44
454 4060.0 235.52
452 7796.0 286.87
478 6224.0 362.72
428 4647.0 721.03
455 324.0 761.0
453 596.0 566.3
479 5558.0 180.76
429 2997.0 456.64
456 5565.0 815.96
454 4192.0 886.78
480 5299.0 217.44
430 7965.0 250.22
457 6503.0 50.8
455 348.0 815.08
481 1173.0 579.01
431 223.0 280.8
458 7534.0 872.45
456 1508.0 5.63
482 3722.0 357.49
432 6764.0 887.9
459 1146.0 351.08
457 8940.0 137.59
483 7908.0 479.6
433 9624.0 778.9
460 5549.0 897.17
458 124.0 763.96
484 5889.0 262.41
434 7017.0 161.5
461 2027.0 114.03
459 250.0 347.6
485 7731.0 571.55
435 3943.0 738.49
462 1375.0 631.81
460 9787.0 823.19
486 2230.0 975.32
436 3023.0 777.73
463 860.0 995.93
461 5223.0 153.46
487 4822.0 108.58
437 7547.0 359.06
464 188.0 618.31
462 6005.0 827.37
488 2389.0 682.57
438 9389.0 773.11
465 6780.0 391.15
463 259.0 204.55
489 8924.0 701.87
439 9602.0 377.33
466 4563.0 383.51
464 2736.0 792.62
490 6846.0 418.51
440 7599.0 319.64
467 6162.0 643.32
465 5004.0 860.41
491 4129.0 624.12
441 747.0 113.4
468 5216.0 16.99
466 3665.0 208.3
492 8402.0 64.77
442 6212.0 104.37
469 8426.0 234.26
467 4583.0 340.9
493 1052.0 49.49
443 6012.0 425.65
470 9968.0 158.23
468 5812.0 821.23
494 5370.0 977.26
444 6962.0 773.5
471 4870.0 771.52
469 1471.0 172.55
495 9201.0 705.11
445 5836.0 536.52
472 7002.0 420.03
470 2128.0 393.33
496 7897.0 523.5
446 5556.0 376.23
473 3049.0 317.8
471 8326.0 338.09
497 5090.0 587.73
447 3050.0 562.01
474 2165.0 364.48
472 6039.0 149.03
498 1301.0 46.03
448 4602.0 344.94
475 1768.0 869.55
473 9086.0 421.7
499 7798.0 179.82
449 5809.0 745.39
474 8009.0 658.49
500 8890.0 817.33
450 4787.0 283.73
477 8336.0 832.84
501 6238.0 952.36
451 7978.0 291.45
478 7131.0 159.55
476 57.0 946.54
502 1887.0 573.11
452 5036.0 283.52
479 5787.0 608.23
477 6658.0 217.57
503 5566.0 294.38
453 6792.0 371.05
480 615.0 720.3
478 2086.0 191.35
504 6523.0 819.82
454 2979.0 678.65
481 7946.0 651.89
479 8291.0 935.33
505 5419.0 452.09
455 4378.0 224.42
482 4509.0 814.81
480 4429.0 152.93
506 9951.0 248.57
456 6671.0 912.57
483 6241.0 114.35
481 8580.0 175.11
507 485.0 173.77
457 6940.0 73.79
484 9353.0 381.48
482 5542.0 555.76
508 2682.0 563.65
458 9269.0 218.39
485 6856.0 543.25
483 9219.0 426.93
509 9696.0 877.67
459 788.0 330.44
486 5407.0 216.92
484 9139.0 384.87
510 8075.0 121.4
460 908.0 439.69
487 5583.0 72.97
485 1259.0 808.89
511 8055.0 937.29
461 4328.0 240.97
488 6459.0 397.7
486 2337.0 870.92
512 7625.0 47.46
462 7742.0 782.45
489 9293.0 317.09
487 511.0 787.44
513 596.0 457.59
463 5579.0 447.23
490 4203.0 814.0
488 3032.0 165.71
514 8787.0 553.22
464 7787.0 590.02
491 2586.0 14.76
489 2113.0 967.34
515 2917.0 103.29
465 4894.0 792.88
492 5852.0 288.78
490 1485.0 40.05
516 8349.0 739.7
466 2399.0 234.65
493 9071.0 560.45
491 3888.0 227.28
517 3240.0 741.24
467 9877.0 135.58
494 180.0 937.59
492 9269.0 143.09
518 8592.0 183.42
468 577.0 495.17
495 701.0 24.42
493 4594.0 46.97
519 4515.0 560.61
469 6997.0 112.07
496 843.0 436.71
494 6921.0 460.45
520 5751.0 822.28
470 2948.0 148.62
497 5201.0 472.2
495 1416.0 506.54
521 292.0 474.24
471 5571.0 219.74
498 4277.0 774.83
496 5526.0 288.96
522 2390.0 509.97
472 1534.0 465.13
499 9005.0 661.77
497 2850.0 69.17
523 5713.0 28.11
473 8518.0 761.37
500 3012.0 392.47
498 4067.0 177.02
524 4196.0 361.24
474 6400.0 960.95
499 1671.0 268.14
525 2627.0 80.47
475 7171.0 288.15
502 2265.0 857.05
526 5965.0 347.44
476 1757.0 842.44
503 9208.0 815.58
501 3260.0 928.01
527 214.0 430.64
477 7664.0 181.65
504 9156.0 622.36
502 53.0 362.44
528 2755.0 764.51
478 7554.0 885.77
505 7519.0 590.44
503 794.0 514.83
529 4038.0 656.87
479 3370.0 403.57
506 3288.0 581.8
504 3536.0 213.94
530 4754.0 35.96
480 7608.0 779.76
507 4385.0 261.74
505 8428.0 372.27
531 2466.0 560.76
481 9936.0 884.65
508 3986.0 15.82
506 4899.0 519.7
532 2943.0 993.55
482 6590.0 200.66
509 6109.0 557.48
507 3718.0 435.35
533 8326.0 597.52
483 5011.0 123.57
510 5533.0 106.79
508 8070.0 738.17
534 535.0 918.04
484 376.0 553.7
511 7065.0 873.87
509 3007.0 569.56
535 9217.0 735.17
485 1958.0 472.52
512 4828.0 976.36
510 5683.0 110.89
536 2545.0 904.81
486 4517.0 211.95
513 2916.0 465.97
511 2998.0 48.06
537 7099.0 739.68
487 3839.0 653.11
514 5563.0 832.71
512 871.0 851.03
538 8918.0 380.5
488 5601.0 614.43
515 2082.0 321.81
513 2548.0 687.92
539 7630.0 131.74
489 2277.0 585.01
516 513.0 602.73
514 4941.0 340.42
540 747.0 997.39
490 2375.0 792.76
517 4924.0 688.5
515 3222.0 232.63
541 9522.0 989.19
491 1298.0 461.85
518 4881.0 191.98
516 92.0 265.34
542 3811.0 857.88
492 1030.0 741.3
519 7515.0 209.11
517 3436.0 879.99
543 7266.0 475.34
493 7972.0 821.11
520 9028.0 483.58
518 8351.0 748.97
544 2290.0 984.51
494 6084.0 327.96
521 7070.0 442.87
519 7343.0 968.74
545 6476.0 937.33
495 2241.0 544.47
522 4890.0 188.55
520 9450.0 981.09
546 168.0 607.4
496 5890.0 669.34
523 8738.0 55.73
521 689.0 535.69
547 9704.0 11.57
497 722.0 873.22
524 806.0 352.79
522 8511.0 115.79
548 6944.0 167.86
498 6576.0 413.63
525 5474.0 211.67
523 8176.0 236.58
549 3054.0 687.69
499 7826.0 531.58
524 459.0 17.76
550 1277.0 263.45
500 2892.0 915.26
527 7008.0 205.46
551 679.0 419.27
501 2249.0 951.46
528 8221.0 751.59
526 2202.0 898.97
552 6001.0 804.48
502 6681.0 736.54
529 2621.0 245.57
527 989.0 801.22
553 726.0 466.76
503 9022.0 521.03
530 3442.0 732.88
528 4278.0 775.01
554 1202.0 759.81
504 2580.0 941.02
531 8994.0 807.6
529 5220.0 170.44
555 5626.0 810.71
505 964.0 218.98
532 8884.0 637.56
530 9040.0 953.22
556 4767.0 98.38
506 4067.0 359.11
533 1062.0 282.61
531 2664.0 628.09
557 6215.0 235.94
507 5109.0 31.55
534 5920.0 632.4
532 5453.0 362.94
558 3973.0 527.1
508 8675.0 986.72
535 4808.0 164.61
533 5215.0 114.05
559 2071.0 922.69
509 4900.0 92.86
536 269.0 393.41
534 7053.0 741.87
560 9835.0 441.07
510 5860.0 649.4
537 6470.0 847.86
535 3720.0 664.85
561 82.0 973.08
511 8048.0 738.76
538 6160.0 905.67
536 7427.0 445.93
562 955.0 747.91
512 5806.0 353.94
539 443.0 657.22
537 5621.0 596.82
563 4988.0 938.92
513 4190.0 561.35
540 2782.0 274.31
538 6300.0 784.64
564 5478.0 701.91
514 4333.0 141.49
541 2500.0 941.86
539 64.0 41.68
565 6716.0 82.0
515 5356.0 641.18
542 2411.0 38.06
540 8912.0 27.14
566 8439.0 383.29
516 9111.0 596.5
543 2047.0 210.64
541 5943.0 370.28
567 4148.0 274.19
517 3229.0 791.81
544 3437.0 192.36
542 6467.0 497.18
568 8835.0 647.11
518 8457.0 955.2
545 6825.0 472.16
543 7447.0 225.15
569 3983.0 803.53
519 4921.0 83.07
546 3674.0 372.87
544 1900.0 764.92
570 9751.0 376.8
520 7382.0 833.24
547 9995.0 92.22
545 5619.0 95.36
571 4069.0 371.96
521 9910.0 312.64
548 1252.0 198.5
546 7469.0 458.04
572 7220.0 546.16
522 1261.0 635.45
549 7251.0 193.82
547 4510.0 233.96
573 4146.0 776.5
523 3101.0 215.42
550 3159.0 790.21
548 3518.0 148.86
574 9081.0 212.21
524 4363.0 68.86
549 6441.0 716.27
575 3234.0 907.9
525 6977.0 332.37
552 4494.0 331.12
576 6053.0 194.46
526 2523.0 362.87
553 216.0 978.44
551 7214.0 414.02
577 6684.0 922.01
527 9104.0 670.79
554 5783.0 65.91
552 2116.0 274.18
578 9956.0 507.12
528 1233.0 138.98
555 3674.0 943.73
553 4550.0 793.36
579 3185.0 830.13
529 5120.0 661.14
556 585.0 271.32
554 9294.0 989.48
580 4891.0 271.33
530 7335.0 226.82
557 7690.0 509.21
555 61.0 528.07
581 6847.0 338.03
531 9724.0 432.53
558 859.0 617.59
556 6137.0 591.17
582 8879.0 939.76
532 3072.0 784.5
559 8456.0 282.12
557 7853.0 626.67
583 5379.0 889.7
533 3566.0 12.34
560 6549.0 242.53
558 7285.0 654.52
584 747.0 951.14
534 8426.0 605.48
561 4633.0 667.08
559 786.0 561.21
585 7223.0 712.07
535 2848.0 706.78
562 7488.0 512.68
560 9846.0 620.09
586 871.0 606.76
536 337.0 391.74
563 9724.0 276.43
561 7318.0 256.23
587 3260.0 847.36
537 2433.0 450.45
564 165.0 377.96
562 1234.0 652.65
588 919.0 83.71
538 4912.0 50.66
565 3952.0 44.64
563 4821.0 773.03
589 9915.0 407.4
539 3966.0 858.77
566 2999.0 809.7
564 7852.0 288.88
590 9390.0 109.25
540 2388.0 790.05
567 5325.0 821.19
565 1759.0 441.95
591 9901.0 856.91
541 2326.0 394.86
568 6246.0 557.07
566 4478.0 936.65
592 9009.0 531.55
542 38.0 764.12
569 3425.0 730.33
567 3752.0 506.93
593 5146.0 416.23
543 2280.0 949.7
570 1882.0 681.8
568 2199.0 440.36
594 8759.0 457.57
544 5654.0 264.18
571 2663.0 892.7
569 7889.0 961.19
595 472.0 117.37
545 3203.0 281.91
572 1789.0 872.29
570 7497.0 269.46
596 8651.0 322.01
546 628.0 52.0
573 6084.0 271.38
571 3726.0 209.67
597 5985.0 600.2
547 6098.0 175.43
574 2694.0 297.65
572 2139.0 494.78
598 9432.0 429.79
548 6121.0 311.26
575 9842.0 244.66
573 8212.0 945.86
599 9026.0 42.46
549 3927.0 238.69
574 3329.0 349.0
600 6074.0 218.96
550 4465.0 529.13
577 650.0 950.85
601 4496.0 112.23
551 6496.0 768.9
578 8433.0 809.38
576 4210.0 167.17
602 3465.0 683.57
552 2003.0 903.07
579 5826.0 298.98
577 9613.0 818.89
603 4277.0 833.36
553 9719.0 15.11
580 4505.0 785.58
578 7945.0 291.63
604 6472.0 440.83
554 2837.0 107.97
581 9892.0 697.51
579 6117.0 404.06
605 3279.0 956.17
555 4063.0 615.41
582 5537.0 623.58
580 6209.0 327.77
606 6664.0 583.96
556 9436.0 302.15
583 8122.0 474.06
581 9077.0 634.63
607 1392.0 824.12
557 6029.0 946.7
584 7924.0 989.2
582 7188.0 71.45
608 9957.0 166.14
558 4820.0 321.65
585 2482.0 284.39
583 8281.0 918.27
609 1920.0 203.1
559 6338.0 110.09
586 9058.0 388.65
584 2042.0 164.81
610 1561.0 907.87
560 3447.0 647.83
587 9986.0 51.33
585 6512.0 227.7
611 29.0 923.64
561 3733.0 938.1
588 463.0 997.67
586 9278.0 720.76
612 5494.0 769.63
562 5383.0 855.42
589 3047.0 640.53
587 4262.0 171.89
613 8182.0 975.31
563 8441.0 993.45
590 2053.0 78.2
588 1966.0 83.14
614 3632.0 852.66
564 3380.0 13.46
591 9876.0 292.08
589 8273.0 430.13
615 6316.0 487.94
565 6851.0 417.69
592 3444.0 811.38
590 531.0 575.49
616 22.0 857.82
566 7105.0 61.57
593 1444.0 742.12
591 6995.0 676.21
617 853.0 917.44
567 7271.0 906.33
594 1717.0 33.22
592 1508.0 896.31
618 4425.0 683.49
568 1710.0 778.89
595 28.0 133.77
593 3863.0 775.09
619 8379.0 744.76
569 5818.0 902.24
596 780.0 743.56
594 9937.0 312.34
620 2896.0 657.99
570 5979.0 327.8
597 6074.0 395.9
595 348.0 194.78
621 5687.0 49.28
571 5387.0 272.39
598 3764.0 611.35
596 3631.0 161.47
622 7165.0 37.35
572 8270.0 106.75
599 7574.0 819.79
597 2661.0 271.75
623 9057.0 962.24
573 3374.0 837.86
600 8943.0 392.68
598 1189.0 833.02
624 2278.0 156.2
574 5425.0 190.99
599 767.0 663.82
625 3384.0 124.31
575 9128.0 719.8
602 8283.0 574.43
626 5345.0 158.83
576 63.0 431.84
603 6310.0 761.31
601 4029.0 68.23
627 7130.0 32.35
577 2284.0 282.28
604 6448.0 862.48
602 3167.0 656.35
628 1996.0 188.21
578 4204.0 490.68
605 8439.0 750.43
603 4902.0 697.64
629 2910.0 768.45
579 5653.0 189.0
606 5621.0 843.93
604 1725.0 958.89
630 4770.0 209.39
580 3367.0 655.24
607 474.0 359.59
605 9489.0 726.93
631 8058.0 115.84
581 9129.0 232.99
608 4574.0 687.95
606 1252.0 944.56
632 2541.0 896.58
582 6560.0 797.01
609 9033.0 223.51
607 677.0 712.6
633 5653.0 513.18
583 3356.0 999.39
610 8635.0 744.72
608 5258.0 792.81
634 3779.0 276.06
584 3618.0 785.18
611 9269.0 102.07
609 4758.0 742.5
635 6046.0 61.14
585 6573.0 991.36
612 9168.0 171.72
610 8544.0 277.53
636 3044.0 725.95
586 2591.0 1.42
613 6545.0 672.24
611 5459.0 97.68
637 4011.0 850.51
587 8138.0 333.5
614 7634.0 798.38
612 4792.0 77.64
638 1480.0 712.84
588 1354.0 788.16
615 3338.0 567.09
613 3875.0 286.71
639 6165.0 283.23
589 3855.0 130.2
616 1165.0 49.19
614 1164.0 965.0
640 8061.0 550.72
590 8811.0 134.24
617 1937.0 294.52
615 4473.0 427.0
641 892.0 833.74
591 1612.0 884.81
618 9985.0 960.12
616 1465.0 592.63
642 216.0 82.3
592 6716.0 349.15
619 1373.0 611.18
617 9676.0 203.45
643 5804.0 259.43
593 5522.0 983.78
620 588.0 385.59
618 1821.0 378.1
644 234.0 963.4
594 2007.0 712.79
621 1359.0 38.52
619 4753.0 266.31
645 3910.0 785.18
595 5902.0 172.43
622 7096.0 130.34
620 9621.0 613.44
646 5475.0 719.59
596 6585.0 451.44
623 9884.0 375.59
621 5297.0 845.56
647 3334.0 980.41
597 7052.0 127.22
624 7021.0 793.89
622 2685.0 667.67
648 6507.0 184.43
598 1894.0 906.06
625 963.0 555.04
623 4504.0 123.81
649 7340.0 519.81
599 2469.0 655.84
624 7588.0 33.57
650 1239.0 665.3
600 1207.0 582.54
627 5343.0 884.12
651 4527.0 347.38
601 3722.0 129.09
628 7839.0 319.33
626 7860.0 474.48
652 1332.0 620.52
602 3504.0 906.89
629 5205.0 501.97
627 9593.0 10.58
653 1702.0 689.66
603 7958.0 166.91
630 8378.0 464.9
628 2096.0 262.84
654 4260.0 619.15
604 9570.0 607.87
631 7033.0 618.48
629 9854.0 448.19
655 2743.0 647.17
605 6551.0 426.67
632 5390.0 2.84
630 8205.0 353.12
656 7363.0 516.13
606 5603.0 71.25
633 9245.0 443.1
631 8419.0 166.53
657 1947.0 643.61
607 7841.0 175.58
634 412.0 340.22
632 448.0 684.24
658 1637.0 820.36
608 4694.0 200.32
635 7114.0 569.32
633 3091.0 821.74
659 5302.0 552.33
609 4747.0 126.16
636 5518.0 399.41
634 5413.0 756.69
660 5850.0 795.75
610 7100.0 413.23
637 3654.0 620.85
635 8196.0 301.28
661 2650.0 529.0
611 7668.0 163.77
638 7003.0 723.32
636 1709.0 988.52
662 1989.0 49.76
612 4475.0 740.96
639 2089.0 88.85
637 3374.0 909.55
663 841.0 778.94
613 9894.0 679.93
640 3676.0 741.24
638 5977.0 899.29
664 9527.0 626.14
614 5660.0 265.21
641 4155.0 961.7
639 5457.0 930.89
665 7173.0 727.38
615 7661.0 111.51
642 8718.0 758.17
640 6139.0 260.45
666 8059.0 241.36
616 3601.0 887.69
643 7152.0 124.47
641 8384.0 824.41
667 8740.0 192.8
617 476.0 373.55
644 9895.0 685.27
642 9465.0 705.66
668 4035.0 116.36
618 9961.0 863.29
645 1229.0 811.28
643 7444.0 206.79
669 1010.0 861.49
619 6710.0 753.15
646 5522.0 216.36
644 9063.0 878.2
670 8782.0 252.44
620 8765.0 934.68
647 3653.0 231.68
645 923.0 623.44
671 9020.0 748.04
621 3382.0 123.89
648 7364.0 921.22
646 4500.0 176.62
672 6220.0 926.72
622 9950.0 503.34
649 5829.0 451.92
647 4312.0 67.53
673 3416.0 533.54
623 3284.0 463.66
650 3831.0 389.61
648 813.0 832.61
674 3694.0 128.06
624 7812.0 223.55
649 6373.0 282.94
675 8094.0 745.31
625 6121.0 569.13
652 1808.0 924.42
676 7874.0 98.56
626 1971.0 83.6
653 7667.0 738.59
651 3804.0 337.01
677 4243.0 738.17
627 1133.0 854.6
654 7889.0 347.38
652 167.0 663.49
678 2658.0 349.97
628 6485.0 517.48
655 1214.0 498.21
653 5340.0 821.4
679 5825.0 323.85
629 4320.0 222.64
656 9708.0 315.75
654 3579.0 232.31
680 3350.0 302.29
630 849.0 859.31
657 7378.0 972.1
655 600.0 999.62
681 6406.0 80.85
631 9045.0 753.01
658 3156.0 147.27
656 3478.0 4.91
682 8033.0 555.35
632 5278.0 35.46
659 7574.0 415.14
657 7382.0 169.52
683 4490.0 214.54
633 2509.0 578.13
660 7981.0 356.43
658 4335.0 711.8
684 8165.0 701.11
634 6971.0 939.0
661 3062.0 367.26
659 6113.0 119.82
685 6.0 509.32
635 1252.0 544.67
662 4049.0 576.45
660 3147.0 826.04
686 3319.0 939.64
636 6898.0 908.66
663 9960.0 660.42
661 9995.0 208.24
687 687.0 665.27
637 3995.0 207.96
664 7248.0 900.49
662 9317.0 386.11
688 1550.0 495.49
638 8620.0 68.07
665 5943.0 740.98
663 9676.0 498.67
689 6483.0 855.65
639 3224.0 784.36
666 7541.0 890.37
664 1619.0 267.0
690 1748.0 862.77
640 6943.0 897.13
667 4514.0 680.76
665 4396.0 444.2
691 9440.0 144.47
641 2092.0 358.45
668 2967.0 565.49
666 1082.0 439.84
692 3915.0 288.11
642 3621.0 290.61
669 820.0 987.22
667 9445.0 649.77
693 1398.0 911.51
643 9051.0 512.8
670 5820.0 269.29
668 8259.0 112.54
694 9935.0 106.02
644 3667.0 705.74
671 1010.0 787.41
669 9769.0 884.72
695 1805.0 457.84
645 7179.0 505.98
672 3841.0 725.17
670 9529.0 931.94
696 5093.0 364.91
646 6428.0 454.91
673 6140.0 634.59
671 9210.0 948.26
697 4695.0 21.34
647 948.0 682.64
674 9333.0 372.74
672 9517.0 25.73
698 6955.0 175.39
648 7653.0 949.02
675 5548.0 667.37
673 5175.0 782.24
699 2359.0 557.59
649 3484.0 93.5
674 6309.0 265.33
700 5506.0 278.1
650 4017.0 305.27
677 6056.0 223.18
701 8.0 558.89
651 2291.0 222.12
678 6910.0 505.89
676 2770.0 323.07
702 5737.0 85.02
652 513.0 92.66
679 6539.0 593.3
677 3616.0 238.43
703 2505.0 758.56
653 9421.0 549.09
680 2265.0 322.65
678 4646.0 958.85
704 8432.0 731.72
654 6819.0 534.92
681 8607.0 352.4
679 1641.0 103.46
705 7714.0 350.13
655 8846.0 38.43
682 3827.0 497.24
680 3760.0 20.08
706 6372.0 564.21
656 574.0 585.72
683 2776.0 376.82
681 8210.0 571.08
707 5549.0 317.67
657 1261.0 737.72
684 1975.0 514.5
682 9102.0 22.07
708 9925.0 495.1
658 2009.0 898.51
685 833.0 591.93
683 6855.0 881.24
709 661.0 759.68
659 194.0 908.3
686 1219.0 180.32
684 4590.0 260.69
710 2207.0 625.6
660 3588.0 74.54
687 2598.0 668.01
685 3315.0 413.7
711 5312.0 654.43
661 2751.0 888.38
688 4347.0 180.1
686 8833.0 163.18
712 9282.0 648.37
662 5742.0 64.12
689 2563.0 979.02
687 5334.0 962.19
713 3842.0 719.17
663 5656.0 184.85
690 544.0 383.95
688 9199.0 649.6
714 6015.0 740.62
664 4052.0 960.84
691 9804.0 168.16
689 613.0 399.01
715 1180.0 829.41
665 899.0 373.19
692 5790.0 100.9
690 8199.0 397.05
716 9730.0 237.05
666 4057.0 734.15
693 1304.0 294.55
691 5994.0 822.91
717 1231.0 180.74
667 9215.0 952.37
694 6822.0 471.17
692 8511.0 781.22
718 4454.0 269.91
668 9714.0 186.23
695 3893.0 154.04
693 2151.0 847.27
719 3874.0 239.92
669 3545.0 455.3
696 709.0 722.42
694 5550.0 291.44
720 1380.0 454.05
670 3536.0 744.33
697 8591.0 113.64
695 2647.0 995.88
721 6090.0 853.34
671 4833.0 692.52
698 3510.0 111.08
696 4611.0 394.14
722 3878.0 556.29
672 7552.0 567.2
699 5710.0 56.81
697 5486.0 884.7
723 9583.0 105.69
673 6431.0 609.03
700 6070.0 866.83
698 5005.0 542.16
724 3049.0 925.07
674 3920.0 11.07
699 7778.0 497.14
725 9285.0 650.73
675 8587.0 532.71
702 5439.0 180.99
726 5810.0 603.51
676 8330.0 58.39
703 9958.0 552.66
701 5814.0 237.5
727 1505.0 582.43
677 2414.0 972.14
704 5279.0 170.82
702 6442.0 388.33
728 4166.0 241.06
678 8436.0 449.53
705 3560.0 841.63
703 1866.0 369.29
729 9178.0 946.64
679 4891.0 238.53
706 5371.0 440.37
704 612.0 353.39
730 5980.0 215.74
680 45.0 206.76
707 7137.0 382.52
705 9191.0 451.56
731 7150.0 910.98
681 1232.0 786.2
708 5484.0 617.55
706 6039.0 693.93
732 2888.0 826.72
682 2795.0 912.88
709 3602.0 960.56
707 4781.0 816.39
733 8345.0 593.55
683 6873.0 793.94
710 5517.0 679.21
708 6108.0 608.83
734 7943.0 704.85
684 2821.0 366.84
711 5339.0 653.77
709 573.0 858.49
735 7693.0 15.24
685 5384.0 930.92
712 1164.0 157.54
710 2626.0 134.76
736 6911.0 617.7
686 1185.0 231.14
713 7575.0 755.15
711 2055.0 266.39
737 7367.0 321.9
687 8287.0 643.52
714 2523.0 627.29
712 3051.0 500.16
738 7000.0 377.46
688 5124.0 372.07
715 4082.0 197.41
713 8032.0 126.05
739 9359.0 179.21
689 1552.0 263.23
716 4162.0 174.27
714 1400.0 137.54
740 1897.0 888.41
690 4703.0 923.31
717 9819.0 681.16
715 8429.0 792.62
741 9218.0 45.54
691 1834.0 133.8
718 7402.0 578.29
716 3852.0 962.37
742 2525.0 956.73
692 7487.0 748.76
719 6992.0 149.02
717 799.0 931.56
743 9454.0 45.04
693 2542.0 815.46
720 7069.0 361.45
718 9591.0 487.32
744 5096.0 915.07
694 3361.0 102.38
721 3834.0 291.57
719 7458.0 866.07
745 1321.0 993.12
695 233.0 18.73
722 1366.0 226.19
720 4167.0 811.99
746 7972.0 619.3
696 8979.0 739.85
723 979.0 63.52
721 9532.0 889.66
747 1175.0 861.63
697 5965.0 891.0
724 90.0 208.43
722 566.0 693.5
748 2182.0 57.32
698 2116.0 852.95
725 233.0 835.29
723 7939.0 88.14
749 8761.0 86.43
699 1967.0 223.46
724 3230.0 339.01
750 3431.0 53.25
700 8907.0 935.27
727 9275.0 123.6
751 90.0 951.74
701 5260.0 788.4
728 6138.0 672.39
726 9487.0 364.24
752 8375.0 907.07
702 8391.0 944.84
729 5381.0 733.2
727 8069.0 845.98
753 6895.0 86.18
703 4433.0 374.42
730 3858.0 584.38
728 4043.0 856.27
754 1760.0 397.56
704 2304.0 38.48
731 7976.0 451.94
729 5172.0 870.47
755 8129.0 404.12
705 2666.0 489.72
732 6395.0 401.88
730 1429.0 455.96
756 1200.0 896.42
706 9816.0 912.76
733 6298.0 819.15
731 7327.0 857.32
757 2339.0 175.73
707 3460.0 611.66
734 6611.0 171.84
732 7574.0 971.4
758 3769.0 361.43
708 5902.0 182.06
735 4232.0 553.07
733 9421.0 99.99
759 9039.0 172.94
709 9809.0 804.96
736 7730.0 617.96
734 614.0 443.79
760 5945.0 467.33
710 6143.0 525.36
737 8122.0 805.45
735 3779.0 63.03
761 2417.0 905.68
711 5889.0 681.57
738 4266.0 69.47
736 1803.0 164.57
762 1451.0 199.72
712 2792.0 800.51
739 337.0 649.9
737 3857.0 79.77
763 8747.0 855.29
713 2421.0 820.2
740 3010.0 658.68
738 8644.0 82.88
764 4167.0 180.33
714 6712.0 175.32
741 1174.0 409.03
739 8110.0 711.27
765 7894.0 831.43
715 8332.0 951.63
742 4257.0 353.56
740 6224.0 226.64
766 9161.0 573.41
716 2857.0 767.31
743 1714.0 144.13
741 8507.0 891.38
767 5785.0 965.28
717 2693.0 346.05
744 9679.0 257.06
742 5441.0 85.57
768 5528.0 322.37
718 1559.0 929.03
745 6071.0 497.95
743 1850.0 199.95
769 9991.0 168.76
719 5251.0 484.06
746 9178.0 669.45
744 6262.0 671.69
770 4738.0 256.29
720 5333.0 845.74
747 5243.0 881.74
745 6847.0 715.55
771 5356.0 777.94
721 2820.0 874.73
748 4615.0 640.73
746 4341.0 845.37
772 1721.0 577.91
722 7108.0 279.72
749 219.0 23.79
747 2853.0 414.57
773 1674.0 171.77
723 2864.0 982.63
750 7710.0 971.43
748 2380.0 168.96
774 4470.0 679.31
724 2033.0 833.69
749 709.0 262.17
775 8887.0 983.96
725 8522.0 737.04
752 6949.0 243.85
776 8080.0 941.11
726 9207.0 46.17
753 4894.0 401.29
751 7633.0 907.47
777 3131.0 621.17
727 6752.0 136.6
754 7203.0 114.08
752 7574.0 927.78
778 7329.0 404.21
728 7925.0 388.99
755 9729.0 806.08
753 6679.0 704.91
779 3484.0 803.9
729 2381.0 291.08
756 9890.0 673.43
754 7513.0 407.98
780 7655.0 340.74
730 176.0 438.57
757 6448.0 872.03
755 3182.0 639.58
781 2440.0 594.92
731 303.0 816.02
758 6567.0 614.79
756 9780.0 480.52
782 6449.0 843.91
732 8801.0 995.74
759 9773.0 737.61
757 6732.0 47.22
783 5462.0 44.63
733 2701.0 908.88
760 8918.0 920.2
758 4801.0 833.72
784 6511.0 140.92
734 4983.0 874.6
761 3381.0 614.15
759 128.0 892.32
785 7783.0 251.01
735 5723.0 281.01
762 1381.0 367.31
760 7299.0 67.89
786 5463.0 281.46
736 9530.0 378.4
763 900.0 965.94
761 669.0 402.28
787 7097.0 837.39
737 5709.0 360.39
764 4029.0 703.37
762 8436.0 681.04
788 4404.0 801.16
738 9008.0 790.52
765 8320.0 83.18
763 8201.0 602.99
789 7024.0 496.62
739 34.0 865.78
766 6449.0 392.99
764 8083.0 494.85
790 1704.0 96.57
740 393.0 222.61
767 1005.0 999.33
765 3929.0 742.78
791 6929.0 963.95
741 2221.0 578.91
768 4983.0 662.51
766 3882.0 548.51
792 83.0 620.34
742 4492.0 200.99
769 2885.0 327.0
767 1130.0 554.63
793 2156.0 424.42
743 6471.0 740.32
770 7846.0 866.44
768 5266.0 631.04
794 5207.0 385.47
744 2956.0 585.59
771 9669.0 594.09
769 4769.0 491.68
795 7574.0 339.42
745 6948.0 400.65
772 1290.0 61.13
770 890.0 788.4
796 4759.0 706.73
746 7780.0 986.42
773 2273.0 790.01
771 5372.0 961.42
797 8307.0 885.0
747 8973.0 882.65
774 1010.0 507.03
772 1327.0 732.52
798 9932.0 437.24
748 7302.0 292.13
775 7698.0 729.08
773 8243.0 114.33
799 4833.0 316.9
749 5485.0 840.6
774 9487.0 824.58
800 8437.0 775.1
750 2500.0 507.33
777 4850.0 634.55
801 2026.0 288.14
751 1764.0 919.76
778 4731.0 854.23
776 3312.0 506.36
802 4105.0 434.3
752 3633.0 37.62
779 3836.0 130.61
777 193.0 274.6
803 3904.0 479.94
753 166.0 936.6
780 580.0 70.2
778 7069.0 710.88
804 1045.0 737.66
754 8731.0 317.05
781 4121.0 326.71
779 8265.0 394.49
805 6375.0 131.67
755 9424.0 448.01
782 1396.0 540.46
780 2842.0 116.21
806 4183.0 470.7
756 1820.0 101.99
783 4855.0 956.34
781 777.0 124.33
807 7349.0 569.7
757 3936.0 943.65
784 8909.0 780.68
782 8617.0 278.83
808 8189.0 802.17
758 4762.0 281.49
785 2381.0 168.95
783 9819.0 78.03
809 8982.0 18.24
759 3679.0 241.96
786 2906.0 408.88
784 5621.0 270.63
810 9185.0 322.24
760 4181.0 542.12
787 1660.0 882.08
785 5573.0 946.8
811 9882.0 844.88
761 4855.0 213.39
788 799.0 117.91
786 9030.0 987.61
812 5603.0 10.33
762 7961.0 904.69
789 961.0 241.62
787 2450.0 759.81
813 874.0 389.51
763 5274.0 435.58
790 2383.0 42.39
788 4438.0 905.44
814 3726.0 691.4
764 5332.0 398.29
791 6069.0 958.04
789 5621.0 598.7
815 9684.0 866.5
765 3962.0 168.4
792 4204.0 244.24
790 6004.0 868.66
816 5081.0 990.13
766 8309.0 751.22
793 5386.0 911.53
791 7146.0 815.53
817 2868.0 260.34
767 2604.0 171.36
794 3513.0 660.22
792 6260.0 775.68
818 5672.0 991.4
768 6872.0 442.63
795 5977.0 507.25
793 4920.0 820.12
819 1028.0 495.7
769 3142.0 970.24
796 2672.0 474.88
794 499.0 806.34
820 4693.0 343.21
770 1366.0 759.93
797 9378.0 254.02
795 301.0 785.43
821 4119.0 743.64
771 689.0 296.24
798 4564.0 78.36
796 8286.0 789.88
822 3445.0 398.84
772 2894.0 816.13
799 836.0 133.71
797 3528.0 865.2
823 9984.0 141.08
773 4789.0 803.04
800 6073.0 783.75
798 676.0 141.27
824 2604.0 360.79
774 5885.0 928.06
799 8517.0 806.38
825 5206.0 87.03
775 9591.0 744.26
802 1004.0 544.07
826 3345.0 295.72
776 4955.0 967.9
803 4924.0 655.54
801 5342.0 230.07
827 9384.0 439.39
777 2524.0 742.92
804 8409.0 642.45
802 8071.0 23.77
828 2565.0 426.83
778 3687.0 225.63
805 5787.0 877.64
803 7057.0 584.46
829 2377.0 853.29
779 5070.0 164.55
806 9459.0 379.29
804 2583.0 471.89
830 3015.0 248.21
780 7702.0 805.21
807 3134.0 370.31
805 3874.0 607.46
831 5481.0 224.07
781 6359.0 58.85
808 4115.0 700.41
806 9522.0 451.38
832 6194.0 942.41
782 8867.0 500.16
809 9449.0 260.78
807 9093.0 461.3
833 6196.0 778.39
783 4951.0 598.65
810 5959.0 378.13
808 5399.0 169.05
834 6182.0 883.17
784 945.0 8.95
811 8756.0 422.45
809 4755.0 238.71
835 2934.0 650.97
785 6420.0 288.96
812 4546.0 346.42
810 2809.0 858.6
836 3430.0 471.81
786 1107.0 325.31
813 5784.0 411.2
811 8676.0 323.66
837 7640.0 387.51
787 4351.0 266.46
814 2146.0 480.73
812 8689.0 72.31
838 8113.0 996.99
788 3257.0 29.88
815 4506.0 119.04
813 8265.0 621.89
839 8253.0 372.15
789 1346.0 796.81
816 2197.0 670.13
814 7013.0 503.89
840 6293.0 323.74
790 5682.0 680.69
817 6186.0 164.2
815 6071.0 469.95
841 4676.0 458.37
791 3771.0 283.79
818 4968.0 944.68
816 5054.0 903.8
842 7140.0 723.86
792 8937.0 625.06
819 4708.0 936.05
817 4632.0 997.73
843 555.0 495.25
793 5194.0 57.82
820 8650.0 135.59
818 2763.0 154.53
844 9814.0 510.11
794 3270.0 871.06
821 4708.0 490.13
819 2319.0 730.6
845 4039.0 729.35
795 5593.0 184.05
822 7912.0 5.62
820 785.0 163.26
846 8910.0 274.01
796 5470.0 311.92
823 1932.0 883.01
821 1922.0 5.92
847 778.0 10.22
797 874.0 792.46
824 2850.0 893.8
822 2499.0 786.56
848 8357.0 706.81
798 607.0 780.5
825 6663.0 839.38
823 30.0 510.33
849 4963.0 153.34
799 1705.0 903.8
824 2280.0 70.74
850 1121.0 109.5
800 7740.0 785.49
827 1442.0 702.68
851 1723.0 543.32
801 7711.0 974.98
828 9008.0 223.75
826 4124.0 203.33
852 4217.0 738.12
802 9230.0 994.5
829 4765.0 928.43
827 3295.0 641.26
853 3116.0 647.55
803 8733.0 835.31
830 7074.0 202.5
828 6236.0 979.72
854 8332.0 701.71
804 2291.0 675.77
831 7133.0 357.16
829 2913.0 155.37
855 8044.0 933.35
805 6627.0 12.28
832 5733.0 676.07
830 6142.0 929.97
856 3747.0 523.63
806 3854.0 476.13
833 9005.0 544.12
831 2741.0 223.41
857 2077.0 531.21
807 5380.0 295.94
834 9429.0 81.68
832 7291.0 89.0
858 1906.0 459.83
808 599.0 528.84
835 8296.0 309.05
833 3235.0 555.07
859 7552.0 606.46
809 6246.0 52.4
836 5301.0 208.0
834 8100.0 86.83
860 7273.0 276.25
810 8004.0 11.63
837 6193.0 756.38
835 1842.0 807.06
861 1845.0 952.73
811 5238.0 743.75
838 974.0 659.73
836 7799.0 944.55
862 3907.0 309.7
812 460.0 133.26
839 3754.0 686.95
837 7803.0 910.42
863 7901.0 676.67
813 1546.0 970.48
840 9123.0 828.12
838 8577.0 812.43
864 9788.0 142.88
814 8555.0 678.2
841 7425.0 86.94
839 1342.0 482.01
865 2331.0 307.28
815 3917.0 466.68
842 7357.0 492.51
840 7609.0 479.7
866 1748.0 606.24
816 8656.0 157.6
843 5505.0 581.78
841 1289.0 114.94
867 8781.0 607.23
817 4185.0 540.16
844 8754.0 211.19
842 8207.0 782.63
868 3825.0 391.48
818 8018.0 48.36
845 6400.0 247.98
843 381.0 618.76
869 1253.0 42.23
819 747.0 127.56
846 2964.0 912.8
844 9941.0 118.41
870 715.0 597.34
820 4844.0 6.17
847 5989.0 105.88
845 1787.0 140.61
871 2234.0 393.6
821 6509.0 768.81
848 4652.0 441.33
846 4737.0 537.92
872 9032.0 624.61
822 5438.0 847.17
849 312.0 113.62
847 8485.0 439.34
873 4478.0 569.59
823 4886.0 457.46
850 5930.0 376.16
848 541.0 12.2
874 6862.0 229.67
824 3365.0 79.43
849 4581.0 691.34
875 8777.0 70.81
825 6266.0 302.29
852 5413.0 915.55
876 9436.0 522.99
826 3769.0 948.21
853 9344.0 222.23
851 7927.0 802.85
877 615.0 85.0
827 8199.0 724.21
854 1435.0 347.22
852 7155.0 218.85
878 5223.0 549.15
828 2719.0 14.2
855 1236.0 641.22
853 4373.0 328.17
879 4233.0 540.0
829 9798.0 830.29
856 8193.0 756.5
854 8714.0 74.11
880 42.0 812.36
830 2738.0 887.6
857 3703.0 905.44
855 565.0 532.88
881 6722.0 682.95
831 6315.0 150.04
858 148.0 614.34
856 4228.0 461.61
882 6343.0 719.41
832 6559.0 724.07
859 2707.0 277.98
857 4436.0 716.23
883 7166.0 947.09
833 4970.0 162.08
860 1591.0 197.71
858 5741.0 396.16
884 2123.0 67.41
834 6777.0 101.45
861 1866.0 172.66
859 4520.0 172.07
885 7022.0 57.45
835 1303.0 731.29
862 9121.0 993.12
860 6282.0 12.71
886 4589.0 73.85
836 3830.0 716.19
863 4969.0 901.79
861 5965.0 827.15
887 5286.0 645.68
837 5873.0 439.38
864 3443.0 458.96
862 766.0 789.98
888 3746.0 86.47
838 565.0 90.08
865 742.0 164.13
863 6675.0 774.77
889 4528.0 858.89
839 7351.0 82.36
866 8266.0 489.48
864 9417.0 1.13
890 1364.0 536.03
840 6993.0 692.73
867 8248.0 388.94
865 6852.0 775.83
891 1029.0 535.39
841 9062.0 620.4
868 7363.0 33.55
866 3294.0 774.66
892 7483.0 278.28
842 9101.0 706.64
869 3672.0 333.7
867 2223.0 457.96
893 5035.0 534.55
843 9780.0 988.02
870 1628.0 189.27
868 8892.0 117.47
894 1783.0 919.92
844 9077.0 175.72
871 189.0 374.55
869 9463.0 876.26
895 8493.0 800.47
845 558.0 282.91
872 6339.0 197.58
870 5465.0 97.68
896 8431.0 640.2
846 9253.0 614.35
873 6511.0 620.1
871 8611.0 439.8
897 7944.0 441.57
847 1386.0 777.18
874 4019.0 76.98
872 7293.0 393.53
898 9190.0 569.33
848 4513.0 305.56
875 7387.0 929.3
873 9982.0 930.59
899 2638.0 697.59
849 948.0 387.64
874 8675.0 745.74
900 344.0 264.36
850 6108.0 67.87
877 1043.0 317.38
901 3100.0 358.83
851 2603.0 797.25
878 611.0 390.69
876 8847.0 145.58
902 5411.0 183.91
852 1303.0 442.22
879 9842.0 198.75
877 5081.0 306.28
903 8918.0 384.02
853 8233.0 336.26
880 6132.0 868.62
878 7953.0 500.53
904 9188.0 905.87
854 3865.0 749.17
881 9624.0 591.44
879 8868.0 327.15
905 3683.0 777.78
855 514.0 700.51
882 8226.0 990.57
880 7980.0 799.84
906 414.0 144.39
856 4802.0 623.19
883 3557.0 569.85
881 2448.0 555.68
907 3768.0 254.67
857 8836.0 330.87
884 6877.0 711.53
882 9124.0 422.09
908 321.0 884.51
858 3555.0 173.74
885 1898.0 830.4
883 6535.0 821.3
909 3909.0 896.72
859 2780.0 624.31
886 4834.0 441.05
884 654.0 395.62
910 8658.0 142.8
860 7784.0 179.75
887 7358.0 870.0
885 4965.0 293.48
911 3100.0 411.49
861 4579.0 604.5
888 3903.0 131.99
886 9191.0 11.11
912 4569.0 899.33
862 5030.0 396.43
889 7036.0 977.84
887 3846.0 790.69
913 2260.0 525.19
863 576.0 25.99
890 6089.0 374.02
888 2229.0 346.52
914 1823.0 962.53
864 2615.0 32.55
891 9082.0 596.42
889 7931.0 763.34
915 2982.0 147.45
865 5733.0 167.91
892 2019.0 744.2
890 433.0 205.33
916 8078.0 432.65
866 11.0 434.34
893 3666.0 106.91
891 9049.0 862.43
917 8983.0 559.07
867 5976.0 933.65
894 6394.0 701.42
892 260.0 634.74
918 4859.0 132.44
868 3392.0 45.33
895 2523.0 660.62
893 2545.0 541.76
919 8914.0 325.31
869 2161.0 634.19
896 9624.0 608.24
894 1330.0 232.02
920 7801.0 66.68
870 9023.0 185.98
897 1007.0 682.19
895 1906.0 454.39
921 1115.0 660.46
871 1898.0 530.28
898 7849.0 651.71
896 943.0 562.41
922 6917.0 552.07
872 3470.0 268.05
899 223.0 73.69
897 1613.0 505.27
923 810.0 566.89
873 9842.0 754.92
900 9968.0 964.48
898 2160.0 860.99
924 9093.0 239.86
874 659.0 165.94
899 3060.0 527.7
925 2338.0 328.68
875 6050.0 595.35
902 1372.0 572.43
926 232.0 61.74
876 5478.0 64.91
903 571.0 608.26
901 4916.0 702.68
927 5697.0 838.72
877 2771.0 369.13
904 4801.0 594.17
902 3109.0 945.93
928 5507.0 798.27
878 1748.0 773.81
905 4915.0 713.76
903 3865.0 308.29
929 4164.0 998.17
879 1087.0 360.49
906 4807.0 330.59
904 5315.0 128.94
930 8528.0 585.64
880 2547.0 243.23
907 372.0 532.05
905 6461.0 666.08
931 7212.0 735.85
881 4257.0 547.53
908 7762.0 968.85
906 5766.0 662.74
932 2607.0 995.59
882 7537.0 777.02
909 1881.0 220.03
907 5871.0 674.91
933 9935.0 858.15
883 8302.0 651.82
910 7339.0 395.76
908 2957.0 815.1
934 4453.0 485.21
884 3867.0 403.09
911 5356.0 422.17
909 2009.0 62.72
935 4669.0 717.97
885 8517.0 286.92
912 6394.0 390.83
910 1767.0 155.6
936 1668.0 845.51
886 8089.0 415.76
913 7711.0 859.68
911 4170.0 931.09
937 4833.0 298.82
887 3894.0 919.83
914 2546.0 179.14
912 7403.0 544.82
938 8346.0 314.91
888 9193.0 688.38
915 988.0 981.55
913 2450.0 846.44
939 395.0 229.32
889 9678.0 823.14
916 8701.0 74.68
914 7736.0 818.46
940 9742.0 714.1
890 6992.0 205.98
917 5374.0 378.88
915 7761.0 877.5
941 6969.0 680.42
891 8523.0 755.1
918 647.0 430.32
916 827.0 784.14
942 6114.0 889.75
892 4936.0 514.27
919 931.0 20.96
917 2134.0 146.22
943 9382.0 701.03
893 7370.0 834.96
920 4818.0 214.45
918 9173.0 723.22
944 3186.0 986.27
894 9008.0 595.56
921 174.0 502.56
919 1612.0 76.57
945 4588.0 263.18
895 6730.0 524.0
922 7041.0 759.48
920 6377.0 52.86
946 3751.0 842.35
896 2712.0 123.8
923 5565.0 523.28
921 6594.0 438.98
947 5561.0 339.69
897 795.0 634.34
924 816.0 658.47
922 1941.0 589.52
948 1937.0 118.04
898 8685.0 444.01
925 7904.0 587.24
923 4368.0 445.48
949 319.0 154.75
899 7386.0 91.64
924 5224.0 240.97
950 516.0 884.7
900 8435.0 910.72
927 7535.0 887.63
951 5836.0 995.12
901 2581.0 52.03
928 8539.0 471.81
926 1115.0 7.9
952 6578.0 486.66
902 871.0 524.69
929 5145.0 303.72
927 6764.0 923.65
953 1640.0 153.69
903 6867.0 944.75
930 1941.0 965.87
928 7967.0 291.7
954 5128.0 681.6
904 9585.0 329.75
931 7227.0 364.67
929 4113.0 97.85
955 6387.0 717.47
905 5453.0 185.52
932 9722.0 677.1
930 281.0 163.09
956 5146.0 315.51
906 3362.0 844.62
933 8866.0 114.29
931 8886.0 859.91
957 655.0 200.01
907 1441.0 912.44
934 1355.0 968.23
932 9302.0 965.52
958 8601.0 47.21
908 2570.0 859.36
935 2154.0 811.93
933 5758.0 708.32
959 681.0 765.47
909 1081.0 661.53
936 7426.0 408.13
934 1125.0 990.38
960 9082.0 989.17
910 9934.0 853.26
937 2710.0 276.25
935 8027.0 322.89
961 2693.0 856.59
911 2862.0 142.26
938 5061.0 752.19
936 2021.0 449.78
962 2668.0 432.44
912 8550.0 917.36
939 2324.0 698.45
937 1003.0 908.1
963 1403.0 199.86
913 2459.0 913.37
940 4282.0 272.05
938 7967.0 581.2
964 9881.0 376.04
914 6652.0 194.07
941 9419.0 653.83
939 5065.0 616.81
965 9231.0 714.27
915 5215.0 780.15
942 1012.0 732.68
940 9374.0 812.02
966 4836.0 667.69
916 5244.0 717.54
943 9073.0 20.23
941 2151.0 47.63
967 1487.0 565.86
917 4298.0 37.97
944 674.0 904.76
942 8293.0 795.62
968 55.0 716.81
918 1706.0 678.38
945 302.0 920.14
943 4722.0 72.95
969 8083.0 546.27
919 8654.0 8.94
946 7485.0 676.98
944 6498.0 619.58
970 8799.0 95.56
920 6881.0 384.13
947 9446.0 496.05
945 755.0 337.66
971 6724.0 664.08
921 4688.0 117.27
948 5976.0 418.24
946 4455.0 207.51
972 4181.0 451.15
922 8340.0 985.36
949 3028.0 534.43
947 2778.0 185.72
973 507.0 756.09
923 4869.0 137.82
950 2819.0 785.03
948 4922.0 901.8
974 5012.0 549.75
924 4941.0 854.13
949 7886.0 263.54
975 5313.0 974.0
925 1179.0 328.0
952 6598.0 459.36
976 3097.0 888.67
926 1716.0 617.0
953 75.0 954.9
951 5038.0 768.83
977 975.0 773.32
927 776.0 226.1
954 7506.0 569.84
952 6752.0 694.27
978 9431.0 620.93
928 1866.0 583.05
955 8800.0 566.6
953 2931.0 683.01
979 7190.0 476.31
929 2397.0 728.42
956 8650.0 701.43
954 6505.0 990.72
980 5353.0 677.14
930 6814.0 49.54
957 3927.0 444.87
955 4912.0 164.26
981 6169.0 493.37
931 3422.0 766.76
958 5571.0 477.91
956 3308.0 333.04
982 1940.0 52.22
932 5559.0 671.64
959 8542.0 527.85
957 5128.0 27.29
983 376.0 680.08
933 8296.0 213.93
960 7545.0 361.19
958 8566.0 202.27
984 3658.0 534.05
934 9793.0 961.87
961 6294.0 509.51
959 9992.0 522.87
985 180.0 324.88
935 4879.0 889.4
962 8302.0 225.3
960 692.0 49.25
986 8182.0 327.76
936 5512.0 520.11
963 3512.0 226.82
961 6226.0 601.24
987 7128.0 900.02
937 2620.0 287.02
964 6884.0 255.08
962 8062.0 315.72
988 6886.0 743.33
938 5828.0 959.79
965 9852.0 125.32
963 4198.0 340.51
989 6891.0 301.76
939 1847.0 358.74
966 66.0 807.61
964 4702.0 114.65
990 8179.0 603.31
940 5922.0 74.54
967 55.0 391.61
965 7527.0 28.09
991 3370.0 86.09
941 4185.0 346.84
968 398.0 165.94
966 2236.0 147.38
992 8086.0 925.11
942 166.0 21.85
969 5530.0 785.66
967 4720.0 65.04
993 1411.0 409.06
943 4940.0 404.14
970 9398.0 664.41
968 9950.0 348.52
994 2095.0 44.48
944 1358.0 773.4
971 6373.0 514.51
969 6098.0 86.49
995 9246.0 464.55
945 2675.0 361.98
972 437.0 623.18
970 7636.0 538.36
996 1833.0 482.28
946 9308.0 66.55
973 895.0 825.97
971 7720.0 383.78
997 8588.0 745.5
947 2477.0 288.8
974 2260.0 306.21
972 3560.0 401.91
998 6709.0 459.46
948 4762.0 160.24
975 3464.0 238.62
973 8072.0 917.05
999 6978.0 419.39
949 7924.0 143.73
974 1253.0 843.52
1000 8624.0 704.65
950 7807.0 146.35
977 5115.0 346.12
1001 2318.0 710.59
951 336.0 530.02
978 7395.0 367.73
976 6110.0 487.86
1002 4855.0 884.01
952 2082.0 140.81
979 2020.0 854.13
977 1984.0 475.76
1003 4478.0 689.2
953 7493.0 389.34
980 6429.0 274.37
978 2898.0 643.96
1004 1568.0 360.84
954 9442.0 667.35
981 8644.0 838.68
979 1221.0 854.15
1005 3258.0 545.25
955 6218.0 624.26
982 3028.0 136.38
980 3651.0 803.88
1006 7715.0 952.93
956 5722.0 968.95
983 7967.0 41.09
981 8408.0 446.73
1007 5757.0 753.9
957 3862.0 225.54
984 9796.0 981.03
982 3809.0 221.17
1008 9058.0 928.26
958 5651.0 57.98
985 5695.0 538.73
983 1477.0 316.24
1009 3808.0 242.01
959 753.0 993.28
986 1095.0 101.64
984 9921.0 281.7
1010 267.0 560.85
960 6591.0 794.46
987 1357.0 904.55
985 597.0 104.24
1011 8802.0 81.71
961 7818.0 62.5
988 8671.0 44.9
986 4878.0 305.69
1012 657.0 968.24
962 1648.0 918.88
989 7755.0 796.5
987 9164.0 4.44
1013 516.0 562.73
963 4276.0 133.59
990 8925.0 179.06
988 3864.0 872.64
1014 4828.0 492.68
964 1418.0 431.28
991 1598.0 14.67
989 4093.0 479.5
1015 454.0 602.39
965 6880.0 950.5
992 685.0 723.65
990 3900.0 518.24
1016 6529.0 721.48
966 8140.0 589.83
993 7750.0 585.52
991 1408.0 835.25
1017 3652.0 521.28
967 9166.0 686.13
994 8961.0 686.55
992 4151.0 747.37
1018 7141.0 191.68
968 2806.0 449.3
995 1285.0 958.54
993 4856.0 624.05
1019 901.0 167.09
969 9370.0 26.44
996 4756.0 191.83
994 374.0 124.01
1020 5005.0 172.77
970 5034.0 964.07
997 9795.0 579.06
995 4624.0 439.58
1021 479.0 759.96
971 325.0 119.01
998 6626.0 107.13
996 9148.0 963.23
1022 9154.0 569.8
972 285.0 227.96
999 14.0 494.86
997 642.0 475.35
1023 7570.0 364.14
973 7948.0 943.39
1000 6004.0 784.01
998 5244.0 40.91
1024 2188.0 418.36
974 7312.0 630.63
999 4588.0 94.41
1025 6392.0 513.75
975 93.0 566.93
1002 4863.0 780.68
1026 7378.0 36.46
976 5795.0 537.97
1003 4566.0 489.35
1001 5831.0 399.54
1027 9945.0 156.97
977 4965.0 83.07
1004 4316.0 548.28
1002 7881.0 200.73
1028 45.0 996.36
978 4870.0 236.61
1005 1950.0 463.01
1003 7428.0 477.18
1029 4630.0 506.98
979 2877.0 951.56
1006 6767.0 469.21
1004 617.0 25.42
1030 7192.0 801.62
980 4487.0 688.08
1007 4628.0 66.2
1005 9223.0 783.53
1031 4278.0 809.9
981 7731.0 20.05
1008 1625.0 917.39
1006 5366.0 885.08
1032 127.0 340.03
982 7373.0 627.03
1009 5995.0 346.69
1007 3186.0 245.36
1033 2172.0 729.1
983 6432.0 627.7
1010 9726.0 502.71
1008 6385.0 329.46
1034 5920.0 97.49
984 8155.0 128.28
1011 1341.0 142.5
1009 4081.0 421.74
1035 7526.0 420.29
985 9087.0 649.88
1012 4299.0 74.58
1010 8465.0 635.99
1036 8677.0 335.29
986 4517.0 311.98
1013 599.0 586.68
1011 1458.0 138.17
1037 556.0 140.54
987 9434.0 412.01
1014 7140.0 725.4
1012 7282.0 591.91
1038 1043.0 671.08
988 1887.0 480.3
1015 8984.0 972.41
1013 1562.0 526.51
1039 9730.0 14.12
989 5178.0 866.68
1016 3870.0 689.77
1014 6045.0 76.71
1040 3895.0 424.33
990 804.0 949.29
1017 3447.0 411.56
1015 7970.0 384.42
1041 7639.0 501.34
991 6321.0 670.07
1018 3805.0 146.17
1016 933.0 233.0
1042 4150.0 777.39
992 8682.0 476.62
1019 6986.0 178.26
1017 3464.0 580.51
1043 4760.0 196.87
993 3388.0 696.92
1020 7560.0 116.41
1018 8617.0 556.42
1044 7573.0 728.87
994 4053.0 602.03
1021 3798.0 388.33
1019 8640.0 486.23
1045 5528.0 4.15
995 3781.0 906.62
1022 965.0 141.66
1020 5756.0 912.67
1046 5351.0 912.71
996 3197.0 39.13
1023 3881.0 236.51
1021 2699.0 735.95
1047 1220.0 298.22
997 4375.0 48.68
1024 3903.0 783.96
1022 6922.0 230.31
1048 2858.0 833.41
998 2192.0 863.99
1025 9982.0 339.53
1023 2634.0 807.89
1049 8902.0 890.33
999 3130.0 749.31
1024 5810.0 424.04
1050 8390.0 869.26
1000 8853.0 423.31
1027 1307.0 427.31
1051 9351.0 764.25
1001 8738.0 917.36
1028 4696.0 408.52
1026 7274.0 390.76
1052 1058.0 997.84
1002 8640.0 365.88
1029 2655.0 503.57
1027 3327.0 248.15
1053 3102.0 65.3
1003 8394.0 851.9
1030 540.0 480.93
1028 663.0 634.33
1054 8780.0 796.99
1004 7760.0 828.88
1031 6182.0 651.76
1029 9989.0 569.12
1055 9830.0 803.21
1005 3350.0 875.06
1032 3031.0 208.05
1030 3490.0 20.76
1056 9335.0 662.98
1006 2895.0 643.01
1033 5146.0 551.18
1031 152.0 180.41
1057 3904.0 620.7
1007 7588.0 479.41
1034 3649.0 527.0
1032 8268.0 148.54
1058 4002.0 65.05
1008 5835.0 36.06
1035 9392.0 959.13
1033 6320.0 635.69
1059 5250.0 889.33
1009 7721.0 289.0
1036 2833.0 998.62
1034 3882.0 380.33
1060 9058.0 689.27
1010 5973.0 569.33
1037 3736.0 209.38
1035 4860.0 566.59
1061 5606.0 846.4
1011 5435.0 420.25
1038 24.0 799.93
1036 7689.0 230.07
1062 2704.0 564.92
1012 6810.0 445.18
1039 1357.0 720.22
1037 7047.0 695.01
1063 3563.0 925.0
1013 5281.0 819.66
1040 2697.0 240.99
1038 6962.0 325.11
1064 9007.0 519.52
1014 6291.0 372.24
1041 4843.0 321.46
1039 2056.0 71.08
1065 3747.0 616.65
1015 523.0 639.09
1042 7093.0 223.43
1040 3812.0 711.54
1066 9507.0 844.04
1016 5032.0 667.2
1043 5793.0 307.44
1041 2127.0 156.17
1067 5376.0 608.53
1017 1894.0 152.95
1044 2725.0 748.18
1042 15.0 240.74
1068 1467.0 523.96
1018 8578.0 40.4
1045 2814.0 194.72
1043 621.0 236.58
1069 3620.0 408.01
1019 7549.0 837.68
1046 5509.0 807.8
1044 4981.0 209.15
1070 5441.0 825.44
1020 8337.0 995.07
1047 2531.0 452.81
1045 1238.0 342.17
1071 1627.0 804.67
1021 5420.0 960.15
1048 8688.0 269.34
1046 7408.0 271.77
1072 6092.0 738.48
1022 7957.0 175.48
1049 5581.0 864.77
1047 6544.0 326.42
1073 8249.0 177.32
1023 4254.0 679.81
1050 40.0 166.45
1048 7272.0 152.49
1074 7585.0 541.35
1024 9935.0 596.39
1049 4476.0 451.47
1075 924.0 574.07
1025 2215.0 419.72
1052 610.0 691.44
1076 7302.0 50.41
1026 1310.0 334.49
1053 3155.0 591.35
1051 7101.0 604.77
1077 1488.0 731.26
1027 8884.0 374.98
1054 7380.0 181.86
1052 3273.0 382.16
1078 5103.0 843.84
1028 9920.0 282.75
1055 7381.0 330.79
1053 8830.0 618.23
1079 86.0 797.37
1029 5260.0 25.47
1056 4839.0 321.13
1054 6845.0 905.78
1080 3004.0 47.45
1030 1642.0 888.37
1057 6675.0 599.34
1055 5223.0 163.0
1081 8429.0 922.38
1031 6467.0 273.86
1058 4241.0 367.43
1056 3716.0 87.2
1082 8085.0 746.12
1032 9574.0 853.59
1059 4348.0 222.04
1057 6893.0 807.64
1083 4567.0 793.83
1033 3028.0 742.97
1060 9020.0 175.44
1058 3684.0 159.59
1084 1871.0 773.41
1034 5342.0 159.72
1061 1976.0 5.11
1059 6792.0 853.84
1085 3995.0 627.03
1035 9610.0 528.55
1062 9830.0 58.92
1060 7936.0 212.47
1086 9436.0 308.22
1036 8432.0 895.59
1063 6659.0 295.76
1061 5807.0 428.48
1087 3988.0 595.62
1037 179.0 223.45
1064 5783.0 111.98
1062 2454.0 306.44
1088 1074.0 280.91
1038 5826.0 499.59
1065 2773.0 750.85
1063 4766.0 676.14
1089 32.0 263.29
1039 6977.0 860.55
1066 752.0 999.11
1064 8106.0 327.24
1090 4278.0 710.57
1040 791.0 137.47
1067 1284.0 936.03
1065 9453.0 213.47
1091 17.0 507.82
1041 8732.0 778.88
1068 8609.0 11.46
1066 3079.0 81.46
1092 1364.0 859.93
1042 2794.0 930.94
1069 5373.0 994.14
1067 9072.0 770.67
1093 7093.0 933.89
1043 1467.0 526.84
1070 2102.0 265.26
1068 3234.0 188.29
1094 8800.0 850.62
1044 391.0 85.9
1071 7393.0 266.46
1069 7797.0 872.66
1095 1645.0 84.97
1045 9604.0 592.85
1072 6822.0 366.74
1070 5191.0 663.69
1096 863.0 217.8
1046 1713.0 58.91
1073 6161.0 490.97
1071 978.0 996.11
1097 2629.0 425.28
1047 5337.0 436.72
1074 9141.0 567.43
1072 843.0 813.31
1098 7265.0 235.6
1048 6614.0 318.84
1075 1390.0 673.53
1073 3908.0 936.06
1099 9218.0 739.04
1049 4269.0 813.41
1074 3500.0 110.29
1100 6196.0 642.77
1050 7999.0 848.32
1077 7297.0 291.0
1101 8559.0 74.23
1051 1236.0 234.61
1078 3129.0 418.39
1076 8980.0 224.91
1102 7692.0 728.94
1052 7163.0 994.11
1079 8784.0 638.27
1077 8735.0 460.63
1103 9197.0 113.56
1053 5719.0 899.25
1080 5489.0 962.55
1078 930.0 219.27
1104 915.0 291.86
1054 5272.0 810.53
1081 3613.0 523.01
1079 435.0 742.44
1105 1417.0 326.15
1055 1828.0 313.01
1082 5694.0 110.96
1080 8741.0 731.12
1106 2888.0 569.3
1056 4660.0 717.22
1083 6426.0 252.82
1081 418.0 41.17
1107 5499.0 6.25
1057 4650.0 164.5
1084 9112.0 547.31
1082 5899.0 870.64
1108 7828.0 117.7
1058 5568.0 196.21
1085 3963.0 842.43
1083 1448.0 818.92
1109 4227.0 596.93
1059 7806.0 48.16
1086 9006.0 185.01
1084 1464.0 157.61
1110 3873.0 789.12
1060 2661.0 987.53
1087 1900.0 742.71
1085 2336.0 757.11
1111 4535.0 189.04
1061 6845.0 586.58
1088 6724.0 560.98
1086 4405.0 774.5
1112 1409.0 185.83
1062 9770.0 753.48
1089 671.0 279.72
1087 1427.0 506.02
1113 5170.0 564.98
1063 5878.0 65.48
1090 3856.0 803.93
1088 2648.0 456.91
1114 8446.0 635.27
1064 2002.0 573.22
1091 9663.0 535.98
1089 2021.0 271.67
1115 871.0 768.0
1065 6951.0 847.94
1092 4893.0 264.72
1090 8240.0 958.25
1116 5423.0 731.92
1066 1913.0 386.42
1093 9074.0 376.49
1091 6319.0 486.22
1117 9082.0 416.5
1067 6388.0 418.12
1094 6662.0 686.5
1092 5512.0 463.44
1118 3111.0 12.25
1068 4692.0 297.76
1095 1944.0 520.21
1093 7834.0 862.0
1119 5245.0 183.67
1069 7125.0 726.71
1096 6167.0 97.25
1094 9825.0 944.63
1120 3308.0 861.46
1070 6341.0 947.54
1097 4519.0 203.61
1095 5639.0 568.34
1121 2443.0 474.62
1071 6703.0 175.89
1098 7805.0 721.86
1096 2615.0 144.55
1122 1352.0 71.92
1072 9198.0 656.94
1099 4997.0 333.1
1097 4853.0 139.52
1123 8595.0 882.09
1073 5232.0 958.49
1100 6159.0 75.62
1098 1918.0 791.75
1124 2298.0 315.03
1074 2328.0 121.01
1099 4510.0 395.03
1125 3469.0 301.0
1075 4290.0 784.81
1102 6191.0 512.36
1126 2387.0 556.09
1076 2010.0 739.57
1103 9720.0 155.22
1101 376.0 194.92
1127 8956.0 270.46
1077 5389.0 299.24
1104 8987.0 730.1
1102 9969.0 893.28
1128 9365.0 575.4
1078 9880.0 345.21
1105 9147.0 387.71
1103 5995.0 329.9
1129 7116.0 346.7
1079 8341.0 409.04
1106 6761.0 156.34
1104 1342.0 956.37
1130 4058.0 306.53
1080 361.0 771.31
1107 6784.0 659.59
1105 7933.0 380.31
1131 7493.0 114.78
1081 6380.0 469.45
1108 6840.0 847.05
1106 6366.0 378.29
1132 9119.0 585.94
1082 2866.0 22.54
1109 6157.0 194.33
1107 7817.0 940.36
1133 2948.0 769.13
1083 7046.0 925.15
1110 3779.0 50.73
1108 9322.0 888.24
1134 3788.0 702.06
1084 9505.0 488.75
1111 1296.0 335.49
1109 19.0 384.86
1135 7344.0 643.59
1085 4979.0 746.09
1112 5464.0 629.25
1110 1209.0 479.08
1136 5882.0 650.71
1086 3883.0 198.22
1113 8544.0 913.39
1111 5034.0 637.37
1137 7611.0 983.69
1087 7166.0 140.38
1114 809.0 864.04
1112 2727.0 511.39
1138 9979.0 128.41
1088 8880.0 254.52
1115 7120.0 668.59
1113 1988.0 951.0
1139 1215.0 838.92
1089 467.0 732.92
1116 6800.0 121.71
1114 8062.0 623.14
1140 338.0 230.43
1090 4785.0 751.14
1117 8906.0 195.33
1115 6801.0 353.98
1141 9948.0 830.48
1091 7521.0 42.37
1118 3448.0 359.34
1116 6521.0 772.48
1142 344.0 83.7
1092 61.0 505.09
1119 7625.0 469.0
1117 3788.0 576.51
1143 920.0 863.26
1093 8066.0 380.65
1120 3237.0 125.27
1118 2942.0 10.39
1144 7984.0 64.43
1094 4527.0 974.55
1121 4993.0 841.29
1119 7468.0 958.63
1145 3501.0 435.15
1095 3632.0 704.44
1122 6869.0 318.45
1120 7314.0 574.34
1146 2462.0 494.57
1096 64.0 337.99
1123 6452.0 713.96
1121 8586.0 568.11
1147 5843.0 555.21
1097 8644.0 696.66
1124 8200.0 891.12
1122 3618.0 478.52
1148 5232.0 358.09
1098 7836.0 264.98
1125 1480.0 254.84
1123 6038.0 490.58
1149 7912.0 87.58
1099 6552.0 919.95
1124 375.0 310.84
1150 2341.0 837.08
1100 3565.0 983.78
1127 660.0 451.33
1151 6114.0 675.24
1101 5261.0 134.21
1128 1064.0 494.51
1126 7311.0 555.98
1152 7949.0 220.78
1102 2539.0 234.4
1129 3814.0 879.7
1127 1996.0 580.75
1153 2860.0 530.45
1103 6602.0 850.82
1130 9276.0 871.06
1128 783.0 73.95
1154 5562.0 734.12
1104 102.0 379.71
1131 2130.0 993.22
1129 5570.0 126.98
1155 1606.0 889.84
1105 2123.0 707.23
1132 5117.0 628.18
1130 2178.0 877.26
1156 183.0 354.51
1106 638.0 34.76
1133 8750.0 391.44
1131 361.0 736.55
1157 4356.0 914.05
1107 3073.0 964.99
1134 719.0 846.55
1132 1831.0 841.11
1158 4494.0 74.88
1108 5520.0 563.28
1135 1646.0 299.72
1133 7933.0 79.91
1159 7275.0 287.17
1109 1959.0 742.68
1136 6088.0 667.59
1134 7340.0 434.59
1160 3542.0 157.79
1110 1942.0 575.43
1137 5177.0 643.5
1135 8832.0 348.38
1161 353.0 395.6
1111 1348.0 964.13
1138 7302.0 363.2
1136 4501.0 539.21
1162 3742.0 950.75
1112 2504.0 475.99
1139 2319.0 697.56
1137 8742.0 915.44
1163 1420.0 426.16
1113 4304.0 115.12
1140 1825.0 919.5
1138 2652.0 225.63
1164 369.0 641.74
1114 298.0 134.68
1141 6529.0 125.84
1139 6451.0 375.05
1165 581.0 509.27
1115 4223.0 899.97
1142 2367.0 839.84
1140 2669.0 213.23
1166 5379.0 98.8
1116 1453.0 223.67
1143 1347.0 236.49
1141 3849.0 701.93
1167 5211.0 675.92
1117 1273.0 689.71
1144 5653.0 808.72
1142 8738.0 11.6
1168 3749.0 804.66
1118 2819.0 577.0
1145 407.0 218.36
1143 4286.0 898.09
1169 8450.0 590.76
1119 9692.0 701.66
1146 5255.0 802.35
1144 2677.0 399.43
1170 4207.0 273.89
1120 2099.0 438.33
1147 1654.0 283.37
1145 9007.0 82.44
1171 3514.0 342.77
1121 3699.0 787.11
1148 5319.0 181.89
1146 1127.0 87.66
1172 2062.0 536.36
1122 8905.0 462.49
1149 2229.0 65.03
1147 7332.0 675.76
1173 1271.0 917.51
1123 2561.0 748.55
1150 3864.0 283.23
1148 5134.0 283.74
1174 6431.0 18.53
1124 18.0 705.53
1149 828.0 739.74
1175 2369.0 862.1
1125 5768.0 789.3
1152 7624.0 489.31
1176 2593.0 934.66
1126 3658.0 566.54
1153 3705.0 99.33
1151 1781.0 91.86
1177 3304.0 790.69
1127 3891.0 588.02
1154 2685.0 214.86
1152 5639.0 290.38
1178 7474.0 739.01
1128 6516.0 88.82
1155 9546.0 28.34
1153 1512.0 960.1
1179 709.0 853.16
1129 3907.0 207.42
1156 1075.0 615.48
1154 1531.0 736.78
1180 1237.0 192.49
1130 2182.0 8.18
1157 9040.0 985.62
1155 6405.0 715.28
1181 5496.0 611.61
1131 5951.0 996.96
1158 7064.0 370.65
1156 9786.0 754.22
1182 8660.0 639.48
1132 9382.0 233.76
1159 133.0 553.95
1157 557.0 22.97
1183 9623.0 560.8
1133 7057.0 225.87
1160 6584.0 395.45
1158 4302.0 593.69
1184 2246.0 86.14
1134 5581.0 963.27
1161 54.0 348.51
1159 2124.0 472.71
1185 2756.0 331.09
1135 207.0 58.84
1162 5453.0 616.28
1160 5026.0 768.97
1186 1602.0 747.92
1136 869.0 654.44
1163 9277.0 546.34
1161 7274.0 824.25
1187 7821.0 542.06
1137 8557.0 131.95
1164 6961.0 93.22
1162 9391.0 596.85
1188 6556.0 825.31
1138 3444.0 840.17
1165 4297.0 100.74
1163 2582.0 977.78
1189 2166.0 424.99
1139 6819.0 705.6
1166 1229.0 244.99
1164 4961.0 893.71
1190 7492.0 490.16
1140 5362.0 346.12
1167 2903.0 920.14
1165 5381.0 2.25
1191 2085.0 587.29
1141 9156.0 270.25
1168 5935.0 625.06
1166 6208.0 511.16
1192 4230.0 507.86
1142 8997.0 280.78
1169 579.0 486.43
1167 7647.0 755.63
1193 4761.0 216.52
1143 3901.0 980.48
1170 5472.0 631.58
1168 5055.0 575.84
1194 397.0 884.98
1144 6327.0 115.76
1171 1447.0 281.58
1169 1639.0 26.01
1195 6374.0 934.5
1145 6074.0 136.12
1172 2351.0 324.96
1170 7031.0 890.84
1196 5274.0 611.64
1146 6750.0 870.23
1173 6691.0 12.11
1171 4575.0 96.51
1197 4832.0 302.44
1147 3488.0 115.4
1174 695.0 480.95
1172 1675.0 885.0
1198 5026.0 434.59
1148 4581.0 680.44
1175 7526.0 615.06
1173 8635.0 273.03
1199 4346.0 368.18
1149 9626.0 451.48
1174 5598.0 143.45
1200 6529.0 926.09
1150 7375.0 809.51
1177 7301.0 907.55
1201 5876.0 115.6
1151 1429.0 300.25
1178 514.0 151.85
1176 1322.0 348.4
1202 4599.0 907.22
1152 4538.0 67.97
1179 7996.0 106.02
1177 6360.0 896.79
1203 9857.0 975.25
1153 7561.0 693.99
1180 5888.0 435.88
1178 4641.0 795.99
1204 3430.0 480.77
1154 6217.0 666.72
1181 6759.0 702.13
1179 7144.0 588.4
1205 8076.0 936.36
1155 5313.0 213.68
1182 2721.0 257.56
1180 859.0 2.87
1206 4902.0 680.38
1156 378.0 692.17
1183 548.0 539.84
1181 2187.0 419.61
1207 9234.0 709.62
1157 3914.0 593.18
1184 5691.0 324.31
1182 600.0 645.85
1208 3176.0 28.82
1158 2086.0 947.98
1185 7283.0 996.1
1183 3982.0 667.24
1209 9666.0 323.83
1159 8632.0 414.51
1186 1791.0 958.86
1184 3125.0 675.59
1210 2071.0 301.68
1160 5404.0 404.58
1187 2839.0 466.84
1185 6004.0 723.15
1211 458.0 734.42
1161 8716.0 210.65
1188 8910.0 308.67
1186 3546.0 222.21
1212 9943.0 6.3
1162 4134.0 775.44
1189 4575.0 598.66
1187 6686.0 480.96
1213 2682.0 49.79
1163 8932.0 127.44
1190 3410.0 665.49
1188 9550.0 517.22
1214 9149.0 833.11
1164 5219.0 665.32
1191 2419.0 792.03
1189 423.0 20.26
1215 4455.0 745.24
1165 251.0 603.31
1192 7433.0 38.79
1190 2923.0 429.19
1216 9508.0 177.51
1166 4145.0 477.61
1193 9186.0 943.04
1191 6071.0 44.63
1217 5484.0 313.07
1167 8771.0 320.34
1194 3475.0 430.81
1192 5473.0 978.44
1218 4022.0 781.69
1168 3763.0 770.63
1195 3793.0 907.08
1193 3595.0 951.5
1219 5684.0 498.68
1169 5430.0 999.11
1196 8854.0 759.35
1194 1967.0 653.56
1220 1268.0 629.77
1170 7700.0 13.14
1197 5760.0 378.43
1195 3582.0 808.94
1221 8049.0 966.84
1171 6865.0 198.05
1198 8760.0 437.22
1196 583.0 455.21
1222 1216.0 303.09
1172 5453.0 918.08
1199 4565.0 454.3
1197 4026.0 288.17
1223 5715.0 588.76
1173 4785.0 896.51
1200 7284.0 742.03
1198 1125.0 950.01
1224 7629.0 450.45
1174 1830.0 296.64
1199 8833.0 120.44
1225 3144.0 347.75
1175 5172.0 87.98
1202 673.0 613.06
1226 8723.0 278.1
1176 5869.0 164.06
1203 7929.0 246.36
1201 1887.0 141.61
1227 4262.0 750.19
1177 4069.0 32.54
1204 2180.0 420.18
1202 5895.0 59.75
1228 5457.0 657.99
1178 1172.0 154.33
1205 8431.0 643.46
1203 3226.0 960.34
1229 6978.0 786.74
1179 8124.0 227.79
1206 2266.0 231.77
1204 4752.0 517.88
1230 5286.0 793.24
1180 4635.0 455.79
1207 6003.0 538.15
1205 2008.0 127.39
1231 6574.0 348.74
1181 4736.0 351.99
1208 1105.0 496.95
1206 8450.0 734.52
1232 9227.0 90.24
1182 3796.0 315.83
1209 3972.0 169.66
1207 3904.0 727.05
1233 6441.0 116.16
1183 3062.0 242.0
1210 2053.0 389.48
1208 4033.0 36.44
1234 132.0 223.24
1184 3634.0 985.89
1211 203.0 29.07
1209 1446.0 790.95
1235 9057.0 561.68
1185 394.0 69.41
1212 8038.0 107.24
1210 9125.0 325.06
1236 3721.0 642.65
1186 2334.0 629.18
1213 8918.0 907.02
1211 8324.0 272.01
1237 656.0 643.68
1187 5419.0 125.7
1214 4944.0 574.52
1212 8636.0 395.07
1238 7361.0 312.22
1188 4115.0 463.83
1215 1725.0 907.6
1213 3559.0 982.58
1239 1318.0 850.68
1189 2770.0 23.52
1216 449.0 349.25
1214 5690.0 76.04
1240 4247.0 391.2
1190 2068.0 782.88
1217 2993.0 512.95
1215 7457.0 354.56
1241 6099.0 18.77
1191 2912.0 299.85
1218 5022.0 602.07
1216 2217.0 435.61
1242 1594.0 862.52
1192 2775.0 457.1
1219 7668.0 704.49
1217 9853.0 674.8
1243 1939.0 375.74
1193 6527.0 775.33
1220 7579.0 543.14
1218 9217.0 583.7
1244 4158.0 282.16
1194 5584.0 709.55
1221 6975.0 993.94
1219 6409.0 180.12
1245 4016.0 294.74
1195 381.0 467.94
1222 8804.0 795.53
1220 7311.0 467.18
1246 3834.0 107.51
1196 9969.0 588.6
1223 6535.0 117.25
1221 3757.0 694.17
1247 3847.0 276.21
1197 7862.0 303.53
1224 3217.0 913.36
1222 3715.0 236.31
1248 1512.0 114.75
1198 8577.0 830.64
1225 6737.0 889.94
1223 6441.0 668.22
1249 28.0 221.39
1199 4107.0 197.26
1224 4989.0 313.79
1250 5816.0 908.64
1200 9836.0 897.78
1227 2931.0 847.43
1201 8801.0 501.16
1228 4712.0 456.4
1226 231.0 497.47
1202 7981.0 851.43
1229 6799.0 744.51
1227 8321.0 908.59
1203 9943.0 273.7
1230 6368.0 748.52
1228 6506.0 277.17
1204 7342.0 507.1
1231 4814.0 52.47
1229 5944.0 325.47
1205 9395.0 345.17
1232 3611.0 239.37
1230 5758.0 733.57
1206 5100.0 587.32
1233 3322.0 976.21
1231 3276.0 714.28
1207 8994.0 956.38
1234 715.0 840.77
1232 9844.0 334.87
1208 9427.0 804.08
1235 696.0 146.83
1233 7563.0 803.38
1209 7480.0 726.79
1236 4245.0 918.7
1234 2954.0 563.56
1210 6066.0 846.3
1237 8290.0 41.4
1235 3643.0 281.46
1211 9467.0 54.94
1238 5180.0 186.59
1236 3575.0 754.58
1212 5089.0 677.47
1239 8783.0 197.21
1237 8206.0 509.29
1213 841.0 634.62
1240 3183.0 514.66
1238 4539.0 486.1
1214 3777.0 484.89
1241 9726.0 322.6
1239 9125.0 702.74
1215 8615.0 847.87
1242 3135.0 377.28
1240 9338.0 377.18
1216 1219.0 882.27
1243 7326.0 293.83
1241 9877.0 909.47
1217 1625.0 888.6
1244 6929.0 433.54
1242 4008.0 516.35
1218 2429.0 642.55
1245 3465.0 970.59
1243 736.0 233.17
1219 4597.0 980.11
1246 6887.0 578.25
1244 475.0 546.19
1220 3393.0 511.0
1247 6254.0 116.36
1245 9540.0 535.58
1221 1121.0 45.06
1248 7576.0 442.15
1246 5725.0 991.72
1222 1791.0 408.31
1249 8991.0 982.07
1247 7535.0 808.49
1223 6929.0 808.3
1250 8632.0 807.5
1248 7014.0 833.92
1224 3505.0 142.46
1249 1479.0 264.14
1225 8747.0 698.05
1
1250
1 1 4.29 0.0 28.29
28 170 5.62 8840.42 8886.88 189 1.55 6875.54 6914.06 213 4.32 6706.46 6744.45 235 8.89 12286.55 12322.77 249 1.58 9814.54 9861.11 304 7.16 11733.2 11786.07 358 4.8 11797.0 11835.09 376 3.27 6722.64 6781.29 381 4.61 11633.51 11693.68 411 4.53 7747.43 7801.08 449 6.36 11409.8 11464.79 450 7.29 12771.95 12808.75 527 2.46 7964.13 8010.69 742 4.67 13846.66 13887.1 767 7.29 13266.37 13327.21 823 5.06 14886.26 14925.72 1000 5.23 17567.52 17623.61 1077 9.87 17655.23 17717.65 1114 6.78 18228.46 18268.55 1119 8.26 18537.98 18578.09 1124 5.64 18212.19 18249.47 1125 9.36 19091.62 19153.64 1127 6.82 18322.42 18375.12 1130 7.77 18005.59 18041.65 1149 8.05 18139.69 18183.69 1160 6.9 18812.4 18870.36 1181 1.2 18934.72 18973.94 1189 8.75 19151.18 19194.84
18 74 9.13 9950.0 10003.08 152 7.16 8733.01 8773.84 175 2.58 10411.43 10450.79 469 9.39 10486.43 10522.01 492 6.09 10444.66 10480.4 503 9.09 8141.31 8192.52 551 1.97 9182.03 9234.72 675 6.87 13927.11 13986.84 766 2.84 13256.77 13311.54 793 2.63 13377.18 13419.7 857 1.14 13838.04 13872.48 866 2.9 15599.74 15659.85 876 8.01 13603.19 13644.72 929 7.69 14882.66 14923.48 1051 1.71 17417.48 17461.72 1132 2.18 18486.09 18529.25 1174 7.35 18159.45 18217.1 1212 4.86 19596.09 19638.61
8 12 6.76 13672.02 13712.74 416 7.78 11157.18 11198.31 872 7.69 15797.0 15849.3 881 9.97 13836.75 13876.31 935 9.79 15432.94 15477.75 1075 2.32 19385.83 19450.72 1094 4.15 18352.55 18396.19 1126 1.83 18100.31 18143.78
18 8 1.41 16480.87 16519.51 11 6.64 14654.55 14714.7 161 2.74 13593.29 13647.83 427 8.39 13398.98 13440.88 448 1.78 14033.65 14089.7 659 6.14 16216.97 16253.67 687 6.49 16428.41 16469.47 696 8.58 15549.63 15615.33 733 3.9 16602.35 16667.41 775 8.23 16841.88 16898.72 890 6.59 17773.89 17819.11 923 6.61 17305.82 17341.52 955 9.27 15204.05 15248.97 967 1.44 17729.4 17777.99 1060 4.12 17635.49 17698.5 1098 5.08 19160.92 19196.27 1116 1.55 19795.26 19860.01 1199 1.62 19897.06 19937.18
18 29 3.6 17547.32 17605.17 134 8.19 14505.22 14547.74 178 7.12 16673.17 16716.73 276 5.54 15617.28 15653.96 435 7.31 15625.46 15659.12 513 8.06 17250.69 17303.85 689 2.31 17596.29 17632.8 813 1.25 18667.76 18734.07 964 3.55 18023.36 18067.12 971 9.04 18441.17 18496.78 984 5.17 17435.55 17477.29 1062 5.67 17711.44 17758.86 1068 5.24 19216.53 19268.74 1099 9.71 19491.18 19542.39 1112 1.81 18496.84 18536.37 1173 1.44 20179.62 20242.28 1197 3.28 20770.68 20807.59 1241 4.37 20635.28 20672.49
18 193 2.65 18680.28 18735.46 263 5.16 18204.82 18251.67 314 5.25 17666.83 17705.86 414 9.16 17347.56 17396.08 432 5.53 17844.98 17887.15 500 7.59 21624.82 21680.33 605 8.47 20658.42 20708.43 633 3.55 20522.29 20568.15 704 1.99 21303.15 21343.03 750 8.53 20959.9 20997.33 790 5.33 18870.71 18922.82 871 7.74 19296.18 19335.65 921 9.11 18637.7 18685.97 1027 5.33 20220.79 20255.39 1046 6.74 20183.01 20225.42 1088 1.5 18284.65 18350.33 1227 7.24 23375.24 23408.58 1240 1.05 21003.89 21066.96
18 5 2.39 24151.45 24187.75 176 6.07 22913.09 22948.77 196 1.82 20224.98 20280.92 325 1.7 22311.79 22370.55 328 5.76 20000.5 20048.4 407 7.74 18435.83 18475.56 487 7.95 19805.66 19855.88 560 3.02 21033.25 21082.95 730 2.99 22184.32 22236.43 906 9.35 21637.58 21682.57 924 1.13 20410.52 20473.86 934 1.79 21213.07 21263.1 953 2.17 21424.83 21474.03 974 7.7 21110.38 21157.71 1024 1.82 21028.08 21066.88 1061 2.6 19102.41 19136.34 1115 8.81 19875.97 19929.18 1157 3.24 21195.53 21260.62
18 125 6.55 21782.81 21822.49 146 6.0 21166.63 21219.43 236 8.12 21780.09 21830.03 349 7.2 22793.09 22827.08 412 9.08 19688.51 19732.49 464 3.72 21123.89 21163.17 468 2.25 21793.24 21853.99 491 7.15 21365.01 21399.52 537 6.76 20598.49 20653.23 549 4.21 23756.6 23812.43 568 8.83 23149.57 23208.38 649 5.47 24476.27 24511.2 821 4.71 22318.08 22383.3 903 2.41 22206.86 22256.54 1049 4.3 21918.68 21960.57 1082 1.61 21780.38 21836.92 1117 1.58 20200.09 20256.76 1120 9.96 21149.5 21214.54
18 121 2.46 22029.95 22094.1 173 2.42 22075.67 22125.07 225 6.29 22882.38 22920.41 330 5.55 22290.4 22343.78 390 7.87 21505.28 21548.49 398 6.0 23579.51 23621.37 540 3.38 22261.54 22296.92 552 9.79 24292.92 24351.2 593 9.62 23571.68 23623.21 630 1.96 24907.79 24967.62 711 6.66 25046.48 25084.16 776 4.25 25183.59 25216.98 782 7.53 25353.83 25415.69 836 1.49 25451.05 25516.14 1122 3.52 22239.21 22282.42 1131 9.02 22289.03 22330.14 1159 8.63 23339.29 23389.38 1164 4.44 21978.73 22042.05
18 23 2.09 24117.91 24168.91 97 1.79 22310.82 22347.38 130 3.66 26726.09 26784.74 273 5.91 24003.68 24058.55 288 5.32 23537.74 23574.21 346 7.07 23890.26 23939.18 377 1.91 23381.96 23432.82 393 2.56 22320.44 22360.31 493 4.19 23008.42 23050.36 591 6.67 22734.38 22797.51 674 7.71 25430.95 25472.23 731 9.82 26401.47 26467.78 797 1.93 26499.47 26551.82 873 5.59 26083.94 26144.46 928 7.88 25296.01 25347.04 1017 2.63 24272.04 24305.51 1158 6.35 23389.42 23436.79 1202 6.67 25344.24 25409.46
18 3 7.28 28409.01 28472.27 38 8.33 26215.86 26262.46 42 9.72 24510.88 24566.6 183 2.89 26682.98 26745.87 296 6.74 24800.59 24849.69 425 4.0 25374.23 25423.49 516 8.11 23805.27 23845.83 606 6.04 27280.78 27337.96 627 9.86 27882.97 27934.58 693 6.25 24752.86 24812.56 697 2.12 26217.69 26270.25 770 6.35 26088.89 26129.01 880 9.22 26870.44 26917.43 980 5.93 26624.46 26687.95 993 8.93 25108.78 25160.21 1081 9.85 24686.53 24723.22 1106 7.98 24418.31 24476.67 1136 6.26 25067.09 25123.49
18 46 6.35 26968.25 27034.26 71 6.92 26680.53 26732.89 334 7.92 28464.89 28499.67 402 4.22 28635.97 28672.72 511 2.61 25971.78 26015.66 515 9.29 24045.12 24087.46 535 5.14 26816.33 26863.23 557 9.75 28148.3 28208.29 564 8.91 25158.37 25208.95 587 4.54 25665.4 25712.96 608 8.55 27767.09 27829.65 714 5.01 27170.69 27217.5 801 2.88 29076.31 29142.31 911 4.97 27412.02 27465.95 952 2.13 27148.24 27200.3 957 4.71 26258.94 26295.14 1074 9.3 27448.41 27495.76 1108 2.05 25165.42 25226.98
18 82 1.57 31300.83 31338.89 100 5.06 28157.9 28201.75 150 5.61 28652.18 28696.18 151 7.4 31946.22 32004.85 159 1.93 29956.33 29996.29 186 6.62 28812.95 28876.59 430 4.03 28051.37 28103.15 615 8.36 25478.28 25524.21 618 2.24 26778.38 26831.77 620 3.39 27657.93 27709.82 703 2.48 29847.62 29902.84 705 4.4 29126.81 29178.29 721 7.96 27748.77 27800.55 938 5.42 28367.05 28408.74 1089 7.34 26808.84 26871.16 1146 6.88 29484.05 29530.63 1147 6.12 29391.17 29448.2 1216 5.57 28748.87 28809.79
18 61 5.26 31662.04 31698.35 96 5.32 29941.09 29991.15 218 8.25 30720.43 30785.72 226 1.27 31607.81 31653.61 279 3.73 29592.8 29643.78 299 6.49 31021.36 31086.34 495 6.89 27235.57 27302.16 505 5.26 29376.78 29411.16 604 1.75 30101.56 30153.59 661 2.4 27927.86 27967.05 672 5.29 28711.79 28767.29 698 8.06 28254.06 28312.77 699 5.43 28308.86 28371.6 723 4.8 28040.66 28103.99 818 6.7 28465.17 28509.9 951 8.24 32113.03 32158.11 970 5.47 30236.17 30291.77 1215 3.58 29107.0 29171.92
18 79 7.08 33729.99 33780.82 123 4.71 30393.48 30431.82 164 7.92 31830.64 31869.28 237 8.34 31242.64 31282.39 243 9.94 30488.92 30545.85 284 2.37 31336.78 31398.06 455 5.21 30381.19 30425.64 520 6.97 28080.66 28115.42 586 8.64 28997.91 29049.49 623 7.35 28780.61 28814.56 650 6.11 28807.95 28871.72 676 8.41 31481.55 31531.81 810 4.47 30708.82 30760.16 824 9.97 29214.84 29261.08 832 1.9 31474.56 31537.95 855 2.91 32336.89 32387.52 1007 3.73 33639.08 33673.6 1193 3.91 30748.83 30799.09
18 107 7.55 34315.05 34356.36 230 5.72 33001.96 33037.64 252 6.39 33171.89 33207.33 327 1.36 31610.83 31658.52 356 4.73 32325.24 32374.42 361 3.89 32555.5 32619.99 374 6.65 31231.14 31291.73 422 1.35 30432.18 30488.45 440 7.2 30235.88 30276.14 482 3.09 30777.9 30816.01 541 3.88 30665.16 30701.09 822 9.3 30512.51 30577.12 909 1.21 31896.27 31962.04 1010 2.66 34409.0 34444.52 1066 5.16 33170.67 33231.83 1110 9.65 34895.02 34940.58 1185 9.55 33855.93 33901.96 1203 7.45 37388.46 37435.83
18 214 7.1 33487.44 33540.61 242 1.77 32700.93 32736.53 260 6.37 33743.4 33805.39 316 2.96 32161.17 32194.67 340 1.38 31783.21 31818.52 413 8.89 31040.24 31097.39 433 2.88 31880.92 31942.45 518 4.41 31332.65 31367.58 548 7.51 31874.24 31917.27 585 1.06 32509.61 32568.43 598 4.62 33077.94 33126.14 658 1.43 33692.13 33736.69 709 3.63 35018.88 35065.31 726 5.1 35609.67 35663.15 918 5.15 31890.22 31949.28 996 3.55 33140.63 33199.93 1211 9.93 34198.56 34239.93 1217 9.47 35947.3 36004.69
18 69 5.47 36136.97 36177.78 104 1.82 36650.1 36699.13 127 8.15 36806.67 36844.45 136 9.35 35056.97 35095.25 291 5.59 32299.52 32339.04 294 3.03 34178.0 34227.32 481 3.37 32673.44 32720.59 514 1.71 32762.76 32822.61 544 1.55 31993.66 32050.8 638 4.4 35078.45 35135.21 652 7.48 35361.7 35395.36 683 4.78 33899.84 33960.92 773 3.6 33813.14 33872.18 844 8.97 33223.24 33270.85 960 3.37 34597.07 34634.8 1057 1.72 36813.57 36853.52 1143 4.9 35430.97 35494.59 1213 7.32 34798.17 34842.99
18 120 5.81 36440.32 36479.49 143 6.68 35429.72 35488.89 172 5.18 35752.44 35809.97 192 4.38 34002.88 34050.43 209 8.52 34854.69 34914.0 301 7.4 35112.74 35176.96 383 5.85 34071.73 34123.96 439 6.42 34129.86 34167.42 473 3.86 33820.32 33886.7 512 8.3 34307.94 34358.74 554 3.05 34252.58 34290.63 567 1.96 33003.27 33037.35 745 4.09 34830.49 34879.07 877 7.42 37368.02 37432.64 913 1.85 36745.58 36804.77 1040 1.67 36488.35 36544.79 1139 8.91 36188.58 36247.41 1140 4.11 35930.85 35987.67
18 33 1.41 38317.74 38357.81 48 8.7 38034.99 38077.27 76 5.8 38467.38 38522.41 78 2.7 38209.94 38251.72 149 9.31 36993.78 37035.86 238 8.57 35344.08 35400.21 335 1.5 36018.34 36065.47 504 5.13 35847.96 35905.68 517 9.14 34561.52 34594.87 611 2.52 35897.24 35957.8 612 8.25 35800.35 35859.32 660 4.17 37038.44 37085.42 757 6.3 37871.7 37915.99 820 1.67 35765.13 35830.44 851 7.83 38332.16 38368.99 886 7.88 38236.0 38269.56 981 4.36 39486.39 39532.4 997 9.78 38217.23 38253.92
1 1250 8.97 42366.34 42428.48
