625 2400 0 1 22
2
3
3
3
3
3
3
3
3
3
3
3
3
3
3
3
3
3
3
3
3
3
3
3
2
3
4
4
4
4
4
4
4
4
4
4
4
4
4
4
4
4
4
4
4
4
4
4
4
3
3
4
4
4
4
4
4
4
4
4
4
4
4
4
4
4
4
4
4
4
4
4
4
4
3
3
4
4
4
4
4
4
4
4
4
4
4
4
4
4
4
4
4
4
4
4
4
4
4
3
3
4
4
4
4
4
4
4
4
4
4
4
4
4
4
4
4
4
4
4
4
4
4
4
3
3
4
4
4
4
4
4
4
4
4
4
4
4
4
4
4
4
4
4
4
4
4
4
4
3
3
4
4
4
4
4
4
4
4
4
4
4
4
4
4
4
4
4
4
4
4
4
4
4
3
3
4
4
4
4
4
4
4
4
4
4
4
4
4
4
4
4
4
4
4
4
4
4
4
3
3
4
4
4
4
4
4
4
4
4
4
4
4
4
4
4
4
4
4
4
4
4
4
4
3
3
4
4
4
4
4
4
4
4
4
4
4
4
4
4
4
4
4
4
4
4
4
4
4
3
3
4
4
4
4
4
4
4
4
4
4
4
4
4
4
4
4
4
4
4
4
4
4
4
3
3
4
4
4
4
4
4
4
4
4
4
4
4
4
4
4
4
4
4
4
4
4
4
4
3
3
4
4
4
4
4
4
4
4
4
4
4
4
4
4
4
4
4
4
4
4
4
4
4
3
3
4
4
4
4
4
4
4
4
4
4
4
4
4
4
4
4
4
4
4
4
4
4
4
3
3
4
4
4
4
4
4
4
4
4
4
4
4
4
4
4
4
4
4
4
4
4
4
4
3
3
4
4
4
4
4
4
4
4
4
4
4
4
4
4
4
4
4
4
4
4
4
4
4
3
3
4
4
4
4
4
4
4
4
4
4
4
4
4
4
4
4
4
4
4
4
4
4
4
3
3
4
4
4
4
4
4
4
4
4
4
4
4
4
4
4
4
4
4
4
4
4
4
4
3
3
4
4
4
4
4
4
4
4
4
4
4
4
4
4
4
4
4
4
4
4
4
4
4
3
3
4
4
4
4
4
4
4
4
4
4
4
4
4
4
4
4
4
4
4
4
4
4
4
3
3
4
4
4
4
4
4
4
4
4
4
4
4
4
4
4
4
4
4
4
4
4
4
4
3
3
4
4
4
4
4
4
4
4
4
4
4
4
4
4
4
4
4
4
4
4
4
4
4
3
3
4
4
4
4
4
4
4
4
4
4
4
4
4
4
4
4
4
4
4
4
4
4
4
3
3
4
4
4
4
4
4
4
4
4
4
4
4
4
4
4
4
4
4
4
4
4
4
4
3
2
3
3
3
3
3
3
3
3
3
3
3
3
3
3
3
3
3
3
3
3
3
3
3
2
2 6752.0 40.53
26 7229.0 597.9
3 6387.0 542.74
1 603.0 58.1
27 3125.0 631.9
4 6550.0 424.15
2 487.0 842.42
28 6849.0 906.4
5 5479.0 423.73
3 4397.0 655.87
29 4612.0 930.5
6 7872.0 345.04
4 3473.0 255.36
30 5395.0 445.23
7 5887.0 790.4
5 6725.0 695.72
31 7125.0 558.12
8 4514.0 288.14
6 4877.0 146.67
32 6384.0 579.68
9 6707.0 564.99
7 778.0 147.27
33 5611.0 151.02
10 5526.0 20.91
8 5924.0 554.85
34 7422.0 687.64
11 2589.0 388.76
9 6317.0 928.86
35 6759.0 180.61
12 9538.0 190.72
10 6008.0 476.69
36 5429.0 257.83
13 489.0 980.43
11 6977.0 985.49
37 2034.0 160.38
14 5090.0 670.4
12 9573.0 768.0
38 3302.0 838.34
15 6567.0 173.38
13 7879.0 130.9
39 6712.0 317.41
16 9376.0 882.98
14 1551.0 400.4
40 277.0 418.46
17 4949.0 516.42
15 2271.0 495.55
41 5158.0 116.32
18 6153.0 758.12
16 4178.0 144.75
42 5483.0 214.86
19 785.0 196.01
17 478.0 596.32
43 7797.0 843.12
20 6149.0 864.03
18 125.0 529.98
44 8133.0 540.74
21 5034.0 533.53
19 1030.0 116.9
45 242.0 950.32
22 4101.0 797.76
20 1932.0 279.07
46 2054.0 553.55
23 5874.0 302.15
21 5267.0 3.74
47 6518.0 70.79
24 4299.0 199.0
22 5630.0 48.25
48 2838.0 414.12
25 8745.0 892.44
23 9380.0 408.91
49 5191.0 773.26
24 9879.0 693.48
50 9251.0 76.04
27 4577.0 6.63
51 9934.0 275.28
1 1736.0 673.87
28 1874.0 903.5
26 9867.0 331.09
52 8645.0 227.4
2 844.0 803.58
29 9839.0 601.35
27 9694.0 748.27
53 18.0 665.6
3 1662.0 155.37
30 1667.0 605.38
28 8183.0 486.16
54 555.0 49.98
4 4925.0 685.0
31 328.0 712.7
29 7719.0 737.9
55 5183.0 564.7
5 2715.0 335.73
32 3460.0 997.02
30 6336.0 839.92
56 5036.0 851.37
6 1762.0 662.46
33 1212.0 785.64
31 7488.0 805.18
57 6958.0 405.65
7 1811.0 801.6
34 4380.0 626.36
32 5515.0 97.53
58 5576.0 831.4
8 6892.0 570.51
35 8417.0 600.14
33 2172.0 454.23
59 2327.0 741.2
9 9963.0 375.08
36 6021.0 102.53
34 8681.0 590.64
60 4469.0 969.89
10 5872.0 104.0
37 2276.0 276.73
35 2127.0 645.77
61 5624.0 445.15
11 1864.0 575.36
38 5825.0 687.19
36 8191.0 717.76
62 7505.0 960.39
12 8863.0 775.49
39 3811.0 507.34
37 4818.0 952.16
63 9919.0 104.18
13 2160.0 827.3
40 416.0 487.68
38 6599.0 275.32
64 7691.0 624.27
14 451.0 341.89
41 7730.0 786.24
39 8905.0 71.16
65 9360.0 500.36
15 3249.0 57.53
42 1285.0 404.9
40 9974.0 669.01
66 6043.0 596.73
16 8555.0 487.75
43 3015.0 306.76
41 4759.0 687.33
67 8919.0 37.3
17 5189.0 560.91
44 9026.0 860.6
42 4628.0 105.98
68 9906.0 378.98
18 5419.0 420.18
45 7412.0 966.67
43 9300.0 451.19
69 7911.0 394.21
19 8401.0 454.64
46 7191.0 624.21
44 1617.0 830.79
70 6520.0 255.72
20 6943.0 4.75
47 9173.0 453.04
45 5941.0 596.44
71 9517.0 980.23
21 6140.0 126.43
48 8563.0 331.79
46 5950.0 108.12
72 5691.0 491.99
22 40.0 329.65
49 4278.0 185.01
47 3637.0 648.94
73 40.0 331.71
23 5142.0 702.09
50 7516.0 198.9
48 3531.0 983.37
74 2598.0 95.28
24 3053.0 334.59
49 3488.0 949.97
75 3500.0 126.82
25 8986.0 488.7
52 7053.0 751.81
76 7514.0 574.07
26 4605.0 444.82
53 9455.0 10.24
51 6231.0 650.62
77 9291.0 731.66
27 8412.0 992.92
54 3350.0 589.06
52 3915.0 943.2
78 7830.0 542.58
28 9432.0 331.79
55 9287.0 910.99
53 3233.0 280.84
79 7934.0 647.59
29 6970.0 740.43
56 7595.0 181.55
54 3989.0 680.58
80 8291.0 814.0
30 5001.0 148.53
57 7407.0 619.95
55 9660.0 222.7
81 4372.0 78.05
31 2208.0 696.69
58 593.0 686.73
56 3435.0 503.04
82 9441.0 776.26
32 9867.0 552.82
59 800.0 461.85
57 4781.0 822.85
83 2201.0 206.36
33 1865.0 444.57
60 6250.0 575.66
58 471.0 609.22
84 6463.0 454.36
34 4599.0 908.13
61 5754.0 405.28
59 5023.0 738.37
85 4759.0 938.67
35 329.0 269.85
62 3607.0 228.63
60 5577.0 261.0
86 3963.0 842.64
36 8641.0 811.07
63 8500.0 908.54
61 9994.0 955.69
87 1862.0 685.84
37 9797.0 357.16
64 2399.0 665.53
62 4190.0 924.23
88 7192.0 10.53
38 4421.0 35.25
65 6857.0 924.92
63 6615.0 703.76
89 3477.0 596.37
39 4513.0 466.51
66 8709.0 557.41
64 9567.0 897.81
90 9900.0 997.07
40 5094.0 453.59
67 1035.0 782.35
65 6208.0 926.83
91 2568.0 791.42
41 9055.0 918.07
68 2453.0 660.43
66 5773.0 554.25
92 9672.0 143.03
42 4780.0 749.77
69 2726.0 789.6
67 7400.0 476.86
93 1047.0 321.41
43 8209.0 477.47
70 1771.0 282.5
68 2408.0 902.23
94 1025.0 602.06
44 2613.0 340.83
71 6565.0 400.41
69 3413.0 785.3
95 6433.0 912.4
45 1579.0 456.94
72 5373.0 504.24
70 6615.0 867.55
96 6636.0 391.94
46 6096.0 294.55
73 6166.0 203.63
71 7658.0 480.13
97 717.0 469.96
47 9639.0 506.97
74 3264.0 42.79
72 9708.0 996.67
98 1923.0 637.36
48 9731.0 697.27
75 4351.0 602.62
73 8043.0 664.67
99 9734.0 468.1
49 5363.0 318.85
74 4723.0 666.25
100 1197.0 112.92
50 1756.0 826.4
77 2171.0 122.65
101 8348.0 703.94
51 2951.0 591.44
78 4467.0 53.02
76 2854.0 317.08
102 9561.0 123.23
52 7248.0 317.91
79 6828.0 364.21
77 5433.0 297.06
103 7899.0 608.84
53 5576.0 996.03
80 435.0 898.69
78 8997.0 747.93
104 6920.0 449.79
54 309.0 901.95
81 7053.0 513.74
79 7896.0 209.8
105 3427.0 885.65
55 2584.0 850.92
82 9390.0 26.08
80 1016.0 738.24
106 4342.0 500.19
56 9444.0 94.58
83 8327.0 900.85
81 4891.0 844.83
107 7600.0 638.89
57 6298.0 956.45
84 4633.0 244.31
82 8394.0 432.66
108 7912.0 695.62
58 6058.0 673.31
85 7186.0 582.23
83 8084.0 372.59
109 6876.0 290.6
59 9770.0 50.86
86 7894.0 626.67
84 2042.0 572.99
110 6813.0 320.57
60 5778.0 828.26
87 5358.0 768.12
85 5207.0 609.08
111 6699.0 957.5
61 4986.0 979.41
88 7902.0 237.36
86 7827.0 185.31
112 2224.0 818.27
62 4142.0 546.72
89 9036.0 549.35
87 8232.0 680.52
113 7700.0 340.53
63 457.0 744.23
90 7570.0 834.83
88 8798.0 970.05
114 1531.0 494.48
64 4430.0 947.9
91 8284.0 966.7
89 8456.0 985.93
115 1073.0 415.51
65 9201.0 181.96
92 9110.0 715.33
90 797.0 777.56
116 9802.0 448.63
66 4801.0 510.22
93 4737.0 771.42
91 5145.0 501.13
117 7242.0 610.27
67 5175.0 604.01
94 2133.0 771.79
92 8396.0 427.64
118 6684.0 788.06
68 4482.0 489.17
95 6364.0 1.58
93 9804.0 77.73
119 3088.0 652.02
69 2858.0 167.66
96 6605.0 78.72
94 2034.0 388.27
120 3812.0 242.83
70 9230.0 800.88
97 2541.0 74.35
95 34.0 257.97
121 9671.0 259.05
71 1399.0 732.65
98 7307.0 616.19
96 8757.0 495.94
122 8570.0 964.95
72 4753.0 854.28
99 8491.0 613.17
97 8345.0 718.1
123 8863.0 543.63
73 2376.0 402.36
100 4733.0 994.55
98 4571.0 153.81
124 9485.0 510.2
74 6887.0 568.76
99 6053.0 413.39
125 1120.0 835.1
75 7028.0 132.71
102 5148.0 716.93
126 4270.0 885.15
76 6584.0 615.72
103 7869.0 598.76
101 7169.0 494.73
127 487.0 598.95
77 2783.0 281.98
104 7430.0 431.55
102 4353.0 285.02
128 3142.0 825.01
78 1992.0 979.77
105 8327.0 347.5
103 4623.0 42.87
129 1116.0 505.6
79 9259.0 397.61
106 1279.0 681.46
104 5789.0 29.39
130 6370.0 710.84
80 4310.0 845.91
107 9281.0 468.05
105 5389.0 140.47
131 4298.0 371.83
81 989.0 78.01
108 2689.0 466.02
106 3169.0 979.04
132 2373.0 338.11
82 4183.0 220.3
109 7829.0 89.71
107 1630.0 551.75
133 2959.0 420.07
83 9165.0 956.2
110 7887.0 673.41
108 4758.0 145.5
134 3391.0 143.53
84 5802.0 244.16
111 2283.0 423.12
109 8555.0 981.81
135 5120.0 811.87
85 9739.0 125.09
112 4307.0 364.97
110 6661.0 755.84
136 8740.0 7.51
86 6838.0 557.21
113 5379.0 423.65
111 6816.0 447.07
137 4938.0 931.92
87 1037.0 233.31
114 3805.0 992.19
112 6599.0 724.45
138 5179.0 866.06
88 1861.0 629.76
115 8234.0 131.07
113 1593.0 171.08
139 5070.0 26.88
89 6830.0 475.55
116 2162.0 828.39
114 7370.0 425.6
140 6465.0 339.14
90 4677.0 259.01
117 6298.0 670.04
115 6761.0 382.57
141 1634.0 710.51
91 2747.0 681.16
118 9514.0 625.74
116 5882.0 135.1
142 5503.0 137.35
92 813.0 99.71
119 8004.0 533.83
117 1948.0 300.39
143 5967.0 632.98
93 1929.0 238.65
120 2374.0 234.41
118 5342.0 797.75
144 3616.0 793.64
94 6590.0 783.69
121 8422.0 253.63
119 5986.0 664.49
145 5222.0 979.46
95 4265.0 458.3
122 6224.0 142.87
120 4168.0 180.6
146 2842.0 95.67
96 2663.0 190.27
123 5343.0 39.29
121 8297.0 854.01
147 9642.0 582.27
97 6002.0 680.38
124 2356.0 192.65
122 8610.0 821.19
148 1992.0 191.95
98 7690.0 389.27
125 3279.0 739.74
123 1763.0 448.41
149 2413.0 421.96
99 726.0 846.55
124 6663.0 142.55
150 5845.0 195.01
100 171.0 918.21
127 1572.0 410.59
151 8500.0 372.79
101 7833.0 649.78
128 8795.0 398.28
126 6532.0 741.6
152 1785.0 255.23
102 8527.0 394.56
129 4524.0 739.83
127 3838.0 80.33
153 970.0 512.45
103 3102.0 914.28
130 2535.0 829.41
128 6359.0 26.86
154 954.0 399.46
104 6148.0 646.65
131 6980.0 604.81
129 1734.0 820.63
155 3452.0 48.19
105 2720.0 226.99
132 2994.0 453.82
130 4338.0 195.64
156 969.0 783.69
106 5550.0 413.72
133 4353.0 573.99
131 7895.0 893.55
157 8614.0 839.14
107 9696.0 709.06
134 7641.0 789.63
132 9324.0 140.09
158 464.0 298.87
108 3203.0 358.82
135 6512.0 687.92
133 853.0 320.68
159 6500.0 970.22
109 3707.0 325.89
136 6415.0 563.44
134 3833.0 233.83
160 1492.0 470.42
110 1079.0 112.69
137 9814.0 53.91
135 9231.0 221.9
161 5725.0 87.38
111 9336.0 852.88
138 3258.0 644.22
136 9069.0 834.52
162 6935.0 230.35
112 4198.0 248.9
139 3377.0 444.61
137 8749.0 437.95
163 8163.0 317.93
113 1620.0 750.13
140 5034.0 432.63
138 8868.0 790.75
164 6081.0 885.45
114 3692.0 368.38
141 5697.0 838.11
139 8381.0 377.47
165 295.0 91.23
115 3897.0 682.27
142 8027.0 70.13
140 6597.0 276.15
166 187.0 12.73
116 8739.0 730.44
143 1914.0 848.29
141 8300.0 207.51
167 8103.0 92.64
117 6449.0 295.25
144 2543.0 582.99
142 6674.0 830.96
168 4081.0 181.91
118 1504.0 420.16
145 3390.0 578.1
143 1116.0 318.54
169 6361.0 926.56
119 4944.0 428.87
146 9801.0 788.83
144 708.0 148.63
170 8635.0 359.27
120 5557.0 63.64
147 1945.0 29.28
145 9961.0 545.72
171 6772.0 415.88
121 9828.0 947.77
148 9339.0 499.82
146 1326.0 352.08
172 7857.0 860.14
122 3703.0 121.95
149 1578.0 357.98
147 3195.0 122.53
173 2280.0 976.5
123 6787.0 151.84
150 2938.0 794.24
148 7699.0 91.94
174 5696.0 854.16
124 9140.0 182.13
149 5166.0 269.33
175 8660.0 789.29
125 3370.0 650.94
152 965.0 663.05
176 6544.0 267.61
126 3314.0 4.58
153 7317.0 247.59
151 2431.0 480.53
177 394.0 705.5
127 7272.0 118.34
154 8945.0 462.52
152 4848.0 459.93
178 1313.0 93.98
128 351.0 932.71
155 7840.0 286.91
153 4047.0 456.19
179 987.0 787.1
129 8239.0 890.52
156 3508.0 636.51
154 4838.0 516.85
180 2864.0 563.71
130 3599.0 985.91
157 8257.0 199.79
155 6354.0 543.67
181 4527.0 696.0
131 1502.0 698.99
158 1884.0 301.26
156 187.0 800.5
182 6876.0 857.51
132 2767.0 842.94
159 8673.0 547.22
157 3507.0 41.14
183 4570.0 517.07
133 8360.0 788.72
160 5351.0 92.82
158 6391.0 562.77
184 1030.0 695.94
134 3011.0 100.1
161 9270.0 961.06
159 3323.0 638.42
185 2095.0 627.03
135 8182.0 963.35
162 1492.0 857.12
160 7019.0 164.66
186 4888.0 902.09
136 9006.0 548.19
163 8694.0 681.47
161 1636.0 227.84
187 6417.0 943.47
137 8756.0 994.09
164 5987.0 531.25
162 928.0 290.67
188 1366.0 856.19
138 9836.0 581.66
165 6355.0 324.2
163 4175.0 32.99
189 7340.0 466.98
139 9456.0 671.02
166 310.0 522.64
164 6343.0 434.53
190 9082.0 509.72
140 3865.0 662.82
167 7563.0 759.13
165 801.0 382.14
191 9721.0 59.32
141 5207.0 419.64
168 7312.0 429.5
166 180.0 905.04
192 2472.0 229.41
142 5171.0 618.85
169 1831.0 207.68
167 4921.0 814.15
193 8275.0 546.23
143 4804.0 700.74
170 8124.0 915.58
168 9073.0 384.82
194 1804.0 448.36
144 1431.0 851.93
171 5833.0 40.31
169 5575.0 651.2
195 746.0 704.17
145 7545.0 536.28
172 2607.0 604.55
170 2893.0 831.4
196 6565.0 266.67
146 2565.0 764.96
173 9052.0 944.89
171 1518.0 310.04
197 2286.0 490.09
147 9974.0 619.61
174 3650.0 788.39
172 6930.0 925.43
198 4020.0 739.26
148 8721.0 244.86
175 9353.0 502.39
173 1849.0 507.88
199 3724.0 170.32
149 1375.0 413.05
174 4652.0 752.07
200 5025.0 914.8
150 147.0 667.82
177 2162.0 126.64
201 5328.0 982.64
151 6941.0 870.17
178 9692.0 752.32
176 9891.0 724.84
202 2461.0 973.82
152 2992.0 696.36
179 8336.0 984.67
177 6921.0 403.53
203 657.0 785.11
153 4780.0 461.8
180 1286.0 908.51
178 7078.0 550.15
204 4779.0 935.75
154 5758.0 820.84
181 3254.0 734.4
179 8296.0 932.75
205 5756.0 683.93
155 5082.0 105.99
182 9612.0 260.61
180 8614.0 16.94
206 9720.0 977.72
156 9354.0 857.7
183 4369.0 443.6
181 6038.0 405.42
207 765.0 758.24
157 1855.0 356.43
184 8102.0 830.22
182 1347.0 489.76
208 9904.0 770.25
158 2004.0 281.29
185 4195.0 187.74
183 7265.0 710.48
209 2001.0 64.5
159 8025.0 797.77
186 6566.0 750.2
184 3687.0 429.51
210 34.0 587.24
160 7353.0 463.08
187 9160.0 394.35
185 6151.0 30.04
211 929.0 61.02
161 2975.0 597.22
188 2246.0 798.05
186 430.0 857.55
212 122.0 529.38
162 4321.0 554.03
189 6718.0 418.11
187 2848.0 820.43
213 5770.0 979.37
163 425.0 646.19
190 7685.0 291.4
188 5975.0 323.55
214 5374.0 976.53
164 6591.0 319.49
191 533.0 558.25
189 7560.0 737.52
215 8898.0 807.39
165 9478.0 799.56
192 248.0 73.69
190 1613.0 583.6
216 9680.0 161.59
166 7925.0 661.04
193 8601.0 619.71
191 2085.0 259.89
217 757.0 923.09
167 897.0 576.15
194 8132.0 482.54
192 5495.0 193.27
218 8526.0 54.68
168 5770.0 112.19
195 9836.0 943.89
193 3936.0 649.3
219 9790.0 107.56
169 2404.0 396.89
196 4461.0 349.46
194 7939.0 635.54
220 2628.0 529.92
170 9003.0 726.42
197 7147.0 6.59
195 7423.0 452.88
221 5267.0 951.57
171 735.0 477.34
198 9189.0 69.11
196 853.0 587.67
222 4977.0 154.55
172 9084.0 492.08
199 732.0 500.43
197 9690.0 607.48
223 5643.0 490.47
173 6000.0 143.09
200 5873.0 57.59
198 5734.0 793.85
224 8231.0 519.38
174 6792.0 806.83
199 1424.0 2.35
225 1033.0 488.28
175 7698.0 621.15
202 7156.0 993.66
226 812.0 816.74
176 9685.0 932.54
203 5916.0 226.45
201 3706.0 242.43
227 17.0 336.94
177 2706.0 266.02
204 1660.0 291.02
202 1458.0 782.15
228 2623.0 42.42
178 4048.0 118.52
205 3141.0 568.14
203 4095.0 8.1
229 3499.0 754.06
179 7045.0 221.46
206 5032.0 779.76
204 1074.0 840.16
230 1687.0 920.35
180 9806.0 531.55
207 9999.0 780.07
205 805.0 215.18
231 5730.0 69.59
181 8858.0 999.76
208 5268.0 164.25
206 9151.0 53.07
232 7335.0 923.91
182 3517.0 353.5
209 7535.0 949.01
207 310.0 127.87
233 4541.0 438.31
183 2729.0 418.54
210 6151.0 860.85
208 2338.0 423.06
234 8461.0 665.92
184 3648.0 981.05
211 2867.0 384.65
209 2897.0 290.58
235 4785.0 358.31
185 4279.0 774.16
212 1708.0 522.15
210 2330.0 103.41
236 5798.0 431.5
186 4224.0 451.43
213 5727.0 221.97
211 827.0 68.28
237 9224.0 371.48
187 3093.0 928.45
214 8297.0 621.23
212 9075.0 643.11
238 5075.0 972.93
188 1231.0 469.04
215 2548.0 154.79
213 2982.0 320.12
239 146.0 378.11
189 8507.0 483.76
216 1349.0 623.02
214 2336.0 718.96
240 2807.0 735.87
190 893.0 94.78
217 4369.0 600.04
215 4250.0 66.2
241 3065.0 752.73
191 8482.0 188.69
218 1961.0 441.22
216 8705.0 51.23
242 5541.0 93.21
192 1839.0 503.55
219 6818.0 667.86
217 1244.0 322.63
243 5327.0 280.03
193 3966.0 870.47
220 4731.0 558.77
218 9795.0 885.98
244 9960.0 396.14
194 835.0 863.18
221 7369.0 787.75
219 1806.0 395.99
245 1817.0 236.74
195 8664.0 882.85
222 8126.0 342.41
220 710.0 868.25
246 5689.0 429.92
196 7268.0 178.02
223 2675.0 258.04
221 5251.0 171.41
247 7274.0 590.84
197 5527.0 394.42
224 664.0 94.75
222 5961.0 169.99
248 6311.0 460.97
198 9177.0 405.16
225 659.0 505.89
223 4426.0 728.31
249 2782.0 153.27
199 7407.0 528.06
224 5445.0 539.71
250 7374.0 180.21
200 2321.0 590.9
227 5972.0 348.9
251 5062.0 1.65
201 1229.0 586.57
228 8191.0 200.61
226 5768.0 939.07
252 8790.0 377.35
202 6985.0 678.27
229 9074.0 244.06
227 921.0 477.92
253 5410.0 606.73
203 6981.0 739.35
230 5420.0 252.28
228 682.0 451.38
254 7975.0 635.98
204 4104.0 751.74
231 3665.0 78.63
229 3363.0 264.97
255 8586.0 57.62
205 3336.0 327.7
232 1829.0 683.45
230 7591.0 87.3
256 9634.0 482.71
206 8574.0 200.78
233 6450.0 500.76
231 1208.0 680.61
257 8514.0 883.86
207 2102.0 897.39
234 7030.0 972.13
232 9318.0 183.0
258 2500.0 385.79
208 2126.0 610.13
235 5830.0 4.38
233 215.0 212.87
259 1101.0 76.21
209 5070.0 974.84
236 1275.0 230.73
234 4580.0 724.27
260 297.0 514.17
210 6356.0 249.51
237 1225.0 360.41
235 83.0 146.31
261 576.0 38.48
211 8174.0 27.63
238 4418.0 432.79
236 5529.0 629.78
262 3702.0 154.54
212 896.0 525.8
239 6175.0 494.42
237 9431.0 748.6
263 9602.0 846.0
213 925.0 320.43
240 7395.0 765.64
238 3712.0 41.21
264 4085.0 972.24
214 9311.0 993.54
241 1826.0 305.55
239 5439.0 76.35
265 484.0 786.9
215 4282.0 565.91
242 1672.0 783.73
240 7461.0 380.09
266 5512.0 8.96
216 4185.0 826.64
243 3737.0 826.39
241 9410.0 212.06
267 4878.0 186.89
217 6177.0 92.35
244 7310.0 849.92
242 4605.0 197.7
268 5348.0 811.02
218 6515.0 725.02
245 5175.0 902.04
243 3410.0 248.04
269 2432.0 477.81
219 6323.0 313.59
246 9285.0 870.45
244 8018.0 335.66
270 1327.0 477.97
220 5748.0 374.12
247 9878.0 408.1
245 2453.0 167.4
271 5291.0 49.14
221 891.0 153.38
248 2160.0 34.57
246 3637.0 701.71
272 4922.0 315.9
222 9729.0 584.86
249 1672.0 376.52
247 4070.0 340.21
273 8127.0 401.86
223 1983.0 949.58
250 390.0 485.0
248 6099.0 216.4
274 877.0 553.28
224 7828.0 495.33
249 9945.0 494.77
275 1733.0 449.02
225 3948.0 674.89
252 2659.0 457.95
276 9194.0 509.33
226 690.0 642.87
253 3048.0 648.81
251 6120.0 689.73
277 6347.0 272.95
227 6289.0 79.59
254 1213.0 468.72
252 8918.0 984.18
278 7453.0 482.58
228 2560.0 785.31
255 4963.0 746.54
253 7429.0 20.78
279 6910.0 722.99
229 6189.0 445.46
256 1966.0 319.87
254 9365.0 774.98
280 1609.0 75.12
230 8966.0 341.25
257 1395.0 366.73
255 2273.0 840.25
281 4682.0 72.6
231 5660.0 902.17
258 7064.0 453.82
256 1207.0 622.84
282 1232.0 558.91
232 3781.0 152.15
259 1578.0 447.36
257 5165.0 599.8
283 9247.0 56.25
233 5502.0 157.07
260 9556.0 213.05
258 7203.0 773.87
284 4813.0 377.14
234 9482.0 228.84
261 2812.0 789.74
259 3376.0 889.23
285 1071.0 102.91
235 2494.0 829.23
262 4570.0 459.78
260 9630.0 632.77
286 4948.0 906.23
236 8654.0 736.89
263 6807.0 864.5
261 1158.0 657.21
287 299.0 239.26
237 5054.0 938.21
264 8503.0 919.62
262 3042.0 854.68
288 1567.0 771.45
238 452.0 573.71
265 5925.0 704.51
263 7163.0 510.8
289 3506.0 749.24
239 5182.0 783.14
266 5852.0 73.54
264 1619.0 640.4
290 8660.0 855.54
240 770.0 285.56
267 8850.0 972.45
265 4232.0 400.94
291 1394.0 75.12
241 730.0 648.56
268 5430.0 373.46
266 291.0 263.96
292 1259.0 419.5
242 9507.0 359.45
269 2481.0 108.19
267 6582.0 476.95
293 9455.0 219.15
243 7914.0 360.26
270 7808.0 633.34
268 8892.0 440.89
294 648.0 813.62
244 837.0 874.21
271 7192.0 391.78
269 6848.0 643.79
295 5933.0 657.68
245 2718.0 162.42
272 2988.0 398.72
270 2927.0 267.13
296 3280.0 442.28
246 1396.0 183.13
273 3370.0 805.24
271 2461.0 628.09
297 4731.0 958.46
247 7047.0 385.53
274 9943.0 548.76
272 9577.0 673.76
298 5684.0 478.78
248 7968.0 916.45
275 6781.0 570.07
273 5184.0 624.57
299 472.0 517.32
249 1433.0 646.05
274 3503.0 137.34
300 9833.0 962.06
250 8062.0 725.26
277 5293.0 426.76
301 4512.0 728.62
251 8197.0 969.57
278 4064.0 890.24
276 8163.0 722.21
302 2478.0 814.98
252 2099.0 615.69
279 3660.0 6.81
277 828.0 384.89
303 7602.0 979.82
253 1141.0 837.61
280 8234.0 434.12
278 8177.0 868.38
304 9126.0 912.54
254 5144.0 830.51
281 9104.0 620.67
279 9774.0 434.03
305 9018.0 508.39
255 3783.0 856.19
282 1973.0 174.19
280 5620.0 906.59
306 8113.0 493.84
256 6880.0 900.44
283 9702.0 117.08
281 5337.0 925.01
307 1366.0 29.6
257 8620.0 311.17
284 74.0 399.35
282 6636.0 407.12
308 2529.0 354.43
258 3350.0 976.86
285 7416.0 885.1
283 468.0 412.08
309 2366.0 921.95
259 8529.0 730.17
286 3950.0 265.31
284 4653.0 275.87
310 5672.0 544.27
260 5247.0 782.36
287 4787.0 804.71
285 8587.0 203.24
311 1501.0 98.96
261 4680.0 975.38
288 176.0 731.45
286 2625.0 212.84
312 2012.0 380.99
262 9052.0 22.1
289 9092.0 668.01
287 3764.0 473.72
313 7698.0 613.07
263 7353.0 528.89
290 6356.0 127.34
288 8047.0 839.91
314 1794.0 212.08
264 2147.0 34.97
291 2461.0 855.63
289 4937.0 704.9
315 1531.0 478.75
265 2176.0 42.79
292 1455.0 786.64
290 1455.0 687.75
316 6075.0 609.69
266 6254.0 357.25
293 2296.0 833.11
291 536.0 274.55
317 6398.0 948.01
267 7057.0 149.73
294 5142.0 762.2
292 5041.0 176.96
318 9744.0 379.77
268 2227.0 354.87
295 4328.0 804.45
293 9841.0 5.78
319 7137.0 704.98
269 3326.0 583.19
296 9055.0 761.72
294 4595.0 455.71
320 519.0 900.96
270 4373.0 304.0
297 5461.0 532.9
295 9091.0 559.45
321 188.0 626.59
271 7781.0 739.22
298 1245.0 464.02
296 1386.0 149.37
322 1393.0 203.4
272 1104.0 279.72
299 3381.0 713.96
297 9048.0 159.96
323 2669.0 84.5
273 417.0 8.49
300 7287.0 3.73
298 4680.0 939.87
324 7559.0 571.71
274 3489.0 905.9
299 5821.0 741.25
325 6073.0 600.99
275 988.0 913.14
302 2277.0 75.48
326 2094.0 714.91
276 3245.0 172.67
303 7946.0 731.15
301 8253.0 273.17
327 8554.0 902.97
277 6836.0 223.4
304 5675.0 579.26
302 8517.0 714.63
328 910.0 492.86
278 9292.0 7.24
305 6350.0 221.56
303 8182.0 966.67
329 1725.0 437.17
279 2900.0 74.47
306 9258.0 499.98
304 3022.0 747.88
330 9175.0 206.24
280 51.0 633.01
307 6936.0 475.29
305 8558.0 661.42
331 8640.0 142.54
281 6735.0 458.05
308 8223.0 829.23
306 2862.0 479.35
332 4193.0 891.5
282 3387.0 412.09
309 8893.0 68.36
307 8631.0 711.29
333 427.0 946.6
283 5518.0 118.22
310 3367.0 498.9
308 3758.0 7.18
334 6121.0 442.48
284 6024.0 829.19
311 3557.0 435.08
309 4302.0 483.69
335 7701.0 744.89
285 6849.0 735.58
312 267.0 364.51
310 2338.0 68.06
336 6131.0 950.09
286 9365.0 174.75
313 8526.0 488.91
311 5439.0 257.5
337 1351.0 566.84
287 2092.0 385.86
314 4961.0 140.31
312 2964.0 494.68
338 9483.0 75.24
288 3915.0 153.32
315 3928.0 967.09
313 3678.0 905.16
339 6954.0 992.24
289 3415.0 914.02
316 166.0 331.43
314 9968.0 161.87
340 4760.0 216.49
290 5376.0 160.26
317 6051.0 968.28
315 7706.0 541.93
341 2226.0 234.59
291 8897.0 177.78
318 2569.0 809.55
316 796.0 27.68
342 7898.0 992.89
292 5825.0 203.33
319 9042.0 121.02
317 8294.0 445.34
343 8274.0 853.03
293 8253.0 67.18
320 7271.0 254.68
318 5162.0 332.57
344 6850.0 550.81
294 6588.0 754.71
321 9704.0 557.75
319 7502.0 937.87
345 4797.0 750.81
295 8678.0 514.29
322 1459.0 673.23
320 8040.0 776.48
346 5598.0 499.75
296 290.0 569.74
323 7336.0 858.46
321 2990.0 730.12
347 3505.0 123.81
297 104.0 331.02
324 3834.0 972.8
322 4849.0 175.22
348 8729.0 503.82
298 6082.0 112.27
325 9892.0 187.75
323 7603.0 674.11
349 3842.0 402.53
299 1482.0 344.2
324 6750.0 792.95
350 1353.0 578.18
300 8481.0 879.23
327 3362.0 765.59
351 5506.0 497.34
301 6861.0 402.07
328 3766.0 421.01
326 4799.0 439.0
352 6406.0 177.75
302 6466.0 832.78
329 1725.0 664.68
327 8183.0 518.11
353 4017.0 971.03
303 8558.0 149.94
330 7678.0 976.23
328 9124.0 190.02
354 6736.0 686.7
304 2449.0 690.23
331 6468.0 223.13
329 2875.0 919.39
355 2559.0 380.5
305 9245.0 651.19
332 6365.0 772.82
330 2485.0 239.81
356 4337.0 256.82
306 6857.0 419.04
333 6341.0 902.38
331 178.0 705.97
357 8775.0 306.51
307 2647.0 484.38
334 5335.0 880.73
332 3846.0 545.8
358 2297.0 463.89
308 5079.0 970.91
335 5177.0 399.41
333 3092.0 812.9
359 7163.0 740.51
309 4433.0 125.55
336 8463.0 803.27
334 2415.0 783.46
360 7899.0 315.51
310 5595.0 392.64
337 864.0 930.75
335 2226.0 330.68
361 9334.0 422.75
311 7639.0 80.6
338 3797.0 194.11
336 8921.0 97.97
362 5548.0 398.52
312 5723.0 134.68
339 5265.0 574.64
337 6080.0 798.35
363 165.0 956.84
313 523.0 22.92
340 9917.0 750.12
338 1061.0 240.47
364 7692.0 859.66
314 211.0 685.43
341 2800.0 610.69
339 3256.0 511.98
365 5660.0 27.12
315 1325.0 165.33
342 7969.0 475.95
340 8069.0 67.27
366 2707.0 231.04
316 6724.0 843.99
343 1446.0 14.72
341 9078.0 607.33
367 63.0 101.7
317 7536.0 218.73
344 168.0 477.76
342 3564.0 761.28
368 5486.0 27.18
318 4375.0 652.55
345 9918.0 844.59
343 4980.0 98.96
369 6856.0 970.39
319 7168.0 776.27
346 4165.0 676.75
344 7081.0 17.81
370 9899.0 178.58
320 3468.0 107.8
347 6389.0 831.55
345 4277.0 248.11
371 9450.0 756.53
321 2014.0 614.0
348 9822.0 401.14
346 9114.0 839.26
372 8981.0 470.74
322 2797.0 2.54
349 9040.0 299.79
347 9724.0 492.88
373 7249.0 151.19
323 5949.0 957.46
350 3517.0 120.12
348 3010.0 576.65
374 200.0 53.76
324 3357.0 909.43
349 602.0 295.05
375 4128.0 468.88
325 9615.0 268.13
352 9463.0 390.99
376 7038.0 746.22
326 8253.0 867.81
353 6006.0 241.92
351 1334.0 398.84
377 2390.0 254.27
327 135.0 260.48
354 7941.0 125.49
352 5954.0 340.92
378 6588.0 478.14
328 1702.0 954.82
355 6247.0 496.76
353 5312.0 95.39
379 3917.0 509.77
329 8960.0 257.94
356 4662.0 814.23
354 5465.0 875.12
380 6689.0 388.61
330 5519.0 133.99
357 6546.0 123.69
355 6024.0 832.8
381 596.0 687.57
331 2019.0 965.19
358 4240.0 801.14
356 5951.0 337.14
382 1776.0 886.24
332 8609.0 317.51
359 9000.0 705.3
357 3869.0 801.12
383 1300.0 434.78
333 6924.0 645.65
360 789.0 569.17
358 5565.0 938.7
384 1813.0 754.52
334 7811.0 136.96
361 3947.0 801.82
359 6863.0 762.99
385 9107.0 831.3
335 7580.0 421.06
362 8659.0 709.35
360 2661.0 358.02
386 5401.0 641.62
336 7081.0 653.2
363 2133.0 826.55
361 8568.0 555.65
387 5476.0 110.78
337 7987.0 930.91
364 7288.0 997.16
362 6691.0 303.28
388 711.0 11.37
338 5640.0 346.33
365 8659.0 532.87
363 1987.0 757.39
389 4514.0 22.13
339 8827.0 456.23
366 5043.0 774.54
364 8680.0 991.02
390 5052.0 850.37
340 5881.0 120.04
367 5696.0 604.61
365 9494.0 217.18
391 1419.0 390.79
341 2881.0 984.26
368 15.0 443.76
366 1983.0 247.12
392 295.0 346.72
342 3177.0 77.44
369 497.0 702.7
367 3575.0 825.01
393 8134.0 40.17
343 137.0 522.58
370 4238.0 404.9
368 1608.0 573.56
394 2915.0 22.86
344 1559.0 691.87
371 8837.0 127.41
369 5988.0 366.34
395 3357.0 15.13
345 7621.0 361.08
372 3793.0 841.41
370 4249.0 172.5
396 9834.0 224.28
346 9334.0 46.61
373 1800.0 951.61
371 7970.0 508.59
397 1155.0 8.99
347 9371.0 698.76
374 9458.0 456.9
372 1780.0 828.42
398 4528.0 479.77
348 7859.0 551.4
375 7699.0 18.83
373 3315.0 249.63
399 6930.0 910.51
349 4242.0 160.4
374 3079.0 279.75
400 989.0 2.31
350 2926.0 482.83
377 8985.0 911.61
401 7626.0 52.26
351 249.0 693.62
378 7994.0 648.64
376 5371.0 609.1
402 8093.0 754.04
352 2952.0 110.95
379 3172.0 767.41
377 799.0 137.88
403 1394.0 187.94
353 237.0 888.59
380 1181.0 630.2
378 2268.0 51.12
404 5473.0 421.83
354 5827.0 339.24
381 2431.0 811.93
379 3713.0 126.64
405 4556.0 651.69
355 5826.0 12.35
382 850.0 548.57
380 5932.0 948.06
406 7804.0 940.73
356 6639.0 410.38
383 9841.0 730.59
381 9834.0 928.87
407 5415.0 221.38
357 3729.0 281.12
384 8156.0 954.09
382 5409.0 900.13
408 3556.0 322.24
358 8129.0 696.54
385 425.0 597.39
383 8711.0 592.94
409 5840.0 915.68
359 5456.0 559.51
386 3969.0 976.69
384 7628.0 402.6
410 1868.0 510.62
360 8329.0 854.11
387 5798.0 432.59
385 3178.0 438.3
411 7239.0 735.65
361 2144.0 928.61
388 4188.0 64.78
386 1397.0 603.53
412 5871.0 973.89
362 1716.0 660.06
389 5780.0 47.5
387 2663.0 927.01
413 5035.0 694.94
363 9654.0 729.44
390 1461.0 959.04
388 8946.0 24.08
414 7309.0 730.91
364 8187.0 185.5
391 9845.0 523.93
389 787.0 970.67
415 9379.0 739.62
365 2903.0 979.61
392 3936.0 38.17
390 1303.0 30.93
416 1558.0 179.05
366 4741.0 231.38
393 5386.0 243.52
391 7274.0 178.18
417 5349.0 834.8
367 4755.0 583.64
394 3721.0 774.65
392 4954.0 713.18
418 5361.0 694.67
368 286.0 292.72
395 6513.0 349.49
393 2553.0 650.12
419 7379.0 818.5
369 7916.0 256.58
396 1877.0 671.05
394 1570.0 41.38
420 3059.0 656.48
370 275.0 800.67
397 7649.0 9.85
395 3997.0 950.95
421 678.0 488.7
371 4041.0 115.46
398 3450.0 608.77
396 1756.0 208.55
422 3989.0 999.05
372 5669.0 927.37
399 7211.0 794.22
397 4512.0 696.57
423 2694.0 21.52
373 6691.0 256.63
400 6501.0 90.66
398 9704.0 202.74
424 178.0 80.96
374 1560.0 159.09
399 9053.0 998.98
425 9933.0 902.83
375 9908.0 674.42
402 2190.0 190.32
426 9516.0 725.81
376 5533.0 864.15
403 313.0 712.35
401 7996.0 834.53
427 5553.0 968.08
377 3843.0 523.92
404 1537.0 91.02
402 8608.0 256.24
428 7734.0 317.89
378 4652.0 143.07
405 743.0 919.4
403 1132.0 196.27
429 6962.0 536.05
379 8422.0 458.63
406 4064.0 162.02
404 3757.0 720.64
430 6925.0 93.8
380 6714.0 288.94
407 2603.0 40.15
405 191.0 235.43
431 2859.0 647.07
381 4705.0 734.7
408 1585.0 149.2
406 6904.0 130.55
432 1872.0 778.56
382 1365.0 918.78
409 3806.0 262.96
407 6933.0 263.35
433 1098.0 937.81
383 5348.0 1.26
410 6936.0 388.35
408 815.0 291.42
434 7831.0 161.98
384 2189.0 388.57
411 1191.0 623.64
409 6379.0 599.23
435 8230.0 828.68
385 1645.0 755.17
412 7704.0 153.9
410 1856.0 439.62
436 8919.0 12.04
386 817.0 100.77
413 9165.0 915.87
411 7971.0 202.63
437 9803.0 564.94
387 3667.0 796.53
414 3152.0 850.11
412 9554.0 754.9
438 6318.0 205.26
388 7239.0 13.47
415 4200.0 372.35
413 1796.0 573.88
439 4027.0 764.63
389 2434.0 548.85
416 325.0 829.2
414 738.0 123.76
440 2224.0 215.8
390 6373.0 895.54
417 4406.0 86.49
415 3978.0 293.57
441 2613.0 825.01
391 8378.0 538.42
418 9403.0 107.78
416 2630.0 790.23
442 6227.0 797.45
392 2215.0 694.92
419 7269.0 922.53
417 6403.0 331.38
443 2263.0 323.15
393 2351.0 854.43
420 6656.0 569.04
418 4313.0 103.37
444 3218.0 586.8
394 9625.0 68.39
421 9720.0 444.93
419 8449.0 920.4
445 5970.0 808.04
395 2951.0 384.35
422 1637.0 672.37
420 3307.0 249.73
446 2042.0 956.91
396 2048.0 141.35
423 9566.0 958.76
421 1754.0 182.89
447 5002.0 653.23
397 6755.0 391.88
424 7079.0 524.09
422 1813.0 516.91
448 9338.0 37.66
398 2453.0 202.56
425 6097.0 637.51
423 9061.0 979.01
449 9096.0 216.2
399 5633.0 547.74
424 2630.0 839.09
450 3247.0 325.46
400 7585.0 216.35
427 2950.0 298.96
451 3054.0 636.27
401 506.0 599.89
428 3213.0 254.91
426 9866.0 174.32
452 9659.0 687.44
402 2579.0 650.32
429 6029.0 19.23
427 4680.0 364.52
453 37.0 26.42
403 1776.0 797.76
430 2686.0 601.98
428 1773.0 101.05
454 8456.0 667.71
404 3808.0 70.75
431 4067.0 504.63
429 7870.0 56.43
455 9223.0 667.26
405 5289.0 775.75
432 6137.0 222.61
430 8088.0 43.3
456 7755.0 303.13
406 2319.0 135.67
433 4190.0 797.89
431 5888.0 831.31
457 8687.0 990.16
407 5043.0 584.1
434 1950.0 687.7
432 1810.0 379.24
458 4444.0 112.25
408 924.0 638.23
435 9731.0 173.36
433 9722.0 952.64
459 1065.0 199.35
409 7863.0 268.03
436 128.0 7.21
434 4783.0 884.58
460 2820.0 870.5
410 4744.0 360.89
437 6252.0 912.64
435 7176.0 200.66
461 8388.0 746.82
411 3524.0 338.45
438 7147.0 864.65
436 8062.0 533.54
462 5105.0 937.12
412 5498.0 582.7
439 9005.0 85.38
437 3980.0 826.07
463 3716.0 734.7
413 595.0 550.77
440 5851.0 896.99
438 1639.0 348.98
464 8471.0 852.69
414 1055.0 349.07
441 102.0 178.79
439 3407.0 567.75
465 4867.0 304.63
415 1470.0 107.97
442 5272.0 445.92
440 8082.0 498.74
466 2458.0 462.13
416 4724.0 251.84
443 4812.0 362.8
441 1770.0 485.28
467 1006.0 212.3
417 6775.0 681.24
444 6779.0 909.67
442 5053.0 347.73
468 8101.0 224.76
418 6690.0 470.17
445 6981.0 311.53
443 5254.0 691.14
469 7611.0 884.25
419 6025.0 144.58
446 270.0 501.9
444 396.0 393.29
470 7342.0 568.86
420 6066.0 432.08
447 6729.0 365.91
445 6022.0 667.47
471 9285.0 363.69
421 7205.0 105.78
448 9811.0 859.57
446 8578.0 782.78
472 4476.0 221.05
422 9247.0 570.32
449 4190.0 105.41
447 4837.0 27.75
473 5271.0 291.4
423 1912.0 289.69
450 7717.0 158.8
448 9203.0 991.47
474 5088.0 375.3
424 9.0 964.12
449 7468.0 919.11
475 9457.0 2.12
425 5727.0 361.91
452 525.0 407.74
476 1344.0 247.53
426 6279.0 156.98
453 7710.0 598.54
451 1639.0 812.25
477 5734.0 361.91
427 1545.0 993.44
454 4060.0 235.52
452 7796.0 286.87
478 6224.0 362.72
428 4647.0 721.03
455 324.0 761.0
453 596.0 566.3
479 5558.0 180.76
429 2997.0 456.64
456 5565.0 815.96
454 4192.0 886.78
480 5299.0 217.44
430 7965.0 250.22
457 6503.0 50.8
455 348.0 815.08
481 1173.0 579.01
431 223.0 280.8
458 7534.0 872.45
456 1508.0 5.63
482 3722.0 357.49
432 6764.0 887.9
459 1146.0 351.08
457 8940.0 137.59
483 7908.0 479.6
433 9624.0 778.9
460 5549.0 897.17
458 124.0 763.96
484 5889.0 262.41
434 7017.0 161.5
461 2027.0 114.03
459 250.0 347.6
485 7731.0 571.55
435 3943.0 738.49
462 1375.0 631.81
460 9787.0 823.19
486 2230.0 975.32
436 3023.0 777.73
463 860.0 995.93
461 5223.0 153.46
487 4822.0 108.58
437 7547.0 359.06
464 188.0 618.31
462 6005.0 827.37
488 2389.0 682.57
438 9389.0 773.11
465 6780.0 391.15
463 259.0 204.55
489 8924.0 701.87
439 9602.0 377.33
466 4563.0 383.51
464 2736.0 792.62
490 6846.0 418.51
440 7599.0 319.64
467 6162.0 643.32
465 5004.0 860.41
491 4129.0 624.12
441 747.0 113.4
468 5216.0 16.99
466 3665.0 208.3
492 8402.0 64.77
442 6212.0 104.37
469 8426.0 234.26
467 4583.0 340.9
493 1052.0 49.49
443 6012.0 425.65
470 9968.0 158.23
468 5812.0 821.23
494 5370.0 977.26
444 6962.0 773.5
471 4870.0 771.52
469 1471.0 172.55
495 9201.0 705.11
445 5836.0 536.52
472 7002.0 420.03
470 2128.0 393.33
496 7897.0 523.5
446 5556.0 376.23
473 3049.0 317.8
471 8326.0 338.09
497 5090.0 587.73
447 3050.0 562.01
474 2165.0 364.48
472 6039.0 149.03
498 1301.0 46.03
448 4602.0 344.94
475 1768.0 869.55
473 9086.0 421.7
499 7798.0 179.82
449 5809.0 745.39
474 8009.0 658.49
500 8890.0 817.33
450 4787.0 283.73
477 8336.0 832.84
501 6238.0 952.36
451 7978.0 291.45
478 7131.0 159.55
476 57.0 946.54
502 1887.0 573.11
452 5036.0 283.52
479 5787.0 608.23
477 6658.0 217.57
503 5566.0 294.38
453 6792.0 371.05
480 615.0 720.3
478 2086.0 191.35
504 6523.0 819.82
454 2979.0 678.65
481 7946.0 651.89
479 8291.0 935.33
505 5419.0 452.09
455 4378.0 224.42
482 4509.0 814.81
480 4429.0 152.93
506 9951.0 248.57
456 6671.0 912.57
483 6241.0 114.35
481 8580.0 175.11
507 485.0 173.77
457 6940.0 73.79
484 9353.0 381.48
482 5542.0 555.76
508 2682.0 563.65
458 9269.0 218.39
485 6856.0 543.25
483 9219.0 426.93
509 9696.0 877.67
459 788.0 330.44
486 5407.0 216.92
484 9139.0 384.87
510 8075.0 121.4
460 908.0 439.69
487 5583.0 72.97
485 1259.0 808.89
511 8055.0 937.29
461 4328.0 240.97
488 6459.0 397.7
486 2337.0 870.92
512 7625.0 47.46
462 7742.0 782.45
489 9293.0 317.09
487 511.0 787.44
513 596.0 457.59
463 5579.0 447.23
490 4203.0 814.0
488 3032.0 165.71
514 8787.0 553.22
464 7787.0 590.02
491 2586.0 14.76
489 2113.0 967.34
515 2917.0 103.29
465 4894.0 792.88
492 5852.0 288.78
490 1485.0 40.05
516 8349.0 739.7
466 2399.0 234.65
493 9071.0 560.45
491 3888.0 227.28
517 3240.0 741.24
467 9877.0 135.58
494 180.0 937.59
492 9269.0 143.09
518 8592.0 183.42
468 577.0 495.17
495 701.0 24.42
493 4594.0 46.97
519 4515.0 560.61
469 6997.0 112.07
496 843.0 436.71
494 6921.0 460.45
520 5751.0 822.28
470 2948.0 148.62
497 5201.0 472.2
495 1416.0 506.54
521 292.0 474.24
471 5571.0 219.74
498 4277.0 774.83
496 5526.0 288.96
522 2390.0 509.97
472 1534.0 465.13
499 9005.0 661.77
497 2850.0 69.17
523 5713.0 28.11
473 8518.0 761.37
500 3012.0 392.47
498 4067.0 177.02
524 4196.0 361.24
474 6400.0 960.95
499 1671.0 268.14
525 2627.0 80.47
475 7171.0 288.15
502 2265.0 857.05
526 5965.0 347.44
476 1757.0 842.44
503 9208.0 815.58
501 3260.0 928.01
527 214.0 430.64
477 7664.0 181.65
504 9156.0 622.36
502 53.0 362.44
528 2755.0 764.51
478 7554.0 885.77
505 7519.0 590.44
503 794.0 514.83
529 4038.0 656.87
479 3370.0 403.57
506 3288.0 581.8
504 3536.0 213.94
530 4754.0 35.96
480 7608.0 779.76
507 4385.0 261.74
505 8428.0 372.27
531 2466.0 560.76
481 9936.0 884.65
508 3986.0 15.82
506 4899.0 519.7
532 2943.0 993.55
482 6590.0 200.66
509 6109.0 557.48
507 3718.0 435.35
533 8326.0 597.52
483 5011.0 123.57
510 5533.0 106.79
508 8070.0 738.17
534 535.0 918.04
484 376.0 553.7
511 7065.0 873.87
509 3007.0 569.56
535 9217.0 735.17
485 1958.0 472.52
512 4828.0 976.36
510 5683.0 110.89
536 2545.0 904.81
486 4517.0 211.95
513 2916.0 465.97
511 2998.0 48.06
537 7099.0 739.68
487 3839.0 653.11
514 5563.0 832.71
512 871.0 851.03
538 8918.0 380.5
488 5601.0 614.43
515 2082.0 321.81
513 2548.0 687.92
539 7630.0 131.74
489 2277.0 585.01
516 513.0 602.73
514 4941.0 340.42
540 747.0 997.39
490 2375.0 792.76
517 4924.0 688.5
515 3222.0 232.63
541 9522.0 989.19
491 1298.0 461.85
518 4881.0 191.98
516 92.0 265.34
542 3811.0 857.88
492 1030.0 741.3
519 7515.0 209.11
517 3436.0 879.99
543 7266.0 475.34
493 7972.0 821.11
520 9028.0 483.58
518 8351.0 748.97
544 2290.0 984.51
494 6084.0 327.96
521 7070.0 442.87
519 7343.0 968.74
545 6476.0 937.33
495 2241.0 544.47
522 4890.0 188.55
520 9450.0 981.09
546 168.0 607.4
496 5890.0 669.34
523 8738.0 55.73
521 689.0 535.69
547 9704.0 11.57
497 722.0 873.22
524 806.0 352.79
522 8511.0 115.79
548 6944.0 167.86
498 6576.0 413.63
525 5474.0 211.67
523 8176.0 236.58
549 3054.0 687.69
499 7826.0 531.58
524 459.0 17.76
550 1277.0 263.45
500 2892.0 915.26
527 7008.0 205.46
551 679.0 419.27
501 2249.0 951.46
528 8221.0 751.59
526 2202.0 898.97
552 6001.0 804.48
502 6681.0 736.54
529 2621.0 245.57
527 989.0 801.22
553 726.0 466.76
503 9022.0 521.03
530 3442.0 732.88
528 4278.0 775.01
554 1202.0 759.81
504 2580.0 941.02
531 8994.0 807.6
529 5220.0 170.44
555 5626.0 810.71
505 964.0 218.98
532 8884.0 637.56
530 9040.0 953.22
556 4767.0 98.38
506 4067.0 359.11
533 1062.0 282.61
531 2664.0 628.09
557 6215.0 235.94
507 5109.0 31.55
534 5920.0 632.4
532 5453.0 362.94
558 3973.0 527.1
508 8675.0 986.72
535 4808.0 164.61
533 5215.0 114.05
559 2071.0 922.69
509 4900.0 92.86
536 269.0 393.41
534 7053.0 741.87
560 9835.0 441.07
510 5860.0 649.4
537 6470.0 847.86
535 3720.0 664.85
561 82.0 973.08
511 8048.0 738.76
538 6160.0 905.67
536 7427.0 445.93
562 955.0 747.91
512 5806.0 353.94
539 443.0 657.22
537 5621.0 596.82
563 4988.0 938.92
513 4190.0 561.35
540 2782.0 274.31
538 6300.0 784.64
564 5478.0 701.91
514 4333.0 141.49
541 2500.0 941.86
539 64.0 41.68
565 6716.0 82.0
515 5356.0 641.18
542 2411.0 38.06
540 8912.0 27.14
566 8439.0 383.29
516 9111.0 596.5
543 2047.0 210.64
541 5943.0 370.28
567 4148.0 274.19
517 3229.0 791.81
544 3437.0 192.36
542 6467.0 497.18
568 8835.0 647.11
518 8457.0 955.2
545 6825.0 472.16
543 7447.0 225.15
569 3983.0 803.53
519 4921.0 83.07
546 3674.0 372.87
544 1900.0 764.92
570 9751.0 376.8
520 7382.0 833.24
547 9995.0 92.22
545 5619.0 95.36
571 4069.0 371.96
521 9910.0 312.64
548 1252.0 198.5
546 7469.0 458.04
572 7220.0 546.16
522 1261.0 635.45
549 7251.0 193.82
547 4510.0 233.96
573 4146.0 776.5
523 3101.0 215.42
550 3159.0 790.21
548 3518.0 148.86
574 9081.0 212.21
524 4363.0 68.86
549 6441.0 716.27
575 3234.0 907.9
525 6977.0 332.37
552 4494.0 331.12
576 6053.0 194.46
526 2523.0 362.87
553 216.0 978.44
551 7214.0 414.02
577 6684.0 922.01
527 9104.0 670.79
554 5783.0 65.91
552 2116.0 274.18
578 9956.0 507.12
528 1233.0 138.98
555 3674.0 943.73
553 4550.0 793.36
579 3185.0 830.13
529 5120.0 661.14
556 585.0 271.32
554 9294.0 989.48
580 4891.0 271.33
530 7335.0 226.82
557 7690.0 509.21
555 61.0 528.07
581 6847.0 338.03
531 9724.0 432.53
558 859.0 617.59
556 6137.0 591.17
582 8879.0 939.76
532 3072.0 784.5
559 8456.0 282.12
557 7853.0 626.67
583 5379.0 889.7
533 3566.0 12.34
560 6549.0 242.53
558 7285.0 654.52
584 747.0 951.14
534 8426.0 605.48
561 4633.0 667.08
559 786.0 561.21
585 7223.0 712.07
535 2848.0 706.78
562 7488.0 512.68
560 9846.0 620.09
586 871.0 606.76
536 337.0 391.74
563 9724.0 276.43
561 7318.0 256.23
587 3260.0 847.36
537 2433.0 450.45
564 165.0 377.96
562 1234.0 652.65
588 919.0 83.71
538 4912.0 50.66
565 3952.0 44.64
563 4821.0 773.03
589 9915.0 407.4
539 3966.0 858.77
566 2999.0 809.7
564 7852.0 288.88
590 9390.0 109.25
540 2388.0 790.05
567 5325.0 821.19
565 1759.0 441.95
591 9901.0 856.91
541 2326.0 394.86
568 6246.0 557.07
566 4478.0 936.65
592 9009.0 531.55
542 38.0 764.12
569 3425.0 730.33
567 3752.0 506.93
593 5146.0 416.23
543 2280.0 949.7
570 1882.0 681.8
568 2199.0 440.36
594 8759.0 457.57
544 5654.0 264.18
571 2663.0 892.7
569 7889.0 961.19
595 472.0 117.37
545 3203.0 281.91
572 1789.0 872.29
570 7497.0 269.46
596 8651.0 322.01
546 628.0 52.0
573 6084.0 271.38
571 3726.0 209.67
597 5985.0 600.2
547 6098.0 175.43
574 2694.0 297.65
572 2139.0 494.78
598 9432.0 429.79
548 6121.0 311.26
575 9842.0 244.66
573 8212.0 945.86
599 9026.0 42.46
549 3927.0 238.69
574 3329.0 349.0
600 6074.0 218.96
550 4465.0 529.13
577 650.0 950.85
601 4496.0 112.23
551 6496.0 768.9
578 8433.0 809.38
576 4210.0 167.17
602 3465.0 683.57
552 2003.0 903.07
579 5826.0 298.98
577 9613.0 818.89
603 4277.0 833.36
553 9719.0 15.11
580 4505.0 785.58
578 7945.0 291.63
604 6472.0 440.83
554 2837.0 107.97
581 9892.0 697.51
579 6117.0 404.06
605 3279.0 956.17
555 4063.0 615.41
582 5537.0 623.58
580 6209.0 327.77
606 6664.0 583.96
556 9436.0 302.15
583 8122.0 474.06
581 9077.0 634.63
607 1392.0 824.12
557 6029.0 946.7
584 7924.0 989.2
582 7188.0 71.45
608 9957.0 166.14
558 4820.0 321.65
585 2482.0 284.39
583 8281.0 918.27
609 1920.0 203.1
559 6338.0 110.09
586 9058.0 388.65
584 2042.0 164.81
610 1561.0 907.87
560 3447.0 647.83
587 9986.0 51.33
585 6512.0 227.7
611 29.0 923.64
561 3733.0 938.1
588 463.0 997.67
586 9278.0 720.76
612 5494.0 769.63
562 5383.0 855.42
589 3047.0 640.53
587 4262.0 171.89
613 8182.0 975.31
563 8441.0 993.45
590 2053.0 78.2
588 1966.0 83.14
614 3632.0 852.66
564 3380.0 13.46
591 9876.0 292.08
589 8273.0 430.13
615 6316.0 487.94
565 6851.0 417.69
592 3444.0 811.38
590 531.0 575.49
616 22.0 857.82
566 7105.0 61.57
593 1444.0 742.12
591 6995.0 676.21
617 853.0 917.44
567 7271.0 906.33
594 1717.0 33.22
592 1508.0 896.31
618 4425.0 683.49
568 1710.0 778.89
595 28.0 133.77
593 3863.0 775.09
619 8379.0 744.76
569 5818.0 902.24
596 780.0 743.56
594 9937.0 312.34
620 2896.0 657.99
570 5979.0 327.8
597 6074.0 395.9
595 348.0 194.78
621 5687.0 49.28
571 5387.0 272.39
598 3764.0 611.35
596 3631.0 161.47
622 7165.0 37.35
572 8270.0 106.75
599 7574.0 819.79
597 2661.0 271.75
623 9057.0 962.24
573 3374.0 837.86
600 8943.0 392.68
598 1189.0 833.02
624 2278.0 156.2
574 5425.0 190.99
599 767.0 663.82
625 3384.0 124.31
575 9128.0 719.8
602 8283.0 574.43
576 5345.0 158.83
603 63.0 431.84
601 6310.0 761.31
577 4029.0 68.23
604 7130.0 32.35
602 2284.0 282.28
578 6448.0 862.48
605 3167.0 656.35
603 1996.0 188.21
579 4204.0 490.68
606 8439.0 750.43
604 4902.0 697.64
580 2910.0 768.45
607 5653.0 189.0
605 5621.0 843.93
581 1725.0 958.89
608 4770.0 209.39
606 3367.0 655.24
582 474.0 359.59
609 9489.0 726.93
607 8058.0 115.84
583 9129.0 232.99
610 4574.0 687.95
608 1252.0 944.56
584 2541.0 896.58
611 6560.0 797.01
609 9033.0 223.51
585 677.0 712.6
612 5653.0 513.18
610 3356.0 999.39
586 8635.0 744.72
613 5258.0 792.81
611 3779.0 276.06
587 3618.0 785.18
614 9269.0 102.07
612 4758.0 742.5
588 6046.0 61.14
615 6573.0 991.36
613 9168.0 171.72
589 8544.0 277.53
616 3044.0 725.95
614 2591.0 1.42
590 6545.0 672.24
617 5459.0 97.68
615 4011.0 850.51
591 8138.0 333.5
618 7634.0 798.38
616 4792.0 77.64
592 1480.0 712.84
619 1354.0 788.16
617 3338.0 567.09
593 3875.0 286.71
620 6165.0 283.23
618 3855.0 130.2
594 1165.0 49.19
621 1164.0 965.0
619 8061.0 550.72
595 8811.0 134.24
622 1937.0 294.52
620 4473.0 427.0
596 892.0 833.74
623 1612.0 884.81
621 9985.0 960.12
597 1465.0 592.63
624 216.0 82.3
622 6716.0 349.15
598 1373.0 611.18
625 9676.0 203.45
623 5804.0 259.43
599 5522.0 983.78
624 588.0 385.59
600 1821.0 378.1
1
625
1 1 9.67 0.0 64.89
45 31 6.52 17965.85 18035.92 38 6.35 19092.22 19201.15 47 4.17 9742.77 9835.98 66 7.64 19662.05 19758.38 77 5.32 18630.62 18705.1 82 6.56 2578.07 2697.09 142 1.09 7173.8 7273.48 149 4.59 9612.92 9744.11 162 2.57 5161.03 5279.94 176 3.61 18228.44 18345.73 200 6.57 9751.07 9868.39 209 2.49 5657.25 5755.54 218 3.25 17320.83 17387.96 232 1.02 4918.55 5037.86 244 8.87 17247.8 17380.8 254 7.06 16340.05 16410.17 272 5.27 9869.43 10002.18 274 6.47 10354.71 10438.26 305 5.97 4805.8 4908.71 318 6.82 8959.51 9045.88 321 9.15 9873.92 9998.35 322 6.58 10561.29 10657.43 372 2.15 11148.58 11259.24 374 6.79 11427.77 11547.96 375 5.67 11444.41 11568.98 376 4.67 17837.84 17960.66 384 8.5 17227.34 17354.72 389 3.87 7808.0 7926.36 397 4.83 10633.4 10705.23 415 1.42 17224.25 17301.18 436 1.29 7382.82 7499.55 445 6.75 16207.93 16297.2 462 1.34 8779.39 8860.24 466 5.18 9766.96 9887.37 475 9.16 11553.37 11653.82 478 4.06 6867.32 6943.35 484 5.99 7683.46 7761.3 532 2.49 8906.21 8982.23 533 6.9 8514.94 8647.61 541 7.41 11107.86 11230.84 549 5.51 11940.48 12061.81 550 5.03 12422.79 12539.02 552 9.69 19061.0 19190.65 575 1.39 16590.17 16662.89 583 7.2 9932.39 10063.74
31 7 2.73 3759.53 3837.41 41 9.9 6418.18 6543.35 65 9.38 6138.21 6251.55 129 3.34 2679.03 2763.03 165 7.35 6361.38 6456.17 167 2.47 7269.82 7364.91 175 7.54 10383.6 10480.33 179 9.19 3835.34 3927.26 226 7.51 5061.75 5143.41 240 8.99 7895.12 8013.66 276 7.16 5541.0 5608.2 307 7.82 4824.4 4924.37 319 5.76 9091.75 9159.94 371 9.65 10402.07 10472.59 388 3.17 7775.37 7872.75 402 1.79 6418.55 6496.13 418 2.0 9662.58 9792.08 437 7.12 8313.53 8396.7 447 1.44 11314.35 11419.96 495 3.71 10783.77 10893.24 514 4.36 9765.13 9890.67 515 7.67 9954.77 10078.32 517 8.42 10787.22 10879.05 547 2.11 11559.43 11665.98 561 6.63 10181.15 10288.29 571 9.09 12116.05 12207.36 593 3.38 11774.92 11856.47 597 6.58 12700.97 12817.14 600 4.71 12604.4 12700.33 622 7.67 12736.24 12856.57 623 8.01 12626.27 12724.36
31 11 7.73 5028.29 5099.71 22 9.41 9967.6 10060.06 43 8.9 7155.3 7249.34 79 3.0 3720.03 3817.22 120 9.34 8809.47 8917.57 122 3.08 9059.14 9143.52 144 2.58 8771.67 8846.21 150 5.06 10208.13 10327.91 180 2.04 3933.18 4015.71 183 8.77 5010.35 5120.39 188 8.75 7579.24 7703.14 196 6.61 9130.23 9228.91 230 7.78 4632.49 4730.57 297 2.11 10455.18 10588.31 298 1.6 10791.1 10902.42 300 7.71 10856.27 10985.91 334 9.29 6187.97 6256.57 338 2.14 7593.46 7691.42 364 2.85 8015.36 8105.08 367 8.3 9375.46 9461.35 413 3.27 8478.06 8566.26 435 4.5 7683.72 7795.74 448 6.12 11281.7 11408.62 457 8.49 7863.29 7940.85 557 5.8 9595.45 9695.68 564 5.53 10563.48 10654.92 579 2.94 9658.33 9746.64 581 9.32 9602.8 9717.71 611 3.54 11728.99 11814.52 618 1.88 12421.37 12529.68 620 5.17 12528.61 12616.82
31 2 7.4 6224.48 6343.5 10 3.08 5505.98 5590.87 23 3.84 10286.14 10363.63 24 2.32 10407.27 10526.36 81 7.77 5120.93 5247.18 86 2.52 6578.94 6655.77 95 9.75 8651.49 8718.49 135 1.04 6498.38 6612.15 193 3.0 9061.18 9128.15 216 4.73 8512.52 8613.17 242 7.64 9189.5 9322.68 246 5.99 9889.31 10008.0 249 7.64 9818.14 9888.6 258 6.2 5851.69 5923.01 337 4.2 7681.83 7755.74 379 4.12 6393.98 6470.89 381 5.48 6646.52 6761.88 391 8.73 9505.41 9630.94 422 1.74 11884.81 12013.88 441 3.91 9543.62 9622.5 442 8.39 9971.35 10086.62 451 1.72 8055.17 8174.66 498 6.97 11638.39 11739.03 525 10.0 12247.64 12314.92 529 5.65 8544.81 8644.12 554 2.92 8906.62 9033.54 568 3.71 11569.92 11657.33 585 4.14 10686.15 10810.88 586 1.31 11075.86 11198.47 595 8.69 12087.38 12163.03 598 4.03 13024.36 13124.01
31 40 3.4 7742.14 7845.05 64 4.22 7519.64 7616.93 105 9.46 5777.8 5887.19 116 6.18 8850.09 8983.05 128 8.7 6330.01 6458.67 189 9.45 8412.34 8515.2 201 2.86 8403.98 8517.4 247 7.31 10306.0 10419.49 256 4.99 7080.16 7152.21 261 5.48 6787.49 6899.2 286 6.09 6871.24 6973.13 301 5.58 7797.96 7878.13 342 9.01 9974.75 10073.13 396 1.6 11460.68 11589.57 410 8.76 8239.4 8320.91 443 9.18 10218.47 10328.28 453 8.06 6969.15 7070.69 470 7.67 10620.96 10688.38 486 5.9 9217.78 9333.64 489 4.3 9997.64 10129.3 503 9.07 7626.0 7728.05 523 8.43 11659.51 11788.07 534 6.98 10184.3 10316.28 545 2.29 11598.67 11671.21 556 9.1 9494.67 9606.37 566 5.45 11529.16 11606.13 570 2.87 11971.68 12051.8 573 4.47 12603.09 12693.52 578 6.94 9354.24 9476.58 592 2.07 12232.58 12314.11 614 7.12 11660.17 11746.52
31 18 5.12 9650.26 9779.89 44 5.61 10112.98 10198.02 52 1.22 6762.91 6835.32 57 8.08 7257.84 7374.07 60 3.59 8347.37 8451.01 125 9.53 12104.65 12226.51 172 4.28 11739.33 11866.69 205 8.96 7793.31 7903.93 221 7.52 11088.58 11164.07 260 5.09 7425.72 7537.47 294 9.88 11178.31 11248.41 310 1.18 7034.89 7155.7 311 4.35 6971.3 7083.16 349 9.54 12129.83 12216.94 357 9.39 8154.45 8266.89 383 2.0 9004.38 9121.46 426 6.84 8243.84 8324.32 430 3.61 8221.19 8328.26 472 6.01 11804.58 11903.19 473 5.55 12128.05 12215.32 477 7.0 7559.4 7657.14 482 6.71 9183.07 9314.43 483 4.95 9319.48 9406.71 493 9.2 10520.6 10592.99 507 1.83 9273.22 9380.27 524 1.95 12024.78 12145.24 527 3.42 8444.47 8511.84 551 8.04 9554.82 9654.29 555 2.57 9413.92 9512.69 569 7.14 12173.38 12249.51 613 7.35 11814.28 11944.46
31 4 1.17 7667.75 7776.03 15 6.07 10700.13 10823.26 67 3.9 10531.42 10605.92 90 7.82 11200.41 11275.53 96 2.99 11197.34 11278.04 101 1.76 8115.05 8184.87 110 6.03 9312.92 9415.57 123 3.5 11626.19 11731.61 141 5.94 11397.88 11525.39 159 9.63 9812.56 9919.02 174 5.55 12259.63 12378.45 194 4.17 11518.91 11594.89 198 1.92 11341.13 11434.0 229 3.0 8938.76 9045.89 239 5.63 9204.66 9272.07 264 5.81 8704.47 8778.13 287 6.27 7744.86 7819.04 343 6.34 9995.15 10103.04 346 4.15 11298.94 11416.85 405 3.85 9005.52 9102.65 423 3.14 12140.99 12210.41 434 3.9 9486.56 9579.28 469 4.39 10943.88 11039.79 485 5.47 10241.53 10344.03 506 6.14 9626.83 9731.44 526 3.74 9343.41 9417.68 531 1.34 10077.54 10173.6 538 3.38 11438.05 11515.16 603 7.58 10607.45 10674.46 609 7.64 11738.65 11830.35 615 1.83 12114.1 12197.25
31 12 1.66 10699.61 10771.89 21 2.46 12339.61 12449.0 42 6.83 11278.09 11366.59 58 2.61 10519.01 10586.56 61 4.35 10671.6 10786.21 88 6.84 10510.86 10637.88 108 7.83 10383.06 10510.76 119 8.93 12301.43 12388.2 152 2.51 9664.38 9740.99 153 1.57 9898.96 10001.59 171 9.81 11950.27 12072.28 212 2.66 9213.93 9334.74 224 9.17 11923.96 12025.46 283 8.46 8728.47 8825.88 292 5.45 10257.15 10329.05 323 7.47 13018.82 13090.36 326 7.66 10421.86 10524.02 369 3.34 10744.59 10826.02 398 8.99 12108.89 12212.14 408 6.89 9368.7 9449.91 446 2.62 12127.94 12257.82 450 4.45 12417.79 12543.62 464 4.72 11103.51 11193.28 481 1.19 10281.82 10363.74 492 6.32 11522.28 11593.6 535 9.09 11098.45 11211.18 559 4.59 11315.77 11423.37 582 9.66 11128.36 11245.44 596 9.65 13731.15 13843.32 604 6.63 10620.8 10740.98 617 7.01 12923.66 13038.59
31 5 7.23 12127.07 12199.44 14 8.96 12160.29 12259.56 91 5.09 11974.87 12046.4 124 3.64 13057.18 13134.6 140 1.5 11656.56 11728.66 151 7.7 10130.88 10240.57 177 6.1 10348.73 10472.64 262 2.01 9755.04 9850.97 304 3.15 11077.28 11144.73 345 8.68 11494.97 11614.29 365 8.4 11471.87 11551.66 368 2.38 11304.5 11419.9 407 8.62 9613.1 9745.98 412 1.99 10477.75 10550.36 416 2.62 12171.74 12264.77 429 5.24 10159.07 10232.44 431 9.57 10421.62 10492.71 432 2.67 10422.88 10493.31 433 3.42 10314.96 10393.04 458 1.94 10432.91 10499.59 474 3.62 12640.35 12767.13 480 4.57 10434.32 10519.47 491 4.54 11752.76 11830.31 504 7.5 11085.73 11200.12 511 5.08 11170.66 11292.45 536 3.13 11500.12 11614.51 537 7.6 11858.28 11988.08 558 9.96 11926.1 12023.33 565 6.0 12704.21 12822.51 589 8.03 13263.67 13341.79 607 1.9 11895.13 12010.05
31 49 2.62 14658.63 14743.8 50 6.43 14843.24 14957.0 56 2.85 13155.37 13263.35 74 3.13 14331.23 14433.5 83 3.14 13812.56 13892.34 99 8.57 13883.55 14008.63 126 5.88 10151.72 10244.27 139 9.2 12012.35 12130.81 190 6.85 12260.65 12329.49 203 6.24 11550.79 11683.33 206 5.06 12176.69 12272.75 210 5.04 11284.35 11375.95 225 3.16 14376.36 14454.69 236 4.17 11144.45 11253.78 245 8.8 12595.41 12708.23 257 4.44 11703.54 11799.49 268 4.32 12694.68 12814.7 279 9.75 11149.01 11228.24 288 1.52 10731.29 10820.16 295 5.47 12131.4 12239.4 302 6.48 11811.75 11914.12 324 8.07 14321.95 14393.69 378 5.97 10472.26 10569.42 417 1.09 12256.2 12358.53 421 4.96 12545.72 12618.84 490 9.52 11793.39 11878.87 519 4.49 12615.45 12743.44 530 5.79 10910.36 11028.66 574 2.93 13612.4 13720.0 587 2.53 13154.39 13228.83 602 9.32 13307.74 13426.11
31 25 4.39 15347.22 15435.66 26 3.07 12459.52 12551.74 33 8.35 14472.21 14585.36 35 3.89 14330.41 14430.41 72 3.39 15445.22 15569.79 89 6.48 12889.14 12960.27 117 6.88 13656.99 13776.79 137 7.79 12837.14 12926.18 154 8.73 11533.46 11626.13 163 7.11 12957.1 13041.34 182 7.24 12477.03 12581.62 231 9.22 12176.38 12304.99 266 2.41 11640.86 11736.98 273 4.3 13869.05 13959.6 277 2.61 11939.22 12059.2 284 5.5 11889.89 11995.96 303 9.38 11567.64 11646.51 340 6.56 12224.31 12311.35 362 6.55 12550.89 12643.75 373 9.64 13539.48 13668.18 394 6.79 13009.54 13136.59 395 6.64 12973.39 13089.98 409 7.34 12295.62 12383.4 425 2.13 13966.16 14098.86 440 6.34 12660.97 12753.44 449 8.14 13453.62 13569.98 467 4.34 12225.52 12344.02 502 8.44 12035.11 12122.1 548 1.13 13901.64 13977.95 599 2.21 13671.66 13751.52 619 2.77 14794.65 14908.0
31 13 5.38 14756.06 14880.72 28 9.38 13036.75 13132.78 59 2.23 14228.89 14333.52 98 2.33 15635.71 15743.97 111 9.94 13551.76 13619.1 118 6.57 14289.83 14409.19 136 9.01 13547.16 13638.72 147 1.91 15224.23 15318.29 173 1.56 14869.7 14938.03 184 3.62 13756.91 13863.85 192 7.66 13378.08 13479.73 243 8.31 13331.57 13463.42 280 3.03 12018.1 12111.16 296 1.16 14549.52 14676.14 309 9.23 12740.18 12826.37 313 6.2 13010.66 13088.85 320 7.74 13948.63 14075.07 329 8.34 12594.82 12670.94 363 3.36 13392.31 13468.54 382 9.31 13497.87 13581.46 385 1.4 13286.31 13379.32 387 9.66 12653.65 12775.66 455 9.61 13735.12 13856.53 460 2.2 13489.88 13615.5 500 8.13 14410.48 14524.57 501 7.13 12970.72 13059.4 513 4.25 13713.55 13792.14 518 8.79 12501.3 12576.71 540 2.56 13416.88 13525.07 584 1.4 15413.28 15508.05 594 8.99 14059.07 14162.75
31 6 1.47 14405.57 14479.31 39 1.77 15622.09 15702.39 48 3.0 16743.3 16838.77 73 4.63 16042.77 16144.76 121 9.02 15312.53 15443.36 131 2.1 15360.05 15463.96 132 8.83 14463.11 14573.79 138 9.57 14235.62 14364.52 155 7.05 14175.85 14284.81 161 8.52 13650.42 13728.22 170 4.36 15238.14 15345.33 178 7.24 14355.22 14461.62 181 8.75 14499.4 14589.12 219 8.61 14525.15 14613.46 220 4.57 15088.57 15167.59 270 4.05 14790.08 14885.67 289 1.51 13818.51 13936.05 293 7.6 14331.62 14434.38 317 5.06 14931.92 15028.85 353 9.42 13361.23 13485.38 392 1.77 14303.27 14412.2 393 4.27 14563.54 14638.97 459 6.26 13861.44 13943.53 476 8.71 13829.1 13900.15 479 1.34 14599.77 14711.9 520 1.79 13182.36 13298.63 562 8.09 15148.67 15262.07 572 9.5 14374.3 14484.98 601 2.87 14061.2 14129.98 605 8.68 15752.34 15828.78 616 9.16 14779.88 14849.5
31 45 8.71 17040.81 17145.24 46 2.57 16545.95 16662.92 51 9.21 16962.31 17033.83 94 5.2 16166.74 16280.23 130 1.89 15170.13 15276.46 166 1.71 15756.42 15845.08 186 9.07 14557.68 14642.17 197 2.47 15552.55 15666.78 214 4.25 15354.87 15432.54 227 1.56 15190.4 15296.65 228 4.99 15189.59 15296.78 238 8.25 14406.42 14497.66 241 5.97 14595.76 14684.29 248 4.61 15807.45 15911.58 263 6.56 14389.1 14460.03 282 9.74 15357.84 15440.45 351 6.85 14127.15 14217.81 356 2.54 14606.9 14730.95 380 9.15 14378.72 14508.45 414 7.13 15074.12 15193.99 420 5.4 14848.93 14959.02 427 5.72 14559.44 14682.01 428 5.1 14364.97 14468.41 439 8.37 15743.69 15844.0 471 2.63 14392.3 14494.11 499 2.79 14770.21 14857.38 522 8.24 13838.34 13909.06 553 2.55 15513.21 15618.01 567 1.62 15665.19 15783.43 588 6.5 15508.12 15639.08 610 8.2 17145.42 17278.63
31 34 1.76 17322.29 17417.06 75 8.93 17594.09 17722.07 80 7.04 16236.1 16360.07 92 2.29 16632.15 16742.24 97 4.18 16324.11 16442.57 100 9.69 17710.5 17831.49 107 2.57 16543.84 16659.54 112 3.3 15992.85 16121.58 113 8.38 16428.02 16533.71 114 4.68 16975.18 17078.32 143 7.9 17078.59 17202.46 158 2.51 16021.82 16098.81 168 3.31 16420.18 16513.68 195 5.35 16507.49 16630.51 223 8.61 15981.45 16067.99 234 3.03 15689.27 15770.56 237 3.9 15173.5 15244.28 259 5.48 15763.25 15849.0 316 4.11 15290.28 15389.26 331 7.02 14775.04 14869.38 333 9.36 15957.79 16072.3 344 6.16 15441.37 15553.01 354 6.93 14877.19 14960.03 370 2.79 15310.82 15403.5 377 9.56 14701.85 14834.89 438 2.62 15864.8 15975.84 452 9.02 14688.57 14781.58 488 8.48 17157.88 17268.71 521 7.4 14352.0 14483.26 543 8.7 15399.39 15474.59 591 1.74 16539.86 16641.97
31 3 9.74 18144.7 18225.05 30 3.51 17243.73 17325.63 71 4.63 17562.94 17669.28 85 7.34 16932.7 17016.86 145 9.35 17717.68 17850.09 146 4.61 17199.99 17276.35 148 9.17 16769.75 16883.13 156 2.51 16858.52 16950.4 204 8.5 17509.2 17621.21 208 6.2 16494.4 16617.49 215 1.21 16675.81 16797.34 222 6.59 16142.16 16264.48 265 4.73 15978.32 16049.91 271 3.19 16790.8 16916.78 278 7.11 15468.1 15593.25 281 2.02 15648.89 15763.75 291 3.35 15463.16 15580.15 308 7.63 16292.55 16411.48 312 8.25 15951.72 16023.42 339 2.54 16097.1 16218.32 358 8.87 15967.08 16054.7 359 8.0 16664.71 16767.67 361 7.44 17035.85 17114.41 406 2.22 16407.47 16488.38 424 6.76 16819.6 16932.13 456 9.47 17104.65 17205.57 496 8.61 15028.32 15160.42 560 9.84 18625.47 18739.72 590 1.41 16497.54 16565.54 608 4.5 18985.0 19085.13 624 9.86 15380.67 15475.99
17 36 8.85 18134.82 18230.72 55 4.06 17815.46 17890.32 70 3.52 18438.75 18537.83 103 9.96 18047.97 18153.76 104 8.34 18002.72 18113.26 314 4.94 16513.2 16614.72 347 9.28 16876.88 17002.52 360 8.23 17242.58 17344.15 400 6.53 17195.0 17300.94 403 4.3 17052.02 17153.63 454 8.59 17150.68 17246.91 463 4.4 18069.2 18146.05 465 1.6 17276.79 17363.66 512 9.03 18357.76 18455.84 539 3.53 17038.69 17166.93 577 2.26 19984.92 20110.76 606 9.18 19531.94 19614.62
31 19 3.94 19015.03 19125.78 27 6.21 19863.54 19933.29 62 4.62 18799.86 18930.92 63 8.54 19214.19 19300.25 69 5.93 19216.73 19337.51 93 2.8 19641.02 19758.7 115 8.21 19847.37 19920.5 127 7.13 18633.66 18724.6 133 6.27 19605.74 19729.5 134 4.53 19419.31 19542.28 169 5.47 18509.25 18586.73 185 8.11 19512.21 19626.69 187 1.74 19626.57 19705.55 207 4.46 18095.32 18183.47 269 5.45 17763.86 17838.09 299 1.86 18398.54 18522.52 315 5.99 17489.08 17582.91 325 4.81 17971.81 18104.5 327 6.68 17716.99 17802.03 328 6.96 18118.55 18242.5 330 9.99 17854.72 17982.21 336 3.0 18405.66 18485.61 341 6.58 18045.07 18158.94 390 7.68 18070.37 18201.59 419 4.24 16741.15 16853.24 487 7.33 18704.51 18793.11 508 9.68 19220.94 19351.97 510 8.8 18513.01 18636.55 516 6.42 18116.46 18228.25 576 8.79 19700.17 19787.83 621 7.66 18268.6 18401.21
31 9 8.42 21265.03 21379.51 17 5.55 20143.42 20257.86 37 1.54 19163.25 19291.07 54 4.9 20224.07 20335.94 76 9.65 19637.51 19722.27 87 1.33 19491.84 19619.84 102 3.59 19046.25 19115.39 106 2.02 20709.25 20824.74 109 4.05 19762.91 19859.52 157 8.56 18798.2 18909.36 160 4.6 19600.25 19695.7 191 5.42 19079.15 19195.95 199 3.85 19861.81 19982.6 217 7.56 18838.3 18956.96 275 4.93 19325.38 19433.14 285 3.62 18850.09 18964.35 306 7.36 18507.02 18634.22 332 9.88 18809.64 18889.58 335 8.11 18715.53 18843.08 348 8.96 18885.32 18990.7 350 8.69 18561.29 18680.99 355 6.34 18270.91 18347.0 386 7.59 19457.88 19568.11 401 5.56 18824.67 18894.45 461 9.28 19241.08 19368.06 494 2.17 18186.96 18258.43 497 5.56 18927.61 19007.16 528 8.09 20561.25 20674.46 546 6.71 19146.17 19250.53 563 7.97 19872.32 19940.27 612 8.94 20311.36 20403.05
31 8 9.61 21695.09 21774.09 16 3.53 20308.85 20393.04 20 3.43 21959.19 22089.52 29 9.49 20568.19 20687.17 32 3.93 21217.04 21306.17 53 1.69 19650.29 19738.78 68 3.89 21047.84 21165.74 78 3.17 19356.46 19482.36 84 8.22 19997.62 20121.22 164 2.51 20108.6 20240.2 202 1.91 21423.2 21525.46 211 8.02 20345.08 20471.86 213 5.23 19962.36 20094.72 233 7.4 20095.79 20168.77 250 5.86 20069.23 20149.68 252 5.31 20682.88 20750.07 255 1.62 20445.1 20553.05 267 2.11 19126.75 19243.81 290 5.87 19923.19 20041.39 352 3.46 19078.97 19182.03 366 9.43 19837.95 19949.73 399 6.12 19851.25 19927.04 404 1.16 19112.01 19209.26 411 4.67 20202.35 20310.12 444 7.64 19064.31 19156.55 468 5.03 18520.23 18614.74 505 2.18 20748.97 20823.4 509 2.04 20781.85 20878.56 542 4.54 19372.31 19483.23 544 3.5 19071.31 19174.59 580 3.85 21854.32 21954.03
1 625 8.94 21029.49 21111.18
