1000 5000 0 1 17
7
5
2
9
3
8
8
7
3
4
5
4
7
4
4
6
7
6
7
6
4
3
5
7
3
2
6
3
5
7
5
4
5
7
7
5
2
7
2
3
6
7
2
5
9
4
5
3
4
6
7
7
3
6
7
2
2
2
4
9
4
4
2
8
2
9
5
3
6
5
6
5
5
2
4
2
4
2
2
5
5
5
2
4
5
4
7
2
5
4
2
6
2
5
8
5
9
3
9
5
2
9
4
6
9
8
3
8
6
5
7
9
6
7
3
5
2
5
6
6
3
8
8
3
9
6
4
4
6
4
6
6
4
4
2
7
5
3
7
3
2
7
4
5
2
9
2
8
8
5
5
2
3
4
2
4
2
5
2
9
7
3
2
4
8
4
7
3
5
4
6
7
5
5
7
7
3
6
6
5
5
8
2
6
2
6
6
4
3
8
5
8
4
4
6
9
9
6
6
2
4
4
5
4
9
2
5
2
4
7
3
7
2
8
5
5
5
5
8
2
5
2
2
3
4
4
4
4
8
8
6
6
5
5
6
5
2
7
5
9
7
2
5
2
5
2
3
5
2
3
7
8
6
7
4
5
9
2
2
9
8
6
9
3
6
5
6
4
2
4
7
7
3
4
4
9
4
8
2
9
6
4
2
4
3
8
7
5
7
3
7
4
5
5
4
3
4
8
5
4
4
6
7
7
3
7
2
7
6
6
6
2
5
4
3
6
6
7
3
7
4
5
5
2
4
7
6
3
5
2
3
7
4
5
7
6
2
5
3
4
4
8
8
4
2
4
7
3
4
9
3
5
6
4
7
4
4
9
5
8
7
3
4
2
5
7
6
4
5
2
7
8
4
4
5
5
4
7
6
6
3
4
4
9
2
7
2
8
3
5
5
4
9
5
3
5
2
6
6
3
3
6
6
4
8
6
3
7
6
5
5
5
6
4
3
3
4
8
3
3
7
9
4
5
4
6
6
3
7
7
3
4
5
5
2
8
6
3
7
7
4
6
6
3
3
2
2
9
5
7
4
5
5
4
2
8
8
5
7
5
7
2
5
2
2
7
7
5
5
3
6
7
7
4
4
3
7
4
4
5
5
4
2
4
6
5
3
5
2
4
2
2
8
2
4
7
3
5
8
2
3
2
6
2
9
6
6
5
6
8
8
6
9
3
2
6
9
2
4
5
7
5
9
8
4
7
7
7
4
4
5
5
6
5
4
4
5
6
7
6
7
4
2
3
3
5
6
6
2
8
5
5
2
6
8
5
5
3
5
3
4
5
7
3
5
5
2
4
7
7
4
4
4
7
6
2
8
4
7
9
2
4
6
5
5
9
3
7
3
6
4
4
5
7
4
3
4
5
7
6
6
6
3
6
4
6
3
6
5
5
7
6
3
5
5
2
6
6
5
4
3
4
5
2
3
3
6
9
6
9
2
5
2
5
7
6
8
7
6
7
2
7
2
6
3
5
5
4
9
3
2
9
6
6
7
2
7
4
6
6
7
3
7
4
5
5
5
7
6
6
6
7
7
3
3
4
2
7
2
5
7
7
2
4
6
6
2
6
4
4
2
5
3
5
4
6
6
2
9
3
6
4
4
5
4
8
3
6
3
5
3
8
6
4
4
8
4
5
7
4
3
7
7
4
5
3
5
3
4
4
6
7
7
6
3
3
8
5
5
2
9
3
2
5
9
5
5
4
2
6
7
7
3
6
7
6
5
7
3
7
4
5
6
4
5
4
4
6
2
5
5
7
7
6
3
2
4
2
3
5
6
7
8
2
4
2
2
3
4
8
2
2
8
8
5
4
3
5
6
2
4
8
3
2
6
4
3
3
5
8
7
8
7
3
5
9
4
5
8
7
2
4
3
2
3
4
5
9
4
5
2
4
2
9
6
7
3
2
7
9
6
5
9
5
2
6
5
9
6
9
4
6
5
8
3
2
7
4
6
4
5
7
6
3
4
4
3
4
8
4
4
2
6
5
4
7
4
3
6
9
8
3
3
8
2
4
3
4
3
9
8
8
9
3
5
7
7
2
6
5
2
7
2
2
4
2
2
8
7
5
4
8
3
5
4
6
3
7
4
9
8
2
8
4
2
2
7
5
8
2
2
3
7
5
8
4
8
9
3
5
9
2
6
4
5
2
7
6
6
5
7
6
7
3
5
6
7
7
6
2
3
5
6
4
6
7
4
4
2
5
7
5
3
2
6
2
5
8
6
5
5
4
6
4
3
9
5
5
4
7
5
7
7
3
4
4
3
5
3
0
613 8473.0 40.53
486 1981.0 597.9
999 4074.0 542.74
509 8081.0 58.1
472 3741.0 631.9
933 3035.0 424.15
822 4896.0 842.42
994 1422.0 906.4
805 9490.0 423.73
634 2650.0 655.87
544 7264.0 930.5
653 857.0 345.04
607 3721.0 255.36
758 8636.0 445.23
664 626.0 790.4
549 4780.0 695.72
670 8574.0 558.12
659 6701.0 288.14
152 9283.0 146.67
924 7874.0 579.68
262 3251.0 564.99
788 8470.0 147.27
453 8309.0 151.02
725 8790.0 20.91
453 1640.0 554.85
730 2257.0 687.64
761 8597.0 388.76
81 5637.0 928.86
950 6328.0 180.61
284 8671.0 190.72
680 7194.0 476.69
961 3606.0 257.83
373 6282.0 980.43
763 1285.0 985.49
683 9824.0 160.38
72 9079.0 670.4
725 6784.0 768.0
339 4200.0 838.34
717 1230.0 173.38
617 8796.0 130.9
453 1630.0 317.41
753 8487.0 882.98
660 6273.0 400.4
229 530.0 418.46
214 6485.0 516.42
413 7083.0 495.55
877 2343.0 116.32
209 3430.0 758.12
893 2013.0 144.75
599 9365.0 214.86
266 8563.0 196.01
633 5046.0 596.32
781 8445.0 843.12
593 7727.0 864.03
113 2073.0 529.98
706 161.0 540.74
773 9707.0 533.53
943 2859.0 116.9
554 7179.0 950.32
6 4419.0 797.76
992 8095.0 279.07
787 1328.0 553.55
839 2839.0 302.15
406 4034.0 3.74
431 3919.0 70.79
525 1994.0 199.0
344 5443.0 48.25
320 4069.0 414.12
945 129.0 892.44
720 844.0 408.91
848 4395.0 773.26
126 8877.0 693.48
570 2712.0 76.04
868 335.0 6.63
539 8666.0 275.28
857 8715.0 673.87
534 7051.0 903.5
367 512.0 331.09
309 9226.0 227.4
940 8481.0 803.58
64 7799.0 601.35
18 9881.0 748.27
975 1522.0 665.6
868 5426.0 155.37
998 6643.0 605.38
651 838.0 486.16
387 9164.0 49.98
208 8059.0 685.0
30 8577.0 712.7
643 9914.0 737.9
865 6349.0 564.7
189 4263.0 335.73
734 8914.0 997.02
354 9187.0 839.92
836 8883.0 851.37
10 176.0 662.46
632 3057.0 785.64
301 404.0 805.18
489 6671.0 405.65
851 5847.0 801.6
772 1669.0 626.36
796 6496.0 97.53
322 9037.0 831.4
837 4680.0 570.51
976 9129.0 600.14
128 3012.0 454.23
600 8590.0 741.2
542 1111.0 375.08
569 9032.0 102.53
683 2647.0 590.64
781 3128.0 969.89
240 8211.0 104.0
314 811.0 276.73
701 623.0 645.77
155 6418.0 445.15
30 793.0 575.36
60 6084.0 687.19
868 9603.0 717.76
607 8922.0 960.39
764 9209.0 775.49
895 384.0 507.34
222 3656.0 952.16
571 196.0 104.18
697 4620.0 827.3
42 2568.0 487.68
860 2679.0 275.32
556 9384.0 624.27
979 9447.0 341.89
509 2302.0 786.24
137 9954.0 71.16
16 5062.0 500.36
661 9886.0 57.53
741 8146.0 404.9
330 6138.0 669.01
622 8110.0 596.73
624 2837.0 487.75
721 750.0 306.76
962 6019.0 687.33
581 9344.0 37.3
710 5194.0 560.91
811 3636.0 860.6
141 9011.0 105.98
318 9781.0 378.98
184 8297.0 420.18
661 2083.0 966.67
239 9728.0 451.19
708 9629.0 394.21
567 3909.0 454.64
335 8466.0 624.21
938 4010.0 830.79
243 4129.0 255.72
505 507.0 4.75
994 5927.0 453.04
729 8981.0 596.44
212 5562.0 980.23
231 6329.0 126.43
434 5050.0 331.79
930 1566.0 108.12
190 7166.0 491.99
160 769.0 329.65
50 2783.0 185.01
113 5920.0 648.94
999 5849.0 331.71
256 7813.0 702.09
754 8365.0 198.9
217 2295.0 983.37
514 4772.0 95.28
621 478.0 334.59
307 5550.0 949.97
875 327.0 126.82
904 9983.0 488.7
905 9858.0 751.81
472 3920.0 574.07
917 6651.0 444.82
345 4611.0 10.24
356 6938.0 650.62
518 8624.0 731.66
784 5536.0 992.92
350 9158.0 589.06
895 4874.0 943.2
195 5333.0 542.58
456 6468.0 331.79
182 6570.0 910.99
542 8159.0 280.84
573 9036.0 647.59
898 7587.0 740.43
964 3074.0 181.55
243 7588.0 680.58
91 7266.0 814.0
449 9192.0 148.53
439 8238.0 619.95
447 7751.0 222.7
334 6715.0 78.05
547 7042.0 696.69
218 9853.0 686.73
117 2781.0 503.04
723 8169.0 776.26
916 8342.0 552.82
932 1008.0 461.85
166 6568.0 822.85
43 7146.0 206.36
510 3717.0 444.57
128 1942.0 575.66
989 5952.0 609.22
309 4261.0 454.36
98 45.0 908.13
43 1831.0 405.28
355 4829.0 738.37
422 5444.0 938.67
686 2445.0 269.85
173 8701.0 228.63
396 3101.0 261.0
153 6994.0 842.64
447 6640.0 811.07
124 8063.0 908.54
184 5872.0 955.69
741 602.0 685.84
18 7198.0 357.16
60 714.0 665.53
404 5210.0 924.23
791 3935.0 10.53
666 8327.0 35.25
983 7993.0 924.92
929 8568.0 703.76
131 1079.0 596.37
42 2526.0 466.51
882 8629.0 557.41
419 6034.0 897.81
605 1646.0 997.07
65 8625.0 453.59
637 172.0 782.35
386 9728.0 926.83
116 4310.0 791.42
12 7293.0 918.07
635 8088.0 660.43
329 5635.0 554.25
847 685.0 143.03
313 5786.0 749.77
770 4720.0 789.6
707 7334.0 476.86
945 5273.0 321.41
607 6782.0 477.47
245 3350.0 282.5
261 4682.0 902.23
968 2615.0 602.06
965 6262.0 340.83
705 7304.0 400.41
237 5423.0 785.3
433 7717.0 912.4
492 9966.0 456.94
596 7502.0 504.24
155 3821.0 867.55
647 9606.0 391.94
774 3743.0 294.55
918 6344.0 203.63
543 3647.0 480.13
674 2726.0 469.96
357 8628.0 506.97
201 5983.0 42.79
196 6231.0 996.67
629 8548.0 637.36
980 5911.0 697.27
802 4874.0 602.62
902 1279.0 664.67
651 1287.0 468.1
23 1649.0 318.85
638 2089.0 666.25
426 65.0 112.92
60 2783.0 826.4
943 4209.0 122.65
834 7043.0 703.94
579 4022.0 591.44
498 191.0 53.02
352 2240.0 317.08
805 594.0 123.23
50 7878.0 317.91
530 5900.0 364.21
602 1796.0 297.06
217 7617.0 608.84
851 6221.0 996.03
634 3826.0 898.69
105 8527.0 747.93
410 9434.0 449.79
658 1850.0 901.95
167 3959.0 513.74
442 2130.0 209.8
351 1979.0 885.65
389 8785.0 850.92
326 5842.0 26.08
934 9358.0 738.24
189 6530.0 500.19
617 7545.0 94.58
76 8432.0 900.85
991 3221.0 844.83
460 874.0 638.89
11 656.0 956.45
908 7044.0 244.31
76 7649.0 432.66
125 8997.0 695.62
529 3335.0 673.31
675 9362.0 582.23
738 9016.0 372.59
57 6703.0 290.6
953 21.0 50.86
503 8033.0 626.67
347 2914.0 572.99
67 5416.0 320.57
516 2798.0 828.26
951 2656.0 768.12
648 7125.0 609.08
747 5274.0 957.5
457 6617.0 979.41
80 7701.0 237.36
328 4221.0 185.31
426 4073.0 818.27
159 2164.0 546.72
90 2773.0 549.35
355 1343.0 680.52
937 3380.0 340.53
352 9602.0 744.23
292 1648.0 834.83
163 3726.0 970.05
848 5479.0 494.48
162 3881.0 947.9
760 2509.0 966.7
267 6577.0 985.93
479 5475.0 415.51
196 2492.0 181.96
844 6659.0 715.33
866 6871.0 777.56
383 536.0 448.63
3 4301.0 510.22
749 276.0 771.42
257 3905.0 501.13
607 6895.0 610.27
32 5080.0 604.01
346 7280.0 771.79
263 659.0 427.64
992 7148.0 788.06
951 7301.0 489.17
142 6490.0 1.58
146 7125.0 77.73
307 216.0 652.02
714 2952.0 167.66
432 3004.0 78.72
516 5121.0 388.27
811 709.0 242.83
265 3392.0 800.88
136 8460.0 74.35
324 5223.0 257.97
986 4393.0 259.05
3 6910.0 732.65
321 221.0 616.19
783 7427.0 495.94
725 323.0 964.95
680 34.0 854.28
520 4145.0 613.17
24 4715.0 718.1
820 1421.0 543.63
329 2496.0 402.36
131 2285.0 994.55
66 8626.0 153.81
733 5402.0 510.2
448 6866.0 568.76
249 3896.0 413.39
816 2507.0 835.1
193 9352.0 132.71
132 7371.0 716.93
936 7299.0 885.15
98 5591.0 615.72
856 2038.0 598.76
848 1822.0 494.73
947 4305.0 598.95
415 5070.0 281.98
447 8445.0 431.55
181 7333.0 285.02
228 8556.0 825.01
909 3773.0 979.77
490 3696.0 347.5
704 3772.0 42.87
375 2679.0 505.6
329 7454.0 397.61
955 3756.0 681.46
244 9581.0 29.39
91 869.0 710.84
828 5645.0 845.91
253 6812.0 468.05
560 2162.0 140.47
787 8899.0 371.83
312 868.0 78.01
328 1860.0 466.02
482 776.0 979.04
550 5908.0 338.11
884 6083.0 220.3
420 6765.0 89.71
905 8963.0 551.75
170 8566.0 420.07
383 7023.0 956.2
252 7485.0 673.41
16 7056.0 145.5
236 7743.0 143.53
371 4308.0 244.16
62 5190.0 423.12
993 3719.0 981.81
671 8940.0 811.87
201 6412.0 125.09
507 2191.0 364.97
99 4724.0 755.84
853 6462.0 7.51
327 4789.0 557.21
36 9633.0 423.65
799 4941.0 447.07
398 9823.0 931.92
126 6572.0 233.31
634 8563.0 992.19
439 66.0 724.45
54 3880.0 866.06
66 613.0 629.76
538 9581.0 131.07
945 3765.0 171.08
189 538.0 26.88
732 2159.0 475.55
401 323.0 828.39
521 9467.0 425.6
615 8960.0 339.14
374 6537.0 259.01
155 2239.0 670.04
353 6913.0 382.57
481 2494.0 710.51
910 9791.0 681.16
41 2556.0 625.74
594 2220.0 135.1
532 6466.0 137.35
439 2228.0 99.71
963 9034.0 533.83
396 762.0 300.39
647 2801.0 632.98
223 6789.0 238.65
492 4563.0 234.41
157 9366.0 797.75
185 2149.0 793.64
764 9343.0 783.69
766 7996.0 253.63
115 9049.0 664.49
215 9454.0 979.46
229 1240.0 458.3
857 1765.0 142.87
226 6006.0 180.6
946 228.0 95.67
238 1217.0 190.27
950 3370.0 39.29
310 5037.0 854.01
962 7319.0 582.27
654 2989.0 680.38
190 8798.0 192.65
153 8502.0 821.19
357 8560.0 191.95
401 2096.0 389.27
879 4485.0 739.74
637 826.0 448.41
19 9684.0 421.96
538 5649.0 846.55
133 2252.0 142.55
984 9688.0 195.01
857 6846.0 918.21
606 4468.0 410.59
913 5619.0 372.79
408 5751.0 649.78
449 3404.0 398.28
485 9398.0 741.6
191 1183.0 255.23
462 1267.0 394.56
160 6205.0 739.83
514 4743.0 80.33
8 1648.0 512.45
165 217.0 914.28
34 3478.0 829.41
616 5469.0 26.86
358 2617.0 399.46
757 446.0 646.65
375 9842.0 604.81
26 6398.0 820.63
370 1908.0 48.19
989 7914.0 226.99
14 4803.0 453.82
17 7078.0 195.64
564 5468.0 783.69
53 6641.0 413.72
537 3933.0 573.99
444 8402.0 893.55
585 5746.0 839.14
153 8738.0 709.06
884 3401.0 789.63
285 8356.0 140.09
918 6735.0 298.87
493 5231.0 358.82
357 4472.0 687.92
29 6553.0 320.68
390 3923.0 970.22
823 1513.0 325.89
321 5197.0 563.44
441 5483.0 233.83
248 226.0 470.42
39 7651.0 112.69
110 7152.0 53.91
825 5137.0 221.9
181 1191.0 87.38
244 4834.0 852.88
481 1545.0 644.22
455 6216.0 834.52
32 82.0 230.35
631 3544.0 248.9
79 569.0 444.61
950 5960.0 437.95
14 6539.0 317.93
587 7401.0 750.13
758 9313.0 432.63
846 6578.0 790.75
637 1341.0 885.45
833 7167.0 368.38
608 4901.0 838.11
773 5229.0 377.47
181 5214.0 91.23
173 3812.0 682.27
292 8421.0 70.13
725 1158.0 276.15
664 4758.0 12.73
331 4717.0 730.44
299 2245.0 848.29
194 8102.0 207.51
932 4573.0 92.64
546 1349.0 295.25
171 419.0 582.99
761 4625.0 830.96
508 7972.0 181.91
139 6577.0 420.16
394 2483.0 578.1
513 1028.0 318.54
696 249.0 926.56
284 6375.0 428.87
734 8861.0 788.83
904 8638.0 148.63
450 6480.0 359.27
312 6377.0 63.64
261 6162.0 29.28
534 6541.0 545.72
127 1384.0 415.88
403 8422.0 947.77
322 7600.0 499.82
606 1400.0 352.08
282 2773.0 860.14
835 8432.0 121.95
226 278.0 357.98
52 458.0 122.53
206 1151.0 976.5
785 3745.0 151.84
397 8432.0 794.24
798 9590.0 91.94
841 5625.0 854.16
24 5719.0 182.13
806 7145.0 269.33
617 5573.0 789.29
193 1529.0 650.94
999 2436.0 663.05
914 3471.0 267.61
203 717.0 4.58
39 7093.0 247.59
972 8766.0 480.53
780 9635.0 705.5
68 2302.0 118.34
271 8125.0 462.52
871 3866.0 459.93
4 4122.0 93.98
303 4761.0 932.71
727 1435.0 286.91
616 7680.0 456.19
995 7213.0 787.1
247 9559.0 890.52
284 859.0 636.51
996 9903.0 516.85
330 5044.0 563.71
659 502.0 985.91
319 8212.0 199.79
619 4359.0 543.67
246 2981.0 696.0
671 3540.0 698.99
207 6705.0 301.26
556 18.0 800.5
636 575.0 857.51
672 3616.0 842.94
401 1216.0 547.22
192 1688.0 41.14
837 8442.0 517.07
550 931.0 788.72
650 5157.0 92.82
469 9268.0 562.77
499 4407.0 695.94
689 7220.0 100.1
887 4219.0 961.06
78 1874.0 638.42
165 8066.0 627.03
991 8588.0 963.35
778 4785.0 857.12
7 9083.0 164.66
763 3532.0 902.09
364 3207.0 548.19
63 360.0 681.47
705 1320.0 227.84
111 2283.0 943.47
721 8288.0 994.09
501 5253.0 531.25
952 1187.0 290.67
886 4279.0 856.19
744 1193.0 581.66
785 2310.0 324.2
940 6727.0 32.99
375 1358.0 466.98
248 8427.0 671.02
598 6609.0 522.64
416 6691.0 434.53
1000 9359.0 509.72
326 3841.0 662.82
889 2914.0 759.13
272 8397.0 382.14
92 4737.0 59.32
129 368.0 419.64
853 7188.0 429.5
378 8234.0 905.04
734 9409.0 229.41
940 7616.0 618.85
176 2337.0 207.68
810 9544.0 814.15
939 5273.0 546.23
550 55.0 700.74
69 313.0 915.58
875 9624.0 384.82
578 9805.0 448.36
838 6446.0 851.93
319 1908.0 40.31
610 1823.0 651.2
349 6065.0 704.17
100 111.0 536.28
858 59.0 604.55
587 6722.0 831.4
161 1164.0 266.67
278 978.0 764.96
393 3577.0 944.89
920 9119.0 310.04
884 1616.0 490.09
579 9385.0 619.61
927 8113.0 788.39
892 6025.0 925.43
790 1579.0 739.26
580 4909.0 244.86
40 8549.0 502.39
581 9071.0 507.88
385 9602.0 170.32
79 3723.0 413.05
859 3733.0 752.07
806 9055.0 914.8
451 5857.0 667.82
650 338.0 126.64
579 117.0 982.64
654 6147.0 870.17
738 6830.0 752.32
64 7115.0 724.84
889 8525.0 973.82
342 4140.0 696.36
270 6094.0 984.67
267 9549.0 403.53
912 3235.0 785.11
778 2274.0 461.8
464 6736.0 908.51
167 7353.0 550.15
951 4700.0 935.75
101 3202.0 820.84
380 4110.0 734.4
469 9192.0 932.75
337 7460.0 683.93
500 8489.0 105.99
630 6067.0 260.61
663 9805.0 16.94
363 2438.0 977.72
669 4187.0 857.7
373 439.0 443.6
665 9561.0 405.42
289 5093.0 758.24
733 2515.0 356.43
171 382.0 830.22
570 8955.0 489.76
643 4677.0 770.25
210 451.0 281.29
655 5842.0 187.74
226 8905.0 710.48
870 275.0 64.5
929 3946.0 797.77
877 1115.0 750.2
652 8278.0 429.51
542 9267.0 587.24
49 6664.0 463.08
679 884.0 394.35
530 3742.0 30.04
984 8024.0 61.02
940 2707.0 597.22
392 3660.0 798.05
436 1022.0 857.55
937 1468.0 529.38
230 4189.0 554.03
623 8933.0 418.11
885 115.0 820.43
91 8990.0 979.37
434 4479.0 646.19
395 5782.0 291.4
864 3291.0 323.55
733 4247.0 976.53
626 4466.0 319.49
647 4243.0 558.25
797 1754.0 737.52
727 88.0 807.39
272 338.0 799.56
965 367.0 73.69
964 6040.0 583.6
304 7278.0 161.59
27 870.0 661.04
461 1530.0 619.71
475 5897.0 259.89
614 154.0 923.09
892 7248.0 576.15
786 6338.0 482.54
996 135.0 193.27
86 1090.0 54.68
716 4739.0 112.19
928 767.0 943.89
145 5236.0 649.3
748 3515.0 107.56
688 634.0 396.89
778 8522.0 349.46
745 2858.0 635.54
620 4548.0 529.92
248 8558.0 726.42
796 3317.0 6.59
287 7493.0 452.88
715 9489.0 951.57
135 5790.0 477.34
907 941.0 69.11
677 1230.0 587.67
198 1856.0 154.55
800 4524.0 492.08
729 5607.0 500.43
165 7201.0 607.48
229 6707.0 490.47
877 1606.0 143.09
505 8838.0 57.59
476 355.0 793.85
949 8257.0 519.38
136 3042.0 806.83
76 7604.0 2.35
586 4999.0 488.28
542 7208.0 621.15
540 4941.0 993.66
943 941.0 816.74
360 3943.0 932.54
334 5103.0 226.45
835 3938.0 242.43
993 1216.0 336.94
591 2311.0 266.02
899 8273.0 291.02
909 1583.0 782.15
821 7214.0 42.42
166 6523.0 118.52
308 9072.0 568.14
223 9300.0 8.1
854 455.0 754.06
848 1732.0 221.46
607 8786.0 779.76
990 2387.0 840.16
906 8923.0 920.35
167 1266.0 531.55
413 2046.0 780.07
436 4316.0 215.18
752 1927.0 69.59
34 8010.0 999.76
432 4954.0 164.25
249 4119.0 53.07
711 1635.0 923.91
124 8218.0 353.5
278 8497.0 949.01
993 1499.0 127.87
294 6935.0 438.31
368 6600.0 418.54
667 6712.0 860.85
643 2801.0 423.06
674 4893.0 665.92
519 5585.0 981.05
840 9266.0 384.65
63 3180.0 290.58
872 6143.0 358.31
957 1573.0 774.16
307 9243.0 522.15
813 7506.0 103.41
167 5815.0 431.5
722 5472.0 451.43
826 948.0 221.97
282 1543.0 68.28
896 8071.0 371.48
816 5090.0 928.45
944 2581.0 621.23
408 1398.0 643.11
433 173.0 972.93
784 275.0 469.04
960 8101.0 154.79
539 8431.0 320.12
546 5290.0 378.11
659 4131.0 483.76
973 3706.0 623.02
380 9164.0 718.96
950 7102.0 735.87
813 962.0 94.78
100 689.0 600.04
438 9684.0 66.2
67 5537.0 752.73
896 9929.0 188.69
465 2026.0 441.22
970 7330.0 51.23
227 6673.0 93.21
277 5372.0 503.55
48 3711.0 667.86
35 1490.0 322.63
716 3310.0 280.03
346 6269.0 870.47
159 4154.0 558.77
281 6897.0 885.98
926 6899.0 396.14
167 8986.0 863.18
368 7778.0 787.75
346 6749.0 395.99
344 3204.0 236.74
430 6263.0 882.85
406 7582.0 342.41
28 3630.0 868.25
357 981.0 429.92
969 4358.0 178.02
986 2258.0 258.04
8 7479.0 171.41
997 5289.0 590.84
723 7526.0 394.42
14 2485.0 94.75
828 5870.0 169.99
339 762.0 460.97
17 2335.0 405.16
883 9553.0 505.89
809 6008.0 728.31
729 2292.0 153.27
718 2772.0 528.06
738 9132.0 539.71
833 7279.0 180.21
183 7032.0 590.9
969 1374.0 348.9
877 3380.0 1.65
325 8382.0 586.57
806 8574.0 200.61
393 4752.0 939.07
269 5660.0 377.35
997 2040.0 678.27
826 7369.0 244.06
796 9588.0 477.92
682 1680.0 606.73
705 848.0 739.35
839 3676.0 252.28
565 1181.0 451.38
499 6708.0 635.98
712 2145.0 751.74
278 797.0 78.63
671 6569.0 264.97
73 5538.0 57.62
399 3252.0 327.7
762 3044.0 683.45
622 2722.0 87.3
347 3688.0 482.71
137 7123.0 200.78
381 911.0 500.76
459 3253.0 680.61
158 7457.0 883.86
256 2405.0 897.39
329 9445.0 972.13
927 6110.0 183.0
656 4150.0 385.79
733 3066.0 610.13
131 2095.0 4.38
744 2985.0 212.87
911 5429.0 76.21
514 7052.0 974.84
652 6845.0 230.73
444 8315.0 724.27
332 9489.0 514.17
511 2600.0 249.51
764 4145.0 360.41
776 8695.0 146.31
883 8836.0 38.48
793 8417.0 27.63
906 260.0 432.79
256 6008.0 629.78
167 8100.0 154.54
301 7604.0 525.8
223 1793.0 494.42
57 9178.0 748.6
462 8200.0 846.0
423 134.0 320.43
926 6519.0 765.64
772 5057.0 41.21
996 9473.0 972.24
161 2335.0 993.54
833 9362.0 305.55
388 7646.0 76.35
875 1677.0 786.9
519 8712.0 565.91
611 1994.0 783.73
495 4947.0 380.09
576 2151.0 8.96
188 7332.0 826.64
719 4254.0 826.39
200 8375.0 212.06
283 3623.0 186.89
314 887.0 92.35
411 5965.0 849.92
896 3680.0 197.7
231 8020.0 811.02
349 6838.0 725.02
401 9662.0 902.04
742 3672.0 248.04
585 8734.0 477.81
90 6982.0 313.59
5 826.0 870.45
187 1366.0 335.66
730 2394.0 477.97
476 1503.0 374.12
56 565.0 408.1
251 1615.0 167.4
718 917.0 49.14
615 1637.0 153.38
735 5164.0 34.57
665 2965.0 701.71
119 9685.0 315.9
570 6839.0 584.86
938 7473.0 376.52
418 5142.0 340.21
576 7950.0 401.86
287 90.0 949.58
590 8990.0 485.0
371 3440.0 216.4
64 8010.0 553.28
112 5931.0 495.33
139 6809.0 494.77
626 9120.0 449.02
467 4420.0 674.89
32 4305.0 457.95
915 4742.0 509.33
742 1833.0 642.87
905 3072.0 648.81
67 5544.0 689.73
556 5206.0 272.95
832 8612.0 79.59
370 9509.0 468.72
539 9519.0 984.18
278 3483.0 482.58
402 6346.0 785.31
879 7244.0 746.54
907 1837.0 20.78
994 8726.0 722.99
750 7050.0 445.46
84 2389.0 319.87
650 9239.0 774.98
826 211.0 75.12
949 7645.0 341.25
617 2588.0 366.73
686 7758.0 840.25
808 1138.0 72.6
90 9357.0 902.17
176 4510.0 453.82
398 4858.0 622.84
717 9348.0 558.91
552 8341.0 152.15
730 6010.0 447.36
286 4435.0 599.8
918 8882.0 56.25
842 9004.0 157.07
563 7150.0 213.05
520 8296.0 773.87
502 558.0 377.14
166 4309.0 228.84
934 1238.0 789.74
83 301.0 889.23
133 2390.0 102.91
97 5747.0 829.23
664 4967.0 459.78
706 9550.0 632.77
361 894.0 906.23
455 4034.0 736.89
359 6155.0 864.5
782 4569.0 657.21
517 389.0 239.26
674 9073.0 938.21
177 3775.0 919.62
477 8928.0 854.68
967 8944.0 771.45
37 6206.0 573.71
14 6163.0 704.51
745 3326.0 510.8
22 9363.0 749.24
814 2474.0 783.14
158 4785.0 73.54
815 435.0 640.4
210 8683.0 855.54
331 4260.0 285.56
689 3620.0 972.45
606 1128.0 400.94
323 9116.0 75.12
567 3065.0 648.56
132 860.0 373.46
759 5824.0 263.96
942 9037.0 419.5
836 1514.0 359.45
774 4823.0 108.19
625 2005.0 476.95
496 834.0 219.15
165 1153.0 360.26
614 1952.0 633.34
555 3565.0 440.89
567 138.0 813.62
70 617.0 874.21
417 6345.0 391.78
168 7712.0 643.79
570 6192.0 657.68
916 6740.0 162.42
211 4760.0 398.72
839 5603.0 267.13
584 4866.0 442.28
24 6239.0 183.13
858 1962.0 805.24
936 6268.0 628.09
501 5241.0 958.46
846 1831.0 385.53
332 9763.0 548.76
745 371.0 673.76
499 649.0 478.78
182 3395.0 916.45
61 2158.0 570.07
57 9998.0 624.57
627 4338.0 517.32
923 1078.0 646.05
578 6147.0 137.34
823 2848.0 962.06
454 6076.0 725.26
433 2183.0 426.76
341 7913.0 728.62
793 6234.0 969.57
463 7468.0 890.24
986 9060.0 722.21
263 6177.0 814.98
925 5018.0 615.69
253 8165.0 6.81
326 3706.0 384.89
544 6595.0 979.82
462 1784.0 837.61
274 6836.0 434.12
486 6744.0 868.38
644 9180.0 912.54
971 7986.0 830.51
814 5152.0 620.67
432 1744.0 434.03
491 1057.0 508.39
425 8242.0 856.19
329 1895.0 174.19
103 3413.0 906.59
478 6205.0 493.84
378 5940.0 900.44
341 5493.0 117.08
85 8835.0 925.01
941 2034.0 29.6
310 3333.0 311.17
607 6464.0 399.35
229 1973.0 407.12
517 4522.0 354.43
82 5490.0 976.86
762 5129.0 885.1
122 4727.0 412.08
17 286.0 921.95
91 2248.0 730.17
752 3694.0 265.31
288 4500.0 275.87
753 2491.0 544.27
104 5561.0 782.36
152 6579.0 804.71
516 5115.0 203.24
451 374.0 98.96
276 450.0 975.38
478 2735.0 731.45
131 9864.0 212.84
484 7973.0 380.99
26 8706.0 22.1
200 8021.0 668.01
390 3027.0 473.72
139 9902.0 613.07
303 4184.0 528.89
495 6024.0 127.34
876 3053.0 839.91
560 3613.0 212.08
486 8746.0 34.97
457 8338.0 855.63
188 8566.0 704.9
372 7434.0 478.75
71 7894.0 42.79
522 3479.0 786.64
520 465.0 687.75
388 2678.0 609.69
931 851.0 357.25
344 273.0 833.11
492 5907.0 274.55
476 697.0 948.01
977 1520.0 149.73
892 7180.0 762.2
338 8294.0 176.96
352 452.0 379.77
720 844.0 354.87
141 5200.0 804.45
440 3526.0 5.78
92 8595.0 704.98
593 1949.0 583.19
720 8284.0 761.72
872 7401.0 455.71
709 2264.0 900.96
343 5511.0 304.0
547 3836.0 532.9
993 758.0 559.45
110 1295.0 626.59
176 6693.0 739.22
846 2275.0 464.02
784 8536.0 149.37
109 8994.0 203.4
236 3624.0 279.72
616 7806.0 713.96
245 7787.0 159.96
647 9233.0 84.5
648 8687.0 8.49
33 9945.0 3.73
744 9345.0 939.87
825 7249.0 571.71
639 2891.0 905.9
851 4051.0 741.25
56 3198.0 600.99
920 3013.0 913.14
841 7943.0 75.48
727 2818.0 714.91
335 6036.0 172.67
346 7436.0 731.15
207 5857.0 273.17
325 5941.0 902.97
12 3136.0 223.4
993 9945.0 579.26
121 2867.0 714.63
801 3737.0 492.86
810 4148.0 7.24
186 1609.0 221.56
794 192.0 966.67
94 5576.0 437.17
800 5884.0 74.47
689 5685.0 499.98
372 7200.0 747.88
201 3913.0 206.24
405 3133.0 633.01
40 7117.0 475.29
478 5565.0 661.42
371 7940.0 142.54
923 8267.0 458.05
210 9897.0 829.23
884 457.0 479.35
133 6181.0 891.5
485 1445.0 412.09
795 6353.0 68.36
304 4890.0 711.29
506 7038.0 946.6
405 7632.0 118.22
775 8534.0 498.9
640 4902.0 7.18
414 1042.0 442.48
627 4101.0 829.19
242 3456.0 435.08
84 3268.0 483.69
157 3008.0 744.89
653 4103.0 735.58
904 4739.0 364.51
811 8837.0 68.06
252 9930.0 950.09
514 6730.0 174.75
227 4028.0 488.91
785 610.0 257.5
315 7866.0 566.84
466 1535.0 385.86
758 5248.0 140.31
953 8302.0 494.68
458 6291.0 75.24
893 82.0 153.32
615 382.0 967.09
229 2967.0 905.16
357 612.0 992.24
34 1110.0 914.02
248 3620.0 331.43
306 3787.0 161.87
417 9763.0 216.49
156 7456.0 160.26
324 723.0 968.28
558 7817.0 541.93
484 8690.0 234.59
503 2440.0 177.78
840 5189.0 809.55
888 4725.0 27.68
520 3684.0 992.89
976 459.0 203.33
628 3596.0 121.02
689 9771.0 445.34
236 1098.0 853.03
318 6261.0 67.18
384 3132.0 254.68
841 3589.0 332.57
385 8029.0 550.81
657 8876.0 754.71
982 6502.0 557.75
546 8794.0 937.87
58 6635.0 750.81
22 300.0 514.29
327 2396.0 673.23
438 6055.0 776.48
505 7996.0 499.75
184 3025.0 569.74
170 136.0 858.46
973 5594.0 730.12
950 7879.0 123.81
215 7473.0 331.02
450 521.0 972.8
272 777.0 175.22
987 8276.0 503.82
652 4710.0 112.27
66 9147.0 187.75
559 8364.0 674.11
616 937.0 402.53
952 3339.0 344.2
63 3155.0 792.95
215 8991.0 578.18
197 6545.0 879.23
476 3385.0 765.59
416 8076.0 497.34
984 4438.0 402.07
453 4617.0 421.01
370 3579.0 439.0
468 3692.0 177.75
186 6645.0 832.78
888 4823.0 664.68
939 3996.0 518.11
835 3018.0 971.03
935 5077.0 149.94
805 1721.0 976.23
460 3564.0 190.02
110 6032.0 686.7
528 1811.0 690.23
485 6721.0 223.13
30 3471.0 919.39
253 8646.0 380.5
431 4371.0 651.19
628 9448.0 772.82
268 6879.0 239.81
66 4802.0 256.82
633 1561.0 419.04
918 1591.0 902.38
12 9482.0 705.97
286 7098.0 306.51
282 5275.0 484.38
269 1569.0 880.73
93 9908.0 545.8
917 5777.0 463.89
8 1678.0 970.91
627 1244.0 399.41
420 3162.0 812.9
757 897.0 740.51
613 4037.0 125.55
562 4154.0 803.27
230 8916.0 783.46
352 2814.0 315.51
378 2565.0 392.64
631 6287.0 930.75
361 3049.0 330.68
75 3385.0 422.75
562 2725.0 80.6
179 372.0 194.11
504 4354.0 97.97
861 6080.0 398.52
829 5232.0 134.68
422 418.0 574.64
638 5862.0 798.35
176 8553.0 956.84
179 4935.0 22.92
136 7568.0 750.12
226 3407.0 240.47
152 3625.0 859.66
102 9845.0 685.43
434 5163.0 610.69
298 2481.0 511.98
252 1891.0 27.12
837 257.0 165.33
908 2443.0 475.95
971 7142.0 67.27
555 7660.0 231.04
932 7591.0 843.99
901 7799.0 14.72
332 9401.0 607.33
439 1263.0 101.7
533 5260.0 218.73
520 6268.0 477.76
344 4617.0 761.28
408 1516.0 27.18
508 760.0 652.55
286 9394.0 844.59
707 7994.0 98.96
522 8376.0 970.39
420 6884.0 776.27
974 4545.0 676.75
530 8251.0 17.81
51 4595.0 178.58
596 5998.0 107.8
469 233.0 831.55
94 5252.0 248.11
98 8074.0 756.53
352 7183.0 614.0
107 4315.0 401.14
972 2634.0 839.26
869 9445.0 470.74
218 8780.0 2.54
325 1387.0 299.79
318 9188.0 492.88
950 8235.0 151.19
815 7369.0 957.46
68 10.0 120.12
464 1257.0 576.65
597 6793.0 53.76
608 5941.0 909.43
458 1138.0 295.05
867 4139.0 468.88
745 1882.0 268.13
804 7323.0 390.99
849 7740.0 746.22
789 4840.0 867.81
117 1918.0 241.92
432 2205.0 398.84
723 7988.0 254.27
217 8005.0 260.48
545 5976.0 125.49
734 4004.0 340.92
930 9279.0 478.14
676 6955.0 954.82
914 1818.0 496.76
6 6635.0 95.39
292 5288.0 509.77
211 2466.0 257.94
682 1770.0 814.23
569 1190.0 875.12
475 3460.0 388.61
211 5193.0 133.99
780 4019.0 123.69
693 3981.0 832.8
148 8327.0 687.57
727 303.0 965.19
475 9078.0 801.14
728 9286.0 337.14
836 609.0 886.24
755 8776.0 317.51
371 7250.0 705.3
214 276.0 801.12
806 9489.0 434.78
5 9900.0 645.65
582 8089.0 569.17
941 9541.0 938.7
405 8812.0 754.52
195 5488.0 136.96
942 298.0 801.82
533 563.0 762.99
360 3676.0 831.3
736 7946.0 421.06
26 6817.0 709.35
830 1965.0 358.02
344 6958.0 641.62
809 6832.0 653.2
757 20.0 826.55
775 5842.0 555.65
100 8474.0 110.78
891 727.0 930.91
781 5756.0 997.16
969 6227.0 303.28
917 5705.0 11.37
365 6043.0 346.33
286 1401.0 532.87
962 9954.0 757.39
208 2783.0 22.13
355 5575.0 456.23
513 6059.0 774.54
942 144.0 991.02
657 457.0 850.37
993 1729.0 120.04
163 9115.0 604.61
566 1901.0 217.18
945 7261.0 390.79
710 7759.0 984.26
880 7049.0 443.76
429 5014.0 247.12
875 8008.0 346.72
15 2273.0 77.44
520 5347.0 702.7
572 8653.0 825.01
703 6591.0 40.17
217 8531.0 522.58
114 4474.0 404.9
684 9876.0 573.56
473 2236.0 22.86
120 9707.0 691.87
568 2135.0 127.41
459 740.0 366.34
513 7016.0 15.13
431 5888.0 361.08
721 3208.0 841.41
477 7408.0 172.5
916 9870.0 224.28
887 2695.0 46.61
971 6421.0 951.61
333 1679.0 508.59
526 3169.0 8.99
899 616.0 698.76
660 3872.0 456.9
632 9055.0 828.42
82 9222.0 479.77
990 3596.0 551.4
463 4801.0 18.83
401 4864.0 249.63
421 7026.0 910.51
969 4973.0 160.4
546 4470.0 279.75
175 1266.0 2.31
878 7825.0 482.83
638 1912.0 911.61
885 7759.0 52.26
13 9085.0 693.62
847 4460.0 648.64
513 6042.0 609.1
59 9252.0 754.04
55 8202.0 110.95
490 1376.0 767.41
452 3881.0 137.88
117 6718.0 187.94
492 1437.0 888.59
281 4011.0 630.2
985 177.0 51.12
683 4313.0 421.83
534 3008.0 339.24
511 4975.0 811.93
317 5900.0 126.64
612 3632.0 651.69
999 902.0 12.35
89 4365.0 548.57
831 2362.0 948.06
956 5104.0 940.73
490 7497.0 410.38
549 954.0 730.59
450 9254.0 928.87
191 794.0 221.38
785 4884.0 281.12
594 6780.0 954.09
163 9253.0 900.13
739 5635.0 322.24
908 5321.0 696.54
876 8330.0 597.39
235 7279.0 592.94
908 1487.0 915.68
745 4204.0 559.51
638 6743.0 976.69
263 5269.0 402.6
618 718.0 510.62
757 484.0 854.11
422 7081.0 432.59
278 9100.0 438.3
35 4923.0 735.65
685 8333.0 928.61
623 4914.0 64.78
768 9841.0 603.53
585 3135.0 973.89
25 7054.0 660.06
83 1719.0 47.5
134 4894.0 927.01
363 5534.0 694.94
967 880.0 729.44
457 119.0 959.04
184 9046.0 24.08
536 464.0 730.91
223 7860.0 185.5
785 933.0 523.93
317 112.0 970.67
316 7431.0 739.62
168 6558.0 979.61
526 6339.0 38.17
865 7153.0 30.93
368 8775.0 179.05
318 4752.0 231.38
144 1525.0 243.52
468 291.0 178.18
345 5323.0 834.8
427 984.0 583.64
730 9342.0 774.65
106 5783.0 713.18
833 9651.0 694.67
983 973.0 292.72
196 4271.0 349.49
746 2881.0 650.12
999 2257.0 818.5
846 2439.0 256.58
672 6095.0 671.05
357 3167.0 41.38
276 1259.0 656.48
714 1331.0 800.67
902 9155.0 9.85
978 3086.0 950.95
512 8144.0 488.7
724 7100.0 115.46
565 7218.0 608.77
403 6551.0 208.55
979 3457.0 999.05
477 8243.0 927.37
193 6725.0 794.22
8 6902.0 696.57
504 2028.0 21.52
427 9526.0 256.63
924 2332.0 90.66
595 8134.0 202.74
170 3309.0 80.96
282 199.0 159.09
483 3041.0 998.98
332 7149.0 902.83
21 3504.0 674.42
236 4030.0 190.32
651 1614.0 725.81
457 6010.0 864.15
516 6349.0 712.35
47 1569.0 834.53
7 265.0 968.08
23 8647.0 523.92
522 4419.0 91.02
239 5551.0 256.24
3 4499.0 317.89
504 8200.0 143.07
387 9902.0 919.4
454 8606.0 196.27
427 7220.0 536.05
787 5717.0 458.63
84 5600.0 162.02
828 4095.0 720.64
457 4880.0 93.8
137 8779.0 288.94
457 1011.0 40.15
108 7479.0 235.43
357 2164.0 647.07
201 7200.0 734.7
931 3976.0 149.2
344 5802.0 130.55
192 2575.0 778.56
206 704.0 918.78
445 9063.0 262.96
678 4163.0 263.35
116 2363.0 937.81
448 4354.0 1.26
583 209.0 388.35
989 845.0 291.42
778 8020.0 161.98
4 4779.0 388.57
87 7996.0 623.64
189 4400.0 599.23
351 1569.0 828.68
274 9921.0 755.17
258 5793.0 153.9
538 7078.0 439.62
657 6471.0 12.04
243 2883.0 100.77
595 5098.0 915.87
27 8286.0 202.63
556 1491.0 564.94
847 3990.0 796.53
713 7237.0 850.11
804 3687.0 754.9
887 6443.0 205.26
517 2210.0 13.47
575 6556.0 372.35
554 6654.0 573.88
55 2576.0 764.63
814 7577.0 548.85
611 5228.0 829.2
603 2251.0 123.76
980 8583.0 215.8
254 595.0 895.54
658 4509.0 86.49
981 3810.0 293.57
225 9989.0 825.01
988 7214.0 538.42
147 712.0 107.78
142 3078.0 790.23
2 9987.0 797.45
928 6137.0 694.92
487 6638.0 922.53
345 9423.0 331.38
567 6170.0 323.15
181 9109.0 854.43
205 7528.0 569.04
199 8821.0 103.37
565 9258.0 586.8
939 4674.0 68.39
315 9930.0 444.93
508 4418.0 920.4
224 2206.0 808.04
913 24.0 384.35
37 6731.0 672.37
41 3900.0 249.73
880 6235.0 956.91
416 7627.0 141.35
878 3833.0 958.76
694 8452.0 182.89
555 5131.0 653.23
401 4945.0 391.88
531 502.0 524.09
28 4308.0 516.91
35 3415.0 37.66
718 3250.0 202.56
697 6045.0 637.51
134 7023.0 979.01
211 4110.0 216.2
85 7734.0 547.74
41 4220.0 839.09
627 1427.0 325.46
153 2243.0 216.35
926 5999.0 298.96
308 6565.0 636.27
793 5462.0 599.89
247 9709.0 254.91
500 8015.0 174.32
241 328.0 687.44
432 3496.0 650.32
294 3847.0 19.23
502 6028.0 364.52
764 1036.0 26.42
637 4138.0 797.76
807 606.0 601.98
209 2298.0 101.05
918 2549.0 667.71
232 928.0 70.75
813 5814.0 504.63
750 8813.0 56.43
592 8076.0 667.26
429 2609.0 775.75
958 7612.0 222.61
698 5939.0 43.3
791 5642.0 303.13
710 1180.0 135.67
780 7998.0 797.89
443 7322.0 831.31
751 9084.0 990.16
2 1922.0 584.1
791 8949.0 687.7
605 451.0 379.24
269 8536.0 112.25
516 8894.0 638.23
410 1643.0 173.36
11 5326.0 952.64
871 4340.0 199.35
621 4291.0 268.03
910 7024.0 7.21
4 132.0 884.58
463 7070.0 870.5
165 1845.0 360.89
348 741.0 912.64
207 5107.0 200.66
476 5483.0 746.82
805 1510.0 338.45
868 4363.0 864.65
545 5947.0 533.54
771 9135.0 937.12
50 7620.0 582.7
352 396.0 85.38
49 3112.0 826.07
23 541.0 734.7
443 1913.0 550.77
329 9.0 896.99
945 9929.0 348.98
662 224.0 852.69
328 7420.0 349.07
60 7337.0 178.79
761 5485.0 567.75
426 3104.0 304.63
475 3330.0 107.97
477 5797.0 445.92
392 3325.0 498.74
678 5860.0 462.13
327 7587.0 251.84
458 1686.0 362.8
960 7718.0 485.28
419 8106.0 212.3
244 154.0 681.24
540 6262.0 909.67
978 7115.0 347.73
549 2845.0 224.76
71 4342.0 470.17
218 1581.0 311.53
237 9394.0 691.14
594 9188.0 884.25
492 4281.0 144.58
292 9668.0 501.9
600 2461.0 393.29
78 341.0 568.86
376 3637.0 432.08
633 554.0 365.91
939 8569.0 667.47
271 5122.0 363.69
903 6067.0 105.78
956 2459.0 859.57
271 9824.0 782.78
487 8824.0 221.05
696 4560.0 570.32
916 4433.0 105.41
995 4088.0 27.75
587 9794.0 291.4
829 2832.0 289.69
219 2736.0 158.8
938 422.0 991.47
836 9022.0 375.3
950 273.0 964.12
959 3034.0 919.11
141 3006.0 2.12
139 6728.0 361.91
482 6998.0 407.74
187 7758.0 247.53
998 7166.0 156.98
352 710.0 598.54
518 1676.0 812.25
966 2621.0 361.91
884 4687.0 993.44
775 4813.0 235.52
990 7147.0 286.87
540 9414.0 362.72
149 3802.0 721.03
946 2358.0 761.0
273 4829.0 566.3
829 7864.0 180.76
519 2473.0 456.64
497 8706.0 815.96
225 8517.0 886.78
33 1327.0 217.44
552 2229.0 250.22
365 6231.0 50.8
256 8769.0 815.08
116 7713.0 579.01
655 8850.0 280.8
22 6104.0 872.45
959 2169.0 5.63
520 3549.0 357.49
643 9182.0 887.9
648 3108.0 351.08
627 1683.0 137.59
532 5988.0 479.6
314 7553.0 778.9
964 796.0 897.17
840 1871.0 763.96
516 7605.0 262.41
58 8044.0 161.5
330 4853.0 114.03
177 4935.0 347.6
879 245.0 571.55
755 158.0 738.49
349 7188.0 631.81
287 4176.0 823.19
477 1710.0 975.32
450 809.0 777.73
925 4109.0 995.93
127 3877.0 153.46
633 6736.0 108.58
315 4040.0 359.06
820 6845.0 618.31
680 9195.0 827.37
363 1351.0 682.57
250 713.0 773.11
173 2990.0 391.15
170 481.0 204.55
498 5973.0 701.87
893 3534.0 377.33
49 6559.0 383.51
450 367.0 792.62
306 576.0 418.51
289 6661.0 319.64
804 3775.0 643.32
110 2594.0 860.41
749 894.0 624.12
544 3114.0 113.4
512 5465.0 16.99
57 1708.0 208.3
647 2546.0 64.77
906 9830.0 104.37
246 2045.0 234.26
907 8833.0 340.9
976 8074.0 49.49
645 5559.0 425.65
420 5830.0 158.23
641 4025.0 821.23
793 6814.0 977.26
613 3057.0 773.5
6 3470.0 771.52
571 5065.0 172.55
739 8384.0 705.11
665 4781.0 536.52
969 3099.0 420.03
426 5640.0 393.33
45 5383.0 523.5
338 4437.0 376.23
849 8997.0 317.8
62 1893.0 338.09
912 9240.0 587.73
36 6042.0 562.01
970 3321.0 364.48
237 8603.0 149.03
740 1707.0 46.03
626 8413.0 344.94
676 2155.0 869.55
2 7105.0 421.7
108 4560.0 179.82
719 7596.0 745.39
809 9873.0 658.49
774 1987.0 817.33
264 852.0 283.73
520 3114.0 832.84
342 3271.0 952.36
176 1780.0 291.45
35 1549.0 159.55
810 1841.0 946.54
666 7688.0 573.11
976 9102.0 283.52
243 5349.0 608.23
614 37.0 217.57
708 1449.0 294.38
341 5599.0 371.05
456 1382.0 720.3
550 3897.0 191.35
194 2016.0 819.82
547 1994.0 678.65
751 5092.0 651.89
456 4203.0 935.33
907 3739.0 452.09
252 9890.0 224.42
72 2690.0 814.81
24 8353.0 152.93
617 5818.0 248.57
415 1672.0 912.57
118 1055.0 114.35
729 2347.0 175.11
256 7804.0 173.77
196 4316.0 73.79
941 225.0 381.48
846 3952.0 555.76
949 9772.0 563.65
538 4964.0 218.39
300 1001.0 543.25
298 5441.0 426.93
881 9287.0 877.67
195 2965.0 330.44
229 37.0 216.92
816 9715.0 384.87
471 7783.0 121.4
358 5261.0 439.69
217 9424.0 72.97
591 9310.0 808.89
554 1757.0 937.29
798 7341.0 240.97
357 533.0 397.7
42 221.0 870.92
584 7078.0 47.46
812 1476.0 782.45
879 626.0 317.09
24 2499.0 787.44
259 7797.0 457.59
797 2961.0 447.23
297 6993.0 814.0
875 7247.0 165.71
192 9822.0 553.22
873 1501.0 590.02
232 1140.0 14.76
831 5380.0 967.34
245 6905.0 103.29
475 7171.0 792.88
777 2571.0 288.78
725 1766.0 40.05
525 3607.0 739.7
261 9360.0 234.65
507 7159.0 560.45
483 1137.0 227.28
800 6859.0 741.24
763 4691.0 135.58
228 6482.0 937.59
452 7253.0 143.09
790 2463.0 183.42
259 2726.0 495.17
374 2583.0 24.42
364 4464.0 46.97
917 4335.0 560.61
28 6193.0 112.07
897 2312.0 436.71
84 2046.0 460.45
182 955.0 822.28
790 5853.0 148.62
798 2782.0 472.2
684 3551.0 506.54
74 9742.0 474.24
706 6832.0 219.74
876 3938.0 774.83
805 8074.0 288.96
978 1470.0 509.97
193 8141.0 465.13
825 1524.0 661.77
226 3894.0 69.17
120 3686.0 28.11
570 120.0 761.37
572 6013.0 392.47
456 9806.0 177.02
476 6608.0 361.24
679 4793.0 960.95
857 960.0 268.14
858 2196.0 80.47
407 3641.0 288.15
427 3283.0 857.05
669 6127.0 347.44
746 2748.0 842.44
462 6329.0 815.58
296 2040.0 928.01
954 7431.0 430.64
723 6362.0 181.65
305 9069.0 622.36
67 8233.0 362.44
162 3649.0 764.51
952 4940.0 885.77
874 225.0 590.44
998 5003.0 514.83
731 4495.0 656.87
977 4042.0 403.57
855 2683.0 581.8
321 244.0 213.94
573 7242.0 35.96
513 9164.0 779.76
29 171.0 261.74
562 7106.0 372.27
237 540.0 560.76
217 8446.0 884.65
298 862.0 15.82
519 8589.0 519.7
608 6458.0 993.55
535 4361.0 200.66
903 1986.0 557.48
528 8595.0 435.35
134 4529.0 597.52
241 9964.0 123.57
741 7926.0 106.79
591 3678.0 738.17
690 9688.0 918.04
875 5120.0 553.7
560 8116.0 873.87
729 8656.0 569.56
845 5757.0 735.17
285 277.0 472.52
282 1166.0 976.36
509 6685.0 110.89
138 4814.0 904.81
55 7871.0 211.95
263 5397.0 465.97
23 1626.0 48.06
897 4264.0 739.68
320 1368.0 653.11
184 3084.0 832.71
538 9391.0 851.03
571 1979.0 380.5
959 9371.0 614.43
407 8839.0 321.81
984 5838.0 687.92
993 1340.0 131.74
508 8473.0 585.01
917 8257.0 602.73
729 5236.0 340.42
456 3847.0 997.39
848 5042.0 792.76
112 4969.0 688.5
931 3051.0 232.63
486 266.0 989.19
563 3130.0 461.85
927 9589.0 191.98
381 4532.0 265.34
889 1798.0 857.88
524 6767.0 741.3
893 2607.0 209.11
667 14.0 879.99
370 6202.0 475.34
282 4407.0 821.11
143 1010.0 483.58
535 8180.0 748.97
422 1624.0 984.51
897 5726.0 327.96
312 3990.0 442.87
516 6850.0 968.74
162 2225.0 937.33
886 2791.0 544.47
18 9008.0 188.55
840 454.0 981.09
171 2973.0 607.4
770 6121.0 669.34
356 5533.0 55.73
624 8755.0 535.69
385 8589.0 11.57
376 844.0 873.22
647 466.0 352.79
864 5444.0 115.79
975 4822.0 167.86
121 130.0 413.63
132 3584.0 211.67
301 9452.0 236.58
166 7231.0 687.69
880 1388.0 531.58
822 5913.0 17.76
510 9341.0 263.45
963 4082.0 915.26
62 6811.0 205.46
411 6732.0 419.27
66 2973.0 951.46
213 1770.0 751.59
994 409.0 898.97
68 4112.0 804.48
939 2803.0 736.54
764 9257.0 245.57
807 9899.0 801.22
907 10.0 466.76
625 2042.0 521.03
833 8500.0 732.88
19 6090.0 775.01
747 5166.0 759.81
536 9947.0 941.02
877 4517.0 807.6
398 313.0 170.44
735 717.0 810.71
589 9101.0 218.98
248 4103.0 637.56
646 9645.0 953.22
147 3592.0 98.38
221 3519.0 359.11
690 6240.0 282.61
845 708.0 628.09
480 3014.0 235.94
412 7055.0 31.55
676 2510.0 632.4
928 5312.0 362.94
258 9158.0 527.1
321 3760.0 986.72
936 6035.0 164.61
290 2854.0 114.05
227 4281.0 922.69
237 5929.0 92.86
181 4824.0 393.41
981 3769.0 741.87
652 719.0 441.07
93 7834.0 649.4
372 8254.0 847.86
437 9808.0 664.85
196 3951.0 973.08
572 848.0 738.76
626 934.0 905.67
491 1614.0 445.93
195 9748.0 747.91
25 7396.0 353.94
240 4924.0 657.22
775 5844.0 596.82
437 6833.0 938.92
141 6714.0 561.35
510 9661.0 274.31
582 4553.0 784.64
695 9696.0 701.91
582 9302.0 141.49
906 6097.0 941.86
297 5184.0 41.68
317 4325.0 82.0
896 6191.0 641.18
54 3643.0 38.06
966 5588.0 27.14
94 7017.0 383.29
129 7631.0 596.5
299 2812.0 210.64
200 3608.0 370.28
847 8242.0 274.19
940 8119.0 791.81
278 9968.0 192.36
571 4947.0 497.18
707 2317.0 647.11
695 6636.0 955.2
818 6356.0 472.16
15 2207.0 225.15
403 2494.0 803.53
59 922.0 83.07
128 697.0 372.87
316 9194.0 764.92
985 6780.0 376.8
496 4047.0 833.24
792 3619.0 92.22
85 1695.0 95.36
391 9176.0 371.96
771 7387.0 312.64
558 3825.0 198.5
177 4740.0 458.04
795 8417.0 546.16
64 7226.0 635.45
318 2859.0 193.82
630 346.0 233.96
152 9112.0 776.5
641 7576.0 215.42
30 6322.0 790.21
260 4310.0 148.86
947 8311.0 212.21
576 7648.0 68.86
81 1828.0 716.27
220 2481.0 907.9
246 5161.0 332.37
991 6619.0 331.12
35 2870.0 194.46
345 6633.0 362.87
618 6108.0 978.44
768 7776.0 414.02
698 4751.0 922.01
139 351.0 670.79
300 7942.0 65.91
585 7782.0 274.18
254 5911.0 507.12
827 1283.0 138.98
767 1201.0 943.73
804 2838.0 793.36
253 521.0 830.13
929 7658.0 661.14
195 6507.0 271.32
384 5755.0 989.48
682 2371.0 271.33
709 3587.0 226.82
702 6922.0 509.21
814 8284.0 528.07
152 9316.0 338.03
672 9789.0 432.53
854 3263.0 617.59
164 6608.0 591.17
321 4647.0 939.76
101 8727.0 784.5
328 6151.0 282.12
88 1182.0 626.67
368 1841.0 889.7
748 2809.0 12.34
788 2936.0 242.53
668 3902.0 654.52
18 5815.0 951.14
399 2822.0 605.48
398 5320.0 667.08
227 9452.0 561.21
451 4846.0 712.07
955 7176.0 706.78
879 6630.0 512.68
566 6639.0 620.09
32 3492.0 606.76
396 1339.0 391.74
30 7930.0 276.43
37 7681.0 256.23
703 7794.0 847.36
684 8068.0 450.45
422 5245.0 377.96
369 1965.0 652.65
618 6513.0 83.71
878 1848.0 50.66
194 5912.0 44.64
420 3846.0 773.03
833 2002.0 407.4
839 5245.0 858.77
876 1258.0 809.7
635 9213.0 288.88
220 8879.0 109.25
352 3714.0 790.05
107 104.0 821.19
214 4715.0 441.95
719 4064.0 856.91
395 1449.0 394.86
800 6314.0 557.07
584 920.0 936.65
132 1768.0 531.55
838 8426.0 764.12
986 4892.0 730.33
4 8311.0 506.93
229 6535.0 416.23
445 7450.0 949.7
668 9821.0 681.8
341 2056.0 440.36
552 2491.0 457.57
592 2293.0 264.18
220 6590.0 892.7
164 661.0 961.19
200 2179.0 117.37
529 7812.0 281.91
424 6072.0 872.29
216 329.0 269.46
277 9334.0 322.01
679 1181.0 52.0
350 3931.0 271.38
556 1198.0 209.67
537 2531.0 600.2
980 1470.0 175.43
89 6238.0 297.65
627 6625.0 494.78
421 1024.0 429.79
806 7637.0 311.26
397 6999.0 244.66
82 4072.0 945.86
234 4126.0 42.46
881 4053.0 238.69
209 9728.0 349.0
862 3006.0 218.96
658 2048.0 529.13
314 210.0 950.85
318 8048.0 112.23
156 8027.0 768.9
56 2522.0 809.38
676 8661.0 167.17
685 9394.0 683.57
122 456.0 903.07
620 7905.0 298.98
890 9459.0 818.89
662 3910.0 833.36
739 7830.0 15.11
525 3354.0 785.58
453 1787.0 291.63
3 6141.0 440.83
54 7668.0 107.97
900 9642.0 697.51
353 6562.0 404.06
640 1465.0 956.17
158 124.0 615.41
525 5090.0 623.58
623 4277.0 327.77
265 8543.0 583.96
245 4288.0 302.15
181 5482.0 474.06
650 6371.0 634.63
738 9692.0 824.12
66 5470.0 946.7
471 1555.0 989.2
654 2187.0 71.45
606 2832.0 166.14
242 3848.0 321.65
336 9937.0 284.39
80 9156.0 918.27
955 4010.0 203.1
763 5893.0 110.09
976 7859.0 388.65
406 6722.0 164.81
372 223.0 907.87
185 4563.0 647.83
508 8663.0 51.33
591 648.0 227.7
73 8307.0 923.64
732 4585.0 938.1
394 6259.0 997.67
141 9483.0 720.76
149 9227.0 769.63
689 4797.0 855.42
615 4755.0 640.53
248 8491.0 171.89
399 1742.0 975.31
192 9953.0 993.45
260 5239.0 78.2
286 2098.0 83.14
868 7070.0 852.66
267 4627.0 13.46
136 8845.0 292.08
720 2710.0 430.13
779 9873.0 487.94
27 9359.0 417.69
228 1832.0 811.38
749 66.0 575.49
777 2650.0 857.82
503 302.0 61.57
743 2035.0 742.12
227 6288.0 676.21
825 2706.0 917.44
288 8170.0 906.33
194 7642.0 33.22
233 6582.0 896.31
383 8623.0 683.49
275 4248.0 778.89
826 1243.0 133.77
234 9668.0 775.09
682 2674.0 744.76
243 9407.0 902.24
700 7799.0 743.56
217 5532.0 312.34
542 469.0 657.99
999 2821.0 327.8
777 9651.0 395.9
890 1786.0 194.78
862 6323.0 49.28
318 2753.0 272.39
489 661.0 611.35
887 6329.0 161.47
728 9634.0 37.35
702 9466.0 106.75
638 5528.0 819.79
680 8979.0 271.75
786 1365.0 962.24
821 4643.0 837.86
769 241.0 392.68
311 3081.0 833.02
522 8148.0 156.2
256 5157.0 190.99
599 1312.0 663.82
631 3360.0 124.31
824 8306.0 719.8
283 2623.0 574.43
53 399.0 158.83
824 7696.0 431.84
574 258.0 761.31
405 5775.0 68.23
434 6213.0 32.35
329 8301.0 282.28
817 4549.0 862.48
508 5819.0 656.35
762 7377.0 188.21
444 9446.0 490.68
189 1394.0 750.43
968 9682.0 697.64
922 3773.0 768.45
478 1600.0 189.0
628 60.0 843.93
25 7396.0 958.89
898 2500.0 209.39
647 2622.0 655.24
741 7818.0 359.59
401 2865.0 726.93
888 3632.0 115.84
240 4732.0 232.99
509 6782.0 687.95
51 4208.0 944.56
205 7706.0 896.58
892 8636.0 797.01
221 2387.0 223.51
307 9974.0 712.6
131 4029.0 513.18
991 7167.0 999.39
514 2861.0 744.72
772 6418.0 792.81
362 8901.0 276.06
319 2043.0 785.18
571 4395.0 102.07
282 4034.0 742.5
167 2200.0 61.14
220 9448.0 991.36
693 3043.0 171.72
311 9195.0 277.53
359 434.0 725.95
655 1408.0 1.42
652 5643.0 672.24
832 3067.0 97.68
448 8469.0 850.51
563 5279.0 333.5
696 9670.0 798.38
36 5951.0 77.64
635 3862.0 712.84
982 246.0 788.16
445 1686.0 567.09
812 8008.0 286.71
752 3223.0 283.23
18 1786.0 130.2
556 5173.0 49.19
317 2336.0 965.0
626 7976.0 550.72
250 4075.0 134.24
175 174.0 294.52
651 8851.0 427.0
634 5201.0 833.74
227 490.0 884.81
54 386.0 960.12
189 7352.0 592.63
424 3648.0 82.3
850 2954.0 349.15
927 1458.0 611.18
806 1058.0 203.45
260 3030.0 259.43
175 8821.0 983.78
101 8352.0 385.59
476 8900.0 378.1
416 7157.0 963.4
39 1675.0 712.79
432 2327.0 38.52
999 530.0 266.31
245 9372.0 785.18
288 2057.0 172.43
390 9856.0 130.34
5 4904.0 613.44
568 5793.0 719.59
317 4602.0 451.44
558 4698.0 375.59
410 3817.0 845.56
308 6742.0 980.41
471 6853.0 127.22
670 7935.0 793.89
990 3025.0 667.67
715 4903.0 184.43
672 4697.0 906.06
379 5004.0 555.04
588 1774.0 123.81
133 7897.0 519.81
602 6252.0 655.84
158 8560.0 33.57
120 9584.0 665.3
872 1885.0 582.54
742 1511.0 884.12
865 7059.0 347.38
321 3586.0 129.09
207 5428.0 319.33
121 94.0 474.48
918 2716.0 620.52
789 1068.0 906.89
602 6478.0 501.97
240 7747.0 10.58
684 7647.0 689.66
120 8312.0 166.91
521 8209.0 464.9
618 2247.0 262.84
59 8823.0 619.15
850 5313.0 607.87
111 1882.0 618.48
849 5958.0 448.19
223 4602.0 647.17
852 8214.0 426.67
595 2048.0 2.84
776 8018.0 353.12
970 7417.0 516.13
31 8553.0 71.25
173 1859.0 443.1
681 5988.0 166.53
79 1848.0 643.61
534 3075.0 175.58
651 4392.0 340.22
164 4478.0 684.24
839 3070.0 820.36
790 8750.0 200.32
940 929.0 569.32
645 3992.0 821.74
227 9581.0 552.33
678 7553.0 126.16
969 441.0 399.41
662 5133.0 756.69
215 5590.0 795.75
204 1238.0 413.23
540 5213.0 620.85
134 9730.0 301.28
987 7654.0 529.0
627 1489.0 163.77
451 8189.0 723.32
262 5943.0 988.52
234 7347.0 49.76
456 2743.0 740.96
877 2848.0 88.85
9 287.0 909.55
537 9147.0 778.94
620 5773.0 679.93
840 3133.0 741.24
26 2850.0 899.29
142 292.0 626.14
579 7324.0 265.21
459 6700.0 961.7
404 6434.0 930.89
687 1812.0 727.38
151 2523.0 111.51
217 4872.0 758.17
277 5606.0 260.45
120 3433.0 241.36
242 5805.0 887.69
717 9955.0 124.47
909 5728.0 824.41
113 3033.0 192.8
539 6258.0 373.55
794 9276.0 685.27
203 8611.0 705.66
866 3002.0 116.36
610 7652.0 863.29
664 841.0 811.28
592 7530.0 206.79
222 6775.0 861.49
151 3975.0 753.15
84 3777.0 216.36
968 1894.0 878.2
259 4953.0 252.44
978 8670.0 934.68
970 4049.0 231.68
962 3887.0 623.44
633 4283.0 748.04
724 2385.0 123.89
118 4482.0 921.22
932 153.0 176.62
891 8846.0 926.72
818 826.0 503.34
367 4682.0 451.92
241 1813.0 67.53
696 4957.0 533.54
80 9114.0 463.66
860 5507.0 389.61
36 7150.0 832.61
5 8486.0 128.06
301 5594.0 223.55
265 7364.0 282.94
909 5868.0 745.31
912 8092.0 569.13
262 7033.0 924.42
122 6067.0 98.56
96 992.0 83.6
983 3400.0 738.59
254 4540.0 337.01
483 5624.0 738.17
135 6305.0 854.6
72 8777.0 347.38
342 244.0 663.49
558 2795.0 349.97
216 8757.0 517.48
768 8812.0 498.21
625 9181.0 821.4
304 2280.0 323.85
978 1511.0 222.64
990 1841.0 315.75
944 1122.0 232.31
94 5778.0 302.29
575 4438.0 859.31
448 5520.0 972.1
864 3429.0 999.62
672 2584.0 80.85
352 6543.0 753.01
529 1536.0 147.27
904 5201.0 4.91
921 9024.0 555.35
32 8959.0 35.46
53 1593.0 415.14
913 9139.0 169.52
495 3431.0 214.54
265 6191.0 578.13
799 2787.0 356.43
585 9578.0 711.8
226 488.0 701.11
354 5281.0 939.0
718 9308.0 367.26
371 9997.0 119.82
183 161.0 509.32
933 9791.0 544.67
256 9612.0 576.45
703 947.0 826.04
47 9841.0 939.64
122 3490.0 908.66
399 7338.0 660.42
434 2534.0 208.24
25 516.0 665.27
25 9458.0 207.96
620 4506.0 900.49
447 7766.0 386.11
858 7805.0 495.49
374 4409.0 68.07
278 9975.0 740.98
391 1178.0 498.67
833 4531.0 855.65
920 2885.0 784.36
478 5352.0 890.37
216 5545.0 267.0
903 4850.0 862.77
161 5036.0 897.13
297 6212.0 680.76
280 4694.0 444.2
555 2108.0 144.47
389 428.0 358.45
46 6520.0 565.49
294 3007.0 439.84
50 1214.0 288.11
718 8697.0 290.61
528 684.0 987.22
172 6884.0 649.77
123 8073.0 911.51
117 6452.0 512.8
890 1335.0 269.29
255 3303.0 112.54
735 2715.0 106.02
996 2423.0 705.74
944 6975.0 787.41
460 794.0 884.72
874 9695.0 457.84
970 5337.0 505.98
635 6052.0 725.17
152 3930.0 931.94
509 333.0 364.91
595 3810.0 454.91
714 1919.0 634.59
869 6528.0 948.26
49 8505.0 21.34
416 7783.0 682.64
279 6970.0 372.74
450 5973.0 25.73
917 6957.0 175.39
434 4832.0 949.02
611 9313.0 667.37
728 3879.0 782.24
472 4431.0 557.59
475 1568.0 93.5
551 5261.0 265.33
908 1882.0 278.1
334 3322.0 305.27
456 5998.0 223.18
685 6142.0 558.89
356 5943.0 222.12
341 6500.0 505.89
480 5355.0 323.07
9 323.0 85.02
62 5753.0 92.66
330 7674.0 593.3
471 8806.0 238.43
147 1265.0 758.56
642 5113.0 549.09
440 8941.0 322.65
299 1229.0 958.85
204 4817.0 731.72
268 4881.0 534.92
229 5324.0 352.4
375 9169.0 103.46
929 2475.0 350.13
638 5975.0 38.43
313 4843.0 497.24
759 6986.0 20.08
383 806.0 564.21
186 8389.0 585.72
318 3754.0 376.82
849 1763.0 571.08
95 6973.0 317.67
133 3314.0 737.72
809 4436.0 514.5
95 6085.0 22.07
214 4770.0 495.1
770 4535.0 898.51
146 2487.0 591.93
40 837.0 881.24
155 2411.0 759.68
192 5126.0 908.3
13 6562.0 180.32
586 7041.0 260.69
569 7763.0 625.6
34 9179.0 74.54
57 3190.0 668.01
693 9681.0 413.7
718 9800.0 654.43
74 2428.0 888.38
567 1680.0 180.1
53 4737.0 163.18
478 4093.0 648.37
996 5327.0 64.12
645 2339.0 979.02
954 7368.0 962.19
666 493.0 719.17
102 1144.0 184.85
586 803.0 383.95
919 9087.0 649.6
613 3908.0 740.62
326 4200.0 960.84
52 9017.0 168.16
803 3283.0 399.01
695 9490.0 829.41
700 2210.0 373.19
952 5946.0 100.9
963 4863.0 397.05
157 9338.0 237.05
226 8939.0 734.15
224 7842.0 294.55
649 5101.0 822.91
527 6765.0 180.74
341 3619.0 952.37
392 180.0 471.17
100 1644.0 781.22
221 7037.0 269.91
853 8033.0 186.23
673 4142.0 154.04
130 7.0 847.27
643 2378.0 239.92
911 6408.0 455.3
472 8609.0 722.42
440 1450.0 291.44
697 1579.0 454.05
444 5238.0 744.33
363 3368.0 113.64
273 6233.0 995.88
557 2941.0 853.34
503 180.0 692.52
682 5779.0 111.08
959 9605.0 394.14
355 867.0 556.29
97 8241.0 567.2
346 6870.0 56.81
972 5424.0 884.7
282 4326.0 105.69
73 6587.0 609.03
779 6770.0 866.83
744 7859.0 542.16
619 4500.0 925.07
324 7920.0 11.07
111 1116.0 497.14
694 8209.0 650.73
742 8362.0 532.71
833 4327.0 180.99
847 8858.0 603.51
975 6259.0 58.39
872 6679.0 552.66
44 7209.0 237.5
116 6098.0 582.43
386 890.0 972.14
641 9267.0 170.82
276 9762.0 388.33
374 7026.0 241.06
456 288.0 449.53
891 8502.0 841.63
775 3282.0 369.29
516 1718.0 946.64
937 4354.0 238.53
409 9939.0 440.37
281 2282.0 353.39
631 7604.0 215.74
729 1659.0 206.76
384 3610.0 382.52
356 6481.0 451.56
699 5253.0 910.98
168 8748.0 786.2
370 8596.0 617.55
362 6259.0 693.93
932 5755.0 826.72
829 7206.0 912.88
803 8632.0 960.56
273 543.0 816.39
887 7452.0 593.55
315 8057.0 793.94
976 4851.0 679.21
174 9476.0 608.83
744 7749.0 704.85
692 4512.0 366.84
917 6634.0 653.77
791 2913.0 858.49
559 9453.0 15.24
647 4780.0 930.92
197 635.0 157.54
345 324.0 134.76
992 2669.0 617.7
340 7368.0 231.14
599 1794.0 755.15
176 3729.0 266.39
153 424.0 321.9
178 2721.0 643.52
144 5479.0 627.29
966 7155.0 500.16
81 9800.0 377.46
367 797.0 372.07
635 2620.0 197.41
335 7924.0 126.05
537 2590.0 179.21
68 6300.0 263.23
646 4002.0 174.27
537 3558.0 137.54
9 1724.0 888.41
370 2836.0 923.31
450 522.0 681.16
269 7511.0 792.62
685 5131.0 45.54
346 184.0 133.8
10 7923.0 578.29
110 1599.0 962.37
233 8414.0 956.73
848 5605.0 748.76
290 9470.0 149.02
403 6691.0 931.56
903 2957.0 45.04
906 3898.0 815.46
342 9968.0 361.45
205 1025.0 487.32
692 7112.0 915.07
334 4417.0 102.38
302 7854.0 291.57
220 5014.0 866.07
699 7725.0 993.12
864 1488.0 18.73
495 1463.0 226.19
719 8962.0 811.99
186 7711.0 619.3
660 5823.0 739.85
19 2809.0 63.52
219 5442.0 889.66
668 2191.0 861.63
147 5879.0 891.0
460 6300.0 208.43
363 750.0 693.5
472 2433.0 57.32
729 8750.0 852.95
563 7265.0 835.29
555 6871.0 88.14
816 9755.0 86.43
273 6202.0 223.46
654 870.0 339.01
718 2098.0 53.25
972 3802.0 935.27
428 5686.0 123.6
892 4777.0 951.74
756 102.0 788.4
925 7466.0 672.39
994 3324.0 364.24
567 1964.0 907.07
490 8044.0 944.84
570 8027.0 733.2
247 4020.0 845.98
464 6131.0 86.18
65 519.0 374.42
160 3625.0 584.38
1000 6461.0 856.27
765 1616.0 397.56
248 9912.0 38.48
438 8883.0 451.94
271 5489.0 870.47
319 6342.0 404.12
815 8011.0 489.72
151 6475.0 401.88
432 9535.0 455.96
505 5488.0 896.42
176 3713.0 912.76
266 834.0 819.15
330 6275.0 857.32
416 2797.0 175.73
320 7462.0 611.66
361 2135.0 171.84
923 9484.0 971.4
39 9317.0 361.43
247 2472.0 182.06
52 8763.0 553.07
87 5857.0 99.99
466 2980.0 172.94
434 8291.0 804.96
41 1385.0 617.96
184 860.0 443.79
148 4186.0 467.33
246 8924.0 525.36
67 520.0 805.45
845 1938.0 63.03
36 618.0 905.68
488 3361.0 681.57
381 4376.0 69.47
609 2365.0 164.57
93 8880.0 199.72
635 4355.0 800.51
589 1713.0 649.9
215 8537.0 79.77
852 227.0 855.29
600 2263.0 820.2
827 839.0 658.68
659 6485.0 82.88
707 3985.0 180.33
672 4035.0 175.32
546 1272.0 409.03
798 1430.0 711.27
311 4365.0 831.43
662 8247.0 951.63
704 6920.0 353.56
659 9217.0 226.64
425 971.0 573.41
620 3427.0 767.31
162 8219.0 144.13
368 4526.0 891.38
935 7930.0 965.28
476 1081.0 346.05
304 7021.0 257.06
375 7921.0 85.57
185 692.0 322.37
70 7474.0 929.03
9 3856.0 497.95
612 5369.0 199.95
358 1487.0 168.76
242 7880.0 484.06
429 5885.0 669.45
681 1493.0 671.69
3 8032.0 256.29
454 8695.0 845.74
870 5289.0 881.74
721 5148.0 715.55
232 2162.0 777.94
181 4922.0 874.73
548 1471.0 640.73
888 8093.0 845.37
748 2902.0 577.91
118 3130.0 279.72
320 822.0 23.79
230 1712.0 414.57
902 7380.0 171.77
956 1325.0 982.63
30 5079.0 971.43
729 9609.0 168.96
681 5497.0 679.31
417 7527.0 833.69
977 3054.0 262.17
544 3995.0 983.96
343 5979.0 737.04
760 5257.0 243.85
655 7364.0 941.11
527 2953.0 46.17
928 309.0 401.29
837 9301.0 907.47
829 9633.0 621.17
178 8133.0 136.6
791 6489.0 114.08
288 2399.0 927.78
989 4691.0 404.21
576 1033.0 388.99
984 6011.0 806.08
924 1165.0 704.91
745 6573.0 803.9
938 4977.0 291.08
75 5972.0 673.43
467 5761.0 407.98
345 4958.0 340.74
416 9313.0 438.57
987 6048.0 872.03
263 4131.0 639.58
670 1003.0 594.92
554 5401.0 816.02
548 6367.0 614.79
494 257.0 480.52
148 1390.0 843.91
644 4868.0 995.74
691 3680.0 737.61
274 9417.0 47.22
459 4338.0 44.63
420 3471.0 908.88
499 4225.0 920.2
614 8983.0 833.72
895 5647.0 140.92
789 9145.0 874.6
205 6610.0 614.15
396 1966.0 892.32
784 7535.0 251.01
297 8712.0 281.01
376 3684.0 367.31
307 1253.0 67.89
916 920.0 281.46
961 1533.0 378.4
256 278.0 965.94
644 8699.0 402.28
278 6766.0 837.39
1000 1457.0 360.39
460 8520.0 703.37
474 4609.0 681.04
893 5144.0 801.16
54 8069.0 790.52
482 8339.0 83.18
695 2022.0 602.99
94 3950.0 496.62
470 4630.0 865.78
568 710.0 392.99
635 5414.0 494.85
753 3513.0 96.57
964 5863.0 222.61
829 7898.0 999.33
733 2239.0 742.78
709 7866.0 963.95
231 29.0 578.91
23 9257.0 662.51
615 1290.0 548.51
494 5177.0 620.34
493 5047.0 200.99
208 4480.0 327.0
401 931.0 554.63
74 3172.0 424.42
271 4942.0 740.32
316 1775.0 866.44
914 4396.0 631.04
535 3679.0 385.47
804 7027.0 585.59
681 642.0 594.09
937 5612.0 491.68
849 6928.0 339.42
753 5606.0 400.65
877 4029.0 61.13
682 9085.0 788.4
569 9637.0 706.73
612 1889.0 986.42
832 6059.0 790.01
522 6319.0 961.42
93 4345.0 885.0
246 9631.0 882.65
225 3824.0 507.03
525 9755.0 732.52
435 2168.0 437.24
656 6213.0 292.13
158 4833.0 729.08
536 4775.0 114.33
17 1589.0 316.9
79 8851.0 840.6
243 7038.0 824.58
907 345.0 775.1
333 2222.0 507.33
937 3875.0 634.55
811 1705.0 288.14
305 667.0 919.76
973 3357.0 854.23
430 7235.0 506.36
799 2072.0 434.3
340 5132.0 37.62
107 8977.0 130.61
983 6628.0 274.6
219 2010.0 479.94
334 6588.0 936.6
683 8006.0 70.2
370 1568.0 710.88
905 880.0 737.66
625 8339.0 317.05
521 9784.0 326.71
264 7745.0 394.49
327 3625.0 131.67
77 9565.0 448.01
234 9106.0 540.46
582 7744.0 116.21
881 1596.0 470.7
16 4031.0 101.99
759 6536.0 956.34
674 2963.0 124.33
441 3402.0 569.7
313 1574.0 943.65
785 407.0 780.68
715 7406.0 278.83
36 7854.0 802.17
995 6809.0 281.49
570 7684.0 168.95
941 1412.0 78.03
380 2988.0 18.24
12 7374.0 241.96
326 84.0 408.88
574 7323.0 270.63
311 2858.0 322.24
488 804.0 542.12
685 8053.0 882.08
93 5359.0 946.8
439 9334.0 844.88
370 197.0 213.39
833 7387.0 117.91
308 8196.0 987.61
658 2086.0 10.33
16 5320.0 904.69
639 9322.0 241.62
926 4759.0 759.81
605 3961.0 389.51
666 1393.0 435.58
623 2686.0 42.39
510 2563.0 905.44
807 4942.0 691.4
260 1902.0 398.29
977 8424.0 958.04
724 2817.0 598.7
479 205.0 866.5
225 3962.0 168.4
515 1287.0 244.24
212 5472.0 868.66
77 5042.0 990.13
712 3984.0 751.22
234 1119.0 911.53
113 7004.0 815.53
425 3307.0 260.34
940 3507.0 171.36
58 2237.0 660.22
486 3987.0 775.68
629 7455.0 991.4
453 9595.0 442.63
932 7780.0 507.25
349 6750.0 820.12
287 6836.0 495.7
696 8123.0 970.24
524 683.0 474.88
353 3892.0 806.34
649 6916.0 343.21
628 607.0 759.93
5 6960.0 254.02
333 9509.0 785.43
662 1700.0 743.64
862 6677.0 296.24
597 2016.0 78.36
785 7455.0 789.88
38 6331.0 398.84
733 7697.0 816.13
208 1814.0 133.71
818 8917.0 865.2
781 5762.0 141.08
580 3460.0 803.04
803 5713.0 783.75
179 2342.0 141.27
614 6857.0 360.79
878 1918.0 928.06
290 9433.0 806.38
683 8485.0 87.03
824 3361.0 744.26
600 6596.0 544.07
862 5034.0 295.72
284 8954.0 967.9
47 1643.0 655.54
664 5379.0 230.07
412 5030.0 439.39
366 7802.0 742.92
674 4903.0 642.45
988 5874.0 23.77
181 9722.0 426.83
931 7968.0 225.63
279 1866.0 877.64
354 3484.0 584.46
935 149.0 853.29
281 2777.0 164.55
106 4321.0 379.29
100 7742.0 471.89
717 8588.0 248.21
331 1264.0 805.21
495 7186.0 370.31
591 7170.0 607.46
93 1447.0 224.07
66 1086.0 58.85
102 7618.0 700.41
338 6812.0 451.38
906 5019.0 942.41
104 6636.0 500.16
28 4053.0 260.78
829 1052.0 461.3
175 1145.0 778.39
571 2486.0 598.65
434 1210.0 378.13
485 84.0 169.05
187 5205.0 883.17
640 620.0 8.95
560 1853.0 422.45
947 4461.0 238.71
271 8648.0 650.97
391 9538.0 288.96
130 3385.0 346.42
4 2020.0 858.6
104 7183.0 471.81
139 1252.0 325.31
944 8290.0 411.2
509 6860.0 323.66
957 1483.0 387.51
651 997.0 266.46
536 7979.0 480.73
361 4162.0 72.31
970 8514.0 996.99
576 5572.0 29.88
716 2432.0 119.04
351 9507.0 621.89
106 8663.0 372.15
687 8473.0 796.81
416 4989.0 670.13
312 8454.0 503.89
640 4323.0 323.74
460 1061.0 680.69
933 5037.0 164.2
789 3961.0 469.95
313 5347.0 458.37
779 9779.0 283.79
356 2862.0 944.68
240 313.0 903.8
830 6477.0 723.86
231 6191.0 625.06
581 3724.0 936.05
978 3619.0 997.73
368 1564.0 495.25
671 3263.0 57.82
640 4441.0 135.59
206 6007.0 154.53
215 8861.0 510.11
698 5621.0 871.06
615 866.0 490.13
798 3685.0 730.6
426 5744.0 729.35
680 7715.0 184.05
20 7033.0 5.62
209 780.0 163.26
781 7937.0 274.01
226 5977.0 311.92
466 5299.0 883.01
482 9318.0 5.92
525 2824.0 10.22
819 2902.0 792.46
883 9080.0 893.8
296 5890.0 786.56
305 3223.0 706.81
513 1853.0 780.5
751 9652.0 839.38
511 4773.0 510.33
425 1685.0 153.34
654 7307.0 903.8
4 4997.0 70.74
123 7774.0 109.5
30 8037.0 785.49
306 9932.0 702.68
411 979.0 543.32
343 8444.0 974.98
393 6132.0 223.75
424 3124.0 203.33
489 4430.0 738.12
279 5941.0 994.5
438 640.0 928.43
898 4229.0 641.26
213 337.0 647.55
687 6341.0 835.31
951 1982.0 202.5
693 1679.0 979.72
902 4396.0 701.71
984 6070.0 675.77
497 8110.0 357.16
657 3344.0 155.37
874 9457.0 933.35
322 9873.0 12.28
774 4251.0 676.07
371 2798.0 929.97
400 130.0 523.63
40 7450.0 476.13
999 5618.0 544.12
835 2200.0 223.41
799 1646.0 531.21
574 5761.0 295.94
352 3352.0 81.68
505 1499.0 89.0
23 3937.0 459.83
48 1634.0 528.84
711 9691.0 309.05
802 6498.0 555.07
456 5305.0 606.46
323 9349.0 52.4
159 6023.0 208.0
810 5245.0 86.83
840 9201.0 276.25
141 7102.0 11.63
704 5414.0 756.38
898 9215.0 807.06
788 4760.0 952.73
368 9759.0 743.75
545 87.0 659.73
798 4946.0 944.55
992 393.0 309.7
877 3008.0 133.26
697 6971.0 686.95
216 3385.0 910.42
524 7997.0 676.67
399 7945.0 970.48
876 4546.0 828.12
910 9700.0 812.43
892 6919.0 142.88
680 1292.0 678.2
998 3732.0 86.94
695 4162.0 482.01
928 7957.0 307.28
7 3311.0 466.68
637 9600.0 492.51
789 5549.0 479.7
210 7387.0 606.24
140 9548.0 157.6
42 8252.0 581.78
421 1692.0 114.94
624 56.0 607.23
569 3512.0 540.16
860 744.0 211.19
72 5996.0 782.63
109 1799.0 391.48
171 9208.0 48.36
115 5229.0 247.98
318 651.0 618.76
293 8101.0 42.23
969 4592.0 127.56
256 5495.0 912.8
465 3387.0 118.41
306 638.0 597.34
72 731.0 6.17
266 5147.0 105.88
223 4029.0 140.61
560 3510.0 393.6
160 9846.0 768.81
547 3664.0 441.33
216 3696.0 537.92
879 9021.0 624.61
791 3280.0 847.17
318 8805.0 113.62
378 84.0 439.34
967 9372.0 569.59
5 2007.0 457.46
307 5448.0 376.16
669 1961.0 12.2
460 1077.0 229.67
85 6410.0 79.43
348 2843.0 691.34
317 9111.0 70.81
800 4764.0 302.29
883 1925.0 915.55
226 9654.0 522.99
573 4599.0 948.21
855 4871.0 222.23
355 4854.0 802.85
304 207.0 85.0
988 4338.0 724.21
59 8524.0 347.22
642 1340.0 218.85
917 1649.0 549.15
358 1831.0 14.2
172 2264.0 641.22
909 7342.0 328.17
120 405.0 540.0
578 4781.0 830.29
816 8783.0 756.5
548 2432.0 74.11
985 8241.0 812.36
124 478.0 887.6
814 675.0 905.44
233 5735.0 532.88
369 4541.0 682.95
730 3456.0 150.04
910 4671.0 614.34
702 8772.0 461.61
339 2026.0 719.41
903 4955.0 724.07
259 999.0 277.98
222 1244.0 716.23
272 4542.0 947.09
628 8474.0 162.08
810 4464.0 197.71
58 5401.0 396.16
74 9015.0 67.41
389 5465.0 101.45
656 4324.0 172.66
371 9879.0 172.07
780 4607.0 57.45
214 2267.0 731.29
849 1509.0 993.12
893 6033.0 12.71
574 6488.0 73.85
127 1744.0 716.19
415 8218.0 901.79
697 5295.0 827.15
23 6108.0 645.68
56 267.0 439.38
291 5976.0 458.96
14 1202.0 789.98
587 4933.0 86.47
239 6057.0 90.08
15 2429.0 164.13
97 8337.0 774.77
842 4770.0 858.89
729 941.0 82.36
438 9530.0 489.48
193 2254.0 1.13
541 9372.0 536.03
680 5031.0 692.73
970 1293.0 388.94
181 9.0 775.83
708 9963.0 535.39
691 6457.0 620.4
913 8335.0 33.55
892 5486.0 774.66
370 9144.0 278.28
996 6841.0 706.64
742 603.0 333.7
165 2770.0 457.96
809 1985.0 534.55
150 5945.0 988.02
700 4020.0 189.27
542 9098.0 117.47
950 7658.0 919.92
461 7596.0 175.72
650 6286.0 374.55
582 3330.0 876.26
447 5076.0 800.47
68 9139.0 282.91
922 7736.0 197.58
970 1282.0 97.68
358 5350.0 640.2
373 4371.0 614.35
144 5136.0 620.1
317 9181.0 439.8
299 2980.0 441.57
876 2107.0 777.18
284 4511.0 76.98
816 9136.0 393.53
925 4436.0 569.33
97 5153.0 305.56
794 4742.0 929.3
504 6365.0 930.59
503 7926.0 697.59
656 1540.0 387.64
767 4088.0 745.74
23 1897.0 264.36
987 5200.0 67.87
270 7841.0 317.38
871 4258.0 358.83
222 3434.0 797.25
312 6568.0 390.69
7 7986.0 145.58
898 4378.0 183.91
279 6433.0 442.22
577 1528.0 198.75
319 6259.0 306.28
647 2332.0 384.02
253 6121.0 336.26
684 2350.0 868.62
543 9999.0 500.53
992 1935.0 905.87
30 7685.0 749.17
33 4181.0 591.44
55 8380.0 327.15
165 2534.0 777.78
70 8203.0 700.51
723 5993.0 990.57
666 1548.0 799.84
523 158.0 144.39
363 8498.0 623.19
182 7643.0 569.85
887 7407.0 555.68
582 6983.0 254.67
554 8211.0 330.87
723 9443.0 711.53
736 370.0 422.09
234 5327.0 884.51
930 3352.0 173.74
548 3553.0 830.4
705 9950.0 821.3
771 9763.0 896.72
964 2075.0 624.31
561 4078.0 441.05
577 9522.0 395.62
207 8395.0 142.8
84 1341.0 179.75
502 3456.0 870.0
720 1183.0 293.48
147 7757.0 411.49
889 2116.0 604.5
173 6582.0 131.99
378 2090.0 11.11
674 3503.0 899.33
182 6350.0 396.43
497 8604.0 977.84
292 4306.0 790.69
587 9897.0 525.19
743 4733.0 25.99
423 9971.0 374.02
498 245.0 346.52
440 1697.0 962.53
235 5066.0 32.55
872 1483.0 596.42
927 7884.0 763.34
235 3085.0 147.45
923 6729.0 167.91
599 8648.0 744.2
388 384.0 205.33
893 7084.0 432.65
910 3822.0 434.34
125 9729.0 106.91
455 5517.0 862.43
43 1975.0 559.07
641 9925.0 933.65
908 6644.0 701.42
444 9046.0 634.74
165 7219.0 132.44
78 5415.0 45.33
332 4455.0 660.62
560 2491.0 541.76
912 6036.0 325.31
105 9386.0 634.19
688 7870.0 608.24
90 4353.0 232.02
343 6015.0 66.68
757 7758.0 185.98
679 474.0 682.19
414 4432.0 454.39
314 3438.0 660.46
89 5882.0 530.28
281 7236.0 651.71
495 5540.0 562.41
907 7617.0 552.07
174 5300.0 268.05
826 1672.0 73.69
831 8797.0 505.27
368 148.0 566.89
468 1198.0 754.92
641 8518.0 964.48
987 3429.0 860.99
604 2589.0 239.86
26 1518.0 165.94
492 8408.0 527.7
662 6483.0 328.68
935 9327.0 595.35
444 620.0 572.43
933 7918.0 61.74
247 523.0 64.91
221 1051.0 608.26
300 6643.0 702.68
551 1828.0 838.72
901 2335.0 369.13
350 4546.0 594.17
784 8863.0 945.93
123 6689.0 798.27
349 7011.0 773.81
956 4940.0 713.76
99 7108.0 308.29
18 3321.0 998.17
595 3842.0 360.49
275 2440.0 330.59
435 2368.0 128.94
687 6096.0 585.64
499 3994.0 243.23
445 7501.0 532.05
583 642.0 666.08
824 6737.0 735.85
985 9111.0 547.53
426 7283.0 968.85
16 9428.0 662.74
579 1774.0 995.59
30 8747.0 777.02
53 1929.0 220.03
467 9671.0 674.91
36 5132.0 858.15
915 1338.0 651.82
954 1127.0 395.76
358 7792.0 815.1
164 2844.0 485.21
983 355.0 403.09
957 3871.0 422.17
118 7235.0 62.72
155 521.0 717.97
184 5785.0 286.92
357 4716.0 390.83
60 4198.0 155.6
631 4194.0 845.51
873 7487.0 415.76
599 5635.0 859.68
749 6766.0 931.09
123 316.0 298.82
800 9821.0 919.83
491 8389.0 179.14
548 7455.0 544.82
381 5357.0 314.91
212 9944.0 688.38
188 1850.0 981.55
595 2461.0 846.44
814 3012.0 229.32
73 8888.0 823.14
876 5947.0 74.68
94 5978.0 818.46
680 2274.0 714.1
81 8532.0 205.98
390 7046.0 378.88
988 9570.0 877.5
757 569.0 680.42
238 4168.0 755.1
395 5268.0 430.32
43 9503.0 784.14
638 7255.0 889.75
666 125.0 514.27
704 4325.0 20.96
647 5385.0 146.22
461 2444.0 701.03
971 2828.0 834.96
125 9239.0 214.45
784 1647.0 723.22
191 4871.0 986.27
138 7902.0 595.56
986 1103.0 502.56
348 7847.0 76.57
850 9628.0 263.18
614 8850.0 524.0
941 8576.0 759.48
153 6828.0 52.86
204 9817.0 842.35
282 3579.0 123.8
801 46.0 523.28
463 1365.0 438.98
22 3108.0 339.69
711 3493.0 634.34
852 596.0 658.47
183 6753.0 589.52
973 6348.0 118.04
335 6485.0 444.01
259 2800.0 587.24
971 9845.0 445.48
25 9708.0 154.75
667 4941.0 91.64
966 1314.0 240.97
989 72.0 884.7
114 5733.0 910.72
850 9910.0 887.63
603 6950.0 995.12
771 5732.0 52.03
596 8364.0 471.81
127 1405.0 7.9
709 5581.0 486.66
286 9432.0 524.69
609 4335.0 303.72
215 3336.0 923.65
219 8879.0 153.69
361 6992.0 944.75
487 6267.0 965.87
733 3149.0 291.7
542 6343.0 681.6
694 231.0 329.75
541 6376.0 364.67
961 8096.0 97.85
631 5591.0 717.47
359 7944.0 185.52
506 9944.0 677.1
308 7995.0 163.09
76 9179.0 315.51
273 9977.0 844.62
348 7885.0 114.29
428 9688.0 859.91
614 3672.0 200.01
417 4172.0 912.44
635 7933.0 968.23
551 8560.0 965.52
936 4923.0 47.21
424 3671.0 859.36
342 5894.0 811.93
382 585.0 708.32
47 2653.0 765.47
348 9044.0 661.53
554 3110.0 408.13
699 5942.0 990.38
93 5925.0 989.17
407 8840.0 853.26
452 4229.0 276.25
430 1669.0 322.89
984 8996.0 856.59
259 9575.0 142.26
644 9769.0 752.19
999 5134.0 449.78
577 3992.0 432.44
779 8101.0 917.36
71 3800.0 698.45
363 8710.0 908.1
310 8220.0 199.86
874 799.0 913.37
649 5951.0 272.05
819 6826.0 581.2
478 3728.0 376.04
487 9742.0 194.07
109 2281.0 653.83
126 3906.0 616.81
909 6511.0 714.27
75 9699.0 780.15
398 4468.0 732.68
864 3277.0 812.02
841 6169.0 667.69
852 364.0 717.54
973 4940.0 20.23
301 7948.0 47.63
666 957.0 565.86
677 8221.0 37.97
910 6590.0 904.76
562 4431.0 795.62
289 4148.0 716.81
552 2389.0 678.38
785 9773.0 920.14
447 340.0 72.95
663 1777.0 546.27
159 9816.0 8.94
858 3999.0 676.98
928 3277.0 619.58
433 6898.0 95.56
111 6785.0 384.13
224 6867.0 496.05
51 931.0 337.66
997 857.0 664.08
207 6143.0 117.27
494 9024.0 418.24
217 5725.0 207.51
663 7611.0 451.15
730 4678.0 985.36
919 5341.0 534.43
916 8625.0 185.72
321 7452.0 756.09
691 4360.0 137.82
80 2917.0 785.03
770 5705.0 901.8
13 1393.0 549.75
654 2644.0 854.13
59 2365.0 263.54
759 4216.0 974.0
136 5161.0 328.0
623 9599.0 459.36
450 7999.0 888.67
86 6922.0 617.0
757 9328.0 954.9
879 41.0 768.83
163 8708.0 773.32
206 6430.0 226.1
87 760.0 569.84
897 1785.0 694.27
258 4635.0 620.93
357 4713.0 583.05
882 4435.0 566.6
49 6128.0 683.01
181 2291.0 476.31
451 5782.0 728.42
132 5367.0 701.43
957 1508.0 990.72
161 928.0 677.14
601 262.0 49.54
460 9432.0 444.87
676 6656.0 164.26
369 113.0 493.37
618 2475.0 766.76
642 3224.0 477.91
764 398.0 333.04
706 3670.0 52.22
621 2404.0 671.64
308 5645.0 527.85
511 1336.0 27.29
650 9394.0 680.08
151 1448.0 213.93
225 2150.0 361.19
307 8297.0 202.27
618 4406.0 534.05
933 3134.0 961.87
992 5373.0 509.51
483 7385.0 522.87
915 5997.0 324.88
407 3299.0 889.4
796 9557.0 225.3
660 860.0 49.25
507 3720.0 327.76
397 5832.0 520.11
616 7116.0 226.82
58 2237.0 601.24
672 9611.0 900.02
592 8840.0 287.02
942 3162.0 255.08
261 8467.0 315.72
206 7131.0 743.33
230 799.0 959.79
234 3390.0 125.32
547 7571.0 340.51
947 3437.0 301.76
75 699.0 358.74
768 1326.0 807.61
553 6335.0 114.65
814 9472.0 603.31
989 7622.0 74.54
808 8964.0 391.61
534 102.0 28.09
3 6950.0 86.09
881 7219.0 346.84
595 1256.0 165.94
185 9421.0 147.38
955 8751.0 925.11
364 9631.0 21.85
63 5986.0 785.66
902 47.0 65.04
37 9115.0 409.06
236 7741.0 404.14
323 2681.0 664.41
710 2777.0 348.52
275 4597.0 44.48
976 2578.0 773.4
539 2957.0 514.51
226 7462.0 86.49
536 3486.0 464.55
65 6751.0 361.98
704 9501.0 623.18
565 3500.0 538.36
920 7116.0 482.28
93 2501.0 66.55
359 9236.0 825.97
783 4946.0 383.78
640 872.0 745.5
248 9329.0 288.8
699 2700.0 306.21
753 6937.0 401.91
39 4635.0 459.46
436 8993.0 160.24
400 3443.0 238.62
285 3659.0 917.05
106 5590.0 419.39
651 6679.0 143.73
547 466.0 843.52
597 4690.0 704.65
70 9228.0 146.35
911 6408.0 346.12
855 8644.0 710.59
158 3764.0 530.02
922 1097.0 367.73
300 2616.0 487.86
166 9822.0 884.01
60 3486.0 140.81
844 3196.0 854.13
1000 7333.0 475.76
843 2720.0 689.2
213 6220.0 389.34
134 760.0 274.37
5 2340.0 643.96
974 1450.0 360.84
933 5530.0 667.35
972 6938.0 838.68
349 4007.0 854.15
813 1740.0 545.25
45 3879.0 624.26
947 8403.0 136.38
15 2948.0 803.88
119 2218.0 952.93
642 2601.0 968.95
202 636.0 41.09
792 3427.0 446.73
859 7560.0 753.9
852 3260.0 225.54
727 4717.0 981.03
556 3472.0 221.17
305 1184.0 928.26
426 8252.0 57.98
736 6795.0 538.73
546 7388.0 316.24
728 2161.0 242.01
126 447.0 993.28
656 2534.0 101.64
663 2963.0 281.7
36 8415.0 560.85
295 6455.0 794.46
414 159.0 904.55
679 619.0 104.24
961 4924.0 81.71
772 266.0 62.5
774 495.0 44.9
524 1593.0 305.69
623 1566.0 968.24
168 2309.0 918.88
112 9712.0 796.5
90 8524.0 4.44
588 5580.0 562.73
187 4740.0 133.59
730 5775.0 179.06
90 7422.0 872.64
310 5706.0 492.68
394 1658.0 431.28
949 5347.0 14.67
864 9163.0 479.5
420 7569.0 602.39
561 178.0 950.5
762 1068.0 723.65
711 9958.0 518.24
595 4796.0 721.48
720 3746.0 589.83
895 2581.0 585.52
453 3889.0 835.25
914 6017.0 521.28
981 4523.0 686.13
622 274.0 686.55
660 1968.0 747.37
848 8494.0 191.68
182 6074.0 449.3
726 855.0 958.54
32 7447.0 624.05
631 643.0 167.09
577 1815.0 26.44
574 8091.0 191.83
550 8553.0 124.01
513 3279.0 172.77
386 4629.0 964.07
881 2820.0 579.06
610 6348.0 439.58
851 7525.0 759.96
128 2234.0 119.01
27 6603.0 107.13
739 6151.0 963.23
103 4545.0 569.8
690 3242.0 227.96
594 3430.0 494.86
371 8486.0 475.35
861 9299.0 364.14
26 7777.0 943.39
856 2279.0 784.01
850 8196.0 40.91
727 8825.0 418.36
451 9968.0 630.63
294 8620.0 94.41
696 9505.0 513.75
752 1183.0 566.93
109 882.0 780.68
306 2008.0 36.46
580 3960.0 537.97
785 3733.0 489.35
818 146.0 399.54
119 5606.0 156.97
99 5058.0 83.07
167 6538.0 548.28
746 7968.0 200.73
529 8995.0 996.36
765 5383.0 236.61
180 3500.0 463.01
582 8633.0 477.18
965 7698.0 506.98
316 6650.0 951.56
606 2712.0 469.21
841 6245.0 25.42
397 8088.0 801.62
871 5882.0 688.08
202 9575.0 66.2
583 5787.0 783.53
883 2489.0 809.9
313 8352.0 20.05
536 7276.0 917.39
502 9515.0 885.08
466 8886.0 340.03
198 6054.0 627.03
188 6435.0 346.69
429 9743.0 245.36
293 2192.0 729.1
430 4214.0 627.7
582 9791.0 502.71
911 9177.0 329.46
868 5887.0 97.49
811 4044.0 128.28
327 2921.0 142.5
150 8082.0 421.74
55 184.0 420.29
407 1312.0 649.88
675 827.0 74.58
309 766.0 635.99
480 5740.0 335.29
730 6470.0 311.98
83 6868.0 586.68
815 204.0 138.17
703 7063.0 140.54
495 5704.0 412.01
73 2928.0 725.4
19 4586.0 591.91
104 4006.0 671.08
171 1764.0 480.3
553 5147.0 972.41
267 2133.0 526.51
612 9495.0 14.12
1000 9819.0 866.68
140 1983.0 689.77
336 2087.0 76.71
268 8829.0 424.33
825 6587.0 949.29
54 7289.0 411.56
22 4660.0 384.42
959 5488.0 501.34
462 7741.0 670.07
827 8159.0 146.17
646 4141.0 233.0
535 938.0 777.39
428 5380.0 476.62
261 1644.0 178.26
771 5997.0 580.51
55 2027.0 196.87
793 4414.0 696.92
178 7013.0 116.41
620 6225.0 556.42
316 8033.0 728.87
417 4935.0 602.03
32 8572.0 388.33
846 4732.0 486.23
233 7017.0 4.15
243 3236.0 906.62
968 7488.0 141.66
107 2637.0 912.67
624 3079.0 912.71
669 9483.0 39.13
984 5095.0 236.51
598 6487.0 735.95
886 1064.0 298.22
77 9493.0 48.68
533 6940.0 783.96
58 5883.0 230.31
18 4062.0 833.41
697 6657.0 863.99
460 6708.0 339.53
258 6243.0 807.89
872 9555.0 890.33
894 7715.0 749.31
826 3263.0 424.04
72 6063.0 869.26
569 8680.0 423.31
572 6509.0 427.31
187 7328.0 764.25
573 6902.0 917.36
984 9468.0 408.52
9 649.0 390.76
313 8959.0 997.84
585 381.0 365.88
139 6619.0 503.57
578 9955.0 248.15
343 2884.0 65.3
297 6457.0 851.9
988 8728.0 480.93
168 7031.0 634.33
38 9793.0 796.99
22 4268.0 828.88
39 8769.0 651.76
182 3177.0 569.12
342 9158.0 803.21
785 9807.0 875.06
765 7196.0 208.05
549 3241.0 20.76
56 6575.0 662.98
21 911.0 643.01
297 8472.0 551.18
267 6484.0 180.41
443 6703.0 620.7
348 6196.0 479.41
553 9923.0 527.0
702 5015.0 148.54
278 1229.0 65.05
896 2483.0 36.06
132 1549.0 959.13
966 8405.0 635.69
276 5720.0 889.33
217 7530.0 289.0
370 6079.0 998.62
554 3832.0 380.33
189 8917.0 689.27
125 2146.0 569.33
666 7427.0 209.38
200 1747.0 566.59
754 6346.0 846.4
794 9054.0 420.25
437 650.0 799.93
917 3833.0 230.07
215 6656.0 564.92
75 5563.0 445.18
521 6388.0 720.22
7 5347.0 695.01
198 8614.0 925.0
752 7931.0 819.66
310 9847.0 240.99
625 8556.0 325.11
176 8680.0 519.52
353 71.0 372.24
121 3440.0 321.46
546 5913.0 71.08
20 8400.0 616.65
253 9805.0 639.09
655 7206.0 223.43
630 445.0 711.54
526 6781.0 844.04
61 6291.0 667.2
305 2761.0 307.44
283 8930.0 156.17
346 7906.0 608.53
154 8923.0 152.95
346 4789.0 748.18
185 1517.0 240.74
377 8879.0 523.96
689 2528.0 40.4
597 1374.0 194.72
561 3473.0 236.58
395 7616.0 408.01
15 499.0 837.68
65 6616.0 807.8
866 2363.0 209.15
141 2949.0 825.44
765 408.0 995.07
3 9836.0 452.81
71 5430.0 342.17
994 6240.0 804.67
602 8259.0 960.15
17 9010.0 269.34
188 2630.0 271.77
133 851.0 738.48
709 4654.0 175.48
68 8033.0 864.77
969 6820.0 326.42
323 7110.0 177.32
452 889.0 679.81
440 1248.0 166.45
208 1023.0 152.49
656 3887.0 541.35
14 4441.0 596.39
551 8308.0 451.47
216 6490.0 574.07
50 2863.0 419.72
121 6326.0 691.44
846 5032.0 50.41
412 5755.0 334.49
364 154.0 591.35
79 740.0 604.77
761 2984.0 731.26
731 2207.0 374.98
402 2266.0 181.86
355 6391.0 382.16
948 1045.0 843.84
279 106.0 282.75
978 9151.0 330.79
207 7268.0 618.23
702 6835.0 797.37
35 7254.0 25.47
69 78.0 321.13
956 5144.0 905.78
128 9680.0 47.45
834 6879.0 888.37
21 5510.0 599.34
838 2648.0 163.0
61 6679.0 922.38
495 1077.0 273.86
650 5632.0 367.43
196 4450.0 87.2
231 416.0 746.12
420 8718.0 853.59
602 5695.0 222.04
305 3359.0 807.64
122 42.0 793.83
90 3418.0 742.97
285 5850.0 175.44
669 2137.0 159.59
363 1483.0 773.41
978 3905.0 159.72
570 7136.0 5.11
788 5939.0 853.84
730 8440.0 627.03
926 1527.0 528.55
112 931.0 58.92
326 5769.0 212.47
882 193.0 308.22
859 7250.0 895.59
197 7452.0 295.76
758 3078.0 428.48
214 5013.0 595.62
899 6224.0 223.45
923 712.0 111.98
228 8288.0 306.44
707 3744.0 280.91
997 1313.0 499.59
866 5434.0 750.85
302 894.0 676.14
789 917.0 263.29
24 5273.0 860.55
746 4930.0 999.11
868 161.0 327.24
412 1937.0 710.57
351 7507.0 137.47
751 7967.0 936.03
16 3780.0 213.47
62 7223.0 507.82
755 8914.0 778.88
104 5126.0 11.46
889 1911.0 81.46
390 207.0 859.93
134 1349.0 930.94
470 1830.0 994.14
141 9655.0 770.67
232 9303.0 933.89
92 6858.0 526.84
559 8067.0 265.26
223 3324.0 188.29
262 165.0 850.62
304 6883.0 85.9
581 3662.0 266.46
67 7392.0 872.66
824 1322.0 84.97
899 2249.0 592.85
939 1977.0 366.74
102 7010.0 663.69
93 4736.0 217.8
207 2050.0 58.91
490 8864.0 490.97
875 4858.0 996.11
636 3805.0 425.28
609 2306.0 436.72
985 3640.0 567.43
650 6182.0 813.31
114 5087.0 235.6
332 6061.0 318.84
974 686.0 673.53
526 6364.0 936.06
260 7011.0 739.04
756 6280.0 813.41
571 2866.0 110.29
350 5485.0 642.77
477 1206.0 848.32
3 5251.0 291.0
848 1001.0 74.23
187 8749.0 234.61
408 865.0 418.39
691 579.0 224.91
148 4253.0 728.94
258 6928.0 994.11
501 8376.0 638.27
206 6919.0 460.63
859 9383.0 113.56
990 722.0 899.25
480 8276.0 962.55
591 1669.0 219.27
44 7520.0 291.86
967 3249.0 810.53
697 5851.0 523.01
22 4568.0 742.44
728 8055.0 326.15
287 4836.0 313.01
387 8900.0 110.96
187 6015.0 731.12
948 6811.0 569.3
106 7584.0 717.22
190 5562.0 252.82
79 4176.0 41.17
876 8447.0 6.25
303 6701.0 164.5
562 860.0 547.31
897 82.0 870.64
213 6081.0 117.7
115 749.0 196.21
111 2920.0 842.43
389 5429.0 818.92
871 5699.0 596.93
246 2169.0 48.16
873 8522.0 185.01
277 6572.0 157.61
814 6092.0 789.12
34 800.0 987.53
311 3595.0 742.71
460 8358.0 757.11
33 4226.0 189.04
341 9083.0 586.58
790 5567.0 560.98
945 219.0 774.5
652 8533.0 185.83
369 4414.0 753.48
403 8998.0 279.72
710 5216.0 506.02
819 2079.0 564.98
823 2293.0 65.48
717 1824.0 803.93
906 8556.0 456.91
937 8788.0 635.27
433 6018.0 573.22
799 157.0 535.98
857 3586.0 271.67
725 7126.0 768.0
793 5411.0 847.94
200 86.0 264.72
593 7371.0 958.25
933 3669.0 731.92
10 3837.0 386.42
533 6944.0 376.49
625 3530.0 486.22
952 5836.0 416.5
525 3634.0 418.12
804 8217.0 686.5
691 2958.0 463.44
690 4406.0 12.25
351 2154.0 297.76
824 8036.0 520.21
248 704.0 862.0
341 7927.0 183.67
416 1823.0 726.71
111 4476.0 97.25
631 1856.0 944.63
782 2720.0 861.46
898 1002.0 947.54
727 3106.0 203.61
66 8652.0 568.34
197 873.0 474.62
240 760.0 175.89
319 1987.0 721.86
273 6183.0 144.55
589 8057.0 71.92
133 7068.0 656.94
123 2449.0 333.1
489 753.0 139.52
590 7272.0 882.09
699 2955.0 958.49
449 226.0 75.62
341 3307.0 791.75
596 3361.0 315.03
146 1653.0 121.01
377 9946.0 395.03
940 7953.0 301.0
74 9098.0 784.81
46 2967.0 512.36
748 528.0 556.09
561 5389.0 739.57
809 2403.0 155.22
770 4904.0 194.92
571 3181.0 270.46
84 3913.0 299.24
315 1316.0 730.1
935 4471.0 893.28
430 3327.0 575.4
275 9636.0 345.21
272 3517.0 387.71
843 4675.0 329.9
947 1499.0 346.7
924 4356.0 409.04
28 6292.0 156.34
557 7766.0 956.37
896 9828.0 306.53
843 6185.0 771.31
183 2396.0 659.59
286 6555.0 380.31
863 4915.0 114.78
961 9284.0 469.45
853 3852.0 847.05
192 6582.0 378.29
21 8536.0 585.94
446 81.0 22.54
109 5679.0 194.33
663 3842.0 940.36
258 677.0 769.13
875 9981.0 925.15
50 710.0 50.73
796 3090.0 888.24
720 6310.0 702.06
352 8521.0 488.75
567 8647.0 335.49
180 7729.0 384.86
990 9824.0 643.59
902 5136.0 746.09
190 118.0 629.25
803 7463.0 479.08
479 4032.0 650.71
595 6998.0 198.22
865 458.0 913.39
409 471.0 637.37
287 5655.0 983.69
995 1993.0 140.38
93 1093.0 864.04
199 3244.0 511.39
782 5198.0 128.41
783 6160.0 254.52
763 7729.0 668.59
770 9187.0 951.0
953 254.0 838.92
927 176.0 732.92
850 5590.0 121.71
96 7351.0 623.14
367 553.0 230.43
908 5909.0 751.14
114 2879.0 195.33
467 8214.0 353.98
497 8796.0 830.48
441 7127.0 42.37
756 1009.0 359.34
427 9485.0 772.48
809 5386.0 83.7
648 8052.0 505.09
819 2155.0 469.0
576 8455.0 576.51
379 8833.0 863.26
595 2481.0 380.65
159 1555.0 125.27
698 3619.0 10.39
133 4237.0 64.43
872 5300.0 974.55
528 5553.0 841.29
769 4691.0 958.63
677 3480.0 435.15
906 7548.0 704.44
915 1378.0 318.45
905 3202.0 574.34
191 3073.0 494.57
571 2901.0 337.99
876 903.0 713.96
506 3485.0 568.11
598 3850.0 555.21
413 1737.0 696.66
525 8088.0 891.12
75 8541.0 478.52
941 5277.0 358.09
453 8105.0 264.98
857 3000.0 254.84
275 3220.0 490.58
313 2588.0 87.58
765 6914.0 919.95
338 268.0 310.84
96 6396.0 837.08
43 2876.0 983.78
701 2815.0 451.33
927 8794.0 675.24
824 8845.0 134.21
858 6029.0 494.51
78 5922.0 555.98
286 1827.0 220.78
101 8304.0 234.4
866 2391.0 879.7
390 2393.0 580.75
881 3516.0 530.45
485 3335.0 850.82
77 9417.0 871.06
189 7206.0 73.95
915 820.0 734.12
377 77.0 379.71
4 8916.0 993.22
909 6543.0 126.98
495 888.0 889.84
312 887.0 707.23
263 6322.0 628.18
665 9817.0 877.26
568 5064.0 354.51
511 589.0 34.76
521 8263.0 391.44
737 6961.0 736.55
819 6867.0 914.05
8 1858.0 964.99
611 2124.0 846.55
475 5345.0 841.11
272 7850.0 74.88
730 9096.0 563.28
542 2264.0 299.72
661 3237.0 79.91
174 5792.0 287.17
353 9084.0 742.68
531 4624.0 667.59
267 5499.0 434.59
305 3854.0 157.79
14 2732.0 575.43
896 4999.0 643.5
192 8732.0 348.38
323 1994.0 395.6
440 5919.0 964.13
992 6523.0 363.2
796 3784.0 539.21
903 7071.0 950.75
348 950.0 475.99
713 1507.0 697.56
320 2387.0 915.44
93 3047.0 426.16
668 9594.0 115.12
418 9361.0 919.5
750 1810.0 225.63
392 6812.0 641.74
680 3134.0 134.68
813 4110.0 125.84
218 3602.0 375.05
132 9054.0 509.27
422 1585.0 899.97
635 7057.0 839.84
73 6038.0 213.23
741 5039.0 98.8
318 8585.0 223.67
563 1857.0 236.49
678 3869.0 701.93
60 4144.0 675.92
218 1000.0 689.71
445 8598.0 808.72
380 281.0 11.6
51 7957.0 804.66
552 1930.0 577.0
754 2387.0 218.36
839 8704.0 898.09
541 3005.0 590.76
454 2703.0 701.66
58 4261.0 802.35
471 7516.0 399.43
318 4817.0 273.89
52 5215.0 438.33
581 7862.0 283.37
331 3151.0 82.44
951 4826.0 342.77
937 4677.0 787.11
699 3244.0 181.89
595 6269.0 87.66
728 2753.0 536.36
186 7714.0 462.49
668 2483.0 65.03
913 3480.0 675.76
829 4469.0 917.51
132 165.0 748.55
293 8214.0 283.23
730 142.0 283.74
360 7457.0 18.53
689 8892.0 705.53
12 3171.0 739.74
888 9806.0 862.1
306 9692.0 789.3
709 4283.0 489.31
92 4333.0 934.66
103 3078.0 566.54
150 4364.0 99.33
497 1661.0 91.86
359 6565.0 790.69
358 9089.0 588.02
885 5088.0 214.86
959 8964.0 290.38
937 1784.0 739.01
330 9014.0 88.82
812 5519.0 28.34
458 1502.0 960.1
47 9112.0 853.16
924 1463.0 207.42
232 6139.0 615.48
158 2514.0 736.78
906 1054.0 192.49
637 4577.0 8.18
329 3746.0 985.62
399 447.0 715.28
924 7723.0 611.61
702 4028.0 996.96
663 3694.0 370.65
726 9356.0 754.22
808 5528.0 639.48
845 4731.0 233.76
972 6880.0 553.95
768 4466.0 22.97
624 5875.0 560.8
811 6210.0 225.87
668 9248.0 395.45
394 7854.0 593.69
997 9659.0 86.14
662 6787.0 963.27
156 9977.0 348.51
169 1946.0 472.71
890 2618.0 331.09
455 800.0 58.84
434 4680.0 616.28
267 2256.0 768.97
419 3847.0 747.92
657 921.0 654.44
581 5568.0 546.34
886 9939.0 824.25
105 4324.0 542.06
540 4935.0 131.95
511 4546.0 93.22
79 7749.0 596.85
969 7782.0 825.31
214 7915.0 840.17
622 4049.0 100.74
850 6144.0 977.78
624 9029.0 424.99
395 7891.0 705.6
990 5153.0 244.99
589 350.0 893.71
781 4471.0 490.16
487 8838.0 346.12
997 1137.0 920.14
511 9466.0 2.25
807 7734.0 587.29
228 1379.0 270.25
632 3630.0 625.06
751 6096.0 511.16
529 531.0 507.86
48 7546.0 280.78
51 4322.0 486.43
783 3580.0 755.63
773 3875.0 216.52
197 1047.0 980.48
175 9739.0 631.58
669 5014.0 575.84
352 7110.0 884.98
741 9317.0 115.76
395 890.0 281.58
322 1449.0 26.01
986 2958.0 934.5
705 2881.0 136.12
178 6276.0 324.96
748 7189.0 890.84
507 6735.0 611.64
904 3262.0 870.23
987 2252.0 12.11
215 2730.0 96.51
225 2749.0 302.44
954 4244.0 115.4
826 7525.0 480.95
605 960.0 885.0
926 1428.0 434.59
708 6153.0 680.44
631 1867.0 615.06
761 7077.0 273.03
695 8543.0 368.18
100 2712.0 451.48
92 6489.0 143.45
759 39.0 926.09
411 7249.0 809.51
890 6391.0 907.55
286 4338.0 115.6
665 603.0 300.25
244 5200.0 151.85
283 9993.0 348.4
983 2006.0 907.22
316 1831.0 67.97
518 9853.0 106.02
425 5029.0 896.79
918 4353.0 975.25
531 1143.0 693.99
905 3738.0 435.88
885 8452.0 795.99
85 2225.0 480.77
765 5268.0 666.72
266 1895.0 702.13
446 1396.0 588.4
291 6301.0 936.36
882 5274.0 213.68
133 8825.0 257.56
207 4928.0 2.87
966 5125.0 680.38
479 1326.0 692.17
681 3871.0 539.84
870 6774.0 419.61
78 5866.0 709.62
738 5662.0 593.18
659 5595.0 324.31
247 2998.0 645.85
130 5809.0 28.82
769 5308.0 947.98
34 2309.0 996.1
194 8036.0 667.24
561 527.0 323.83
595 748.0 414.51
806 4947.0 958.86
667 6994.0 675.59
813 2915.0 301.68
260 6238.0 404.58
621 5803.0 466.84
519 708.0 723.15
259 5017.0 734.42
57 4836.0 210.65
825 3513.0 308.67
62 6160.0 222.21
384 1756.0 6.3
166 2561.0 775.44
466 7375.0 598.66
757 1875.0 480.96
607 187.0 49.79
301 1694.0 127.44
407 2977.0 665.49
211 7295.0 517.22
706 2182.0 833.11
276 9902.0 665.32
143 4947.0 792.03
572 5101.0 20.26
582 7748.0 745.24
714 8412.0 603.31
677 602.0 38.79
704 56.0 429.19
933 7140.0 177.51
995 8109.0 477.61
810 8737.0 943.04
283 9761.0 44.63
856 5865.0 313.07
350 8711.0 320.34
742 5922.0 430.81
906 8716.0 978.44
379 2846.0 781.69
74 568.0 770.63
858 5390.0 907.08
197 5098.0 951.5
137 1145.0 498.68
494 4865.0 999.11
180 6475.0 759.35
77 936.0 653.56
85 1335.0 629.77
64 8535.0 13.14
114 9079.0 378.43
126 9350.0 808.94
588 6345.0 966.84
831 9975.0 198.05
761 7918.0 437.22
830 8536.0 455.21
559 7401.0 303.09
155 3474.0 918.08
910 5079.0 454.3
641 291.0 288.17
903 3620.0 588.76
295 4817.0 896.51
19 5817.0 742.03
152 4448.0 950.01
386 1492.0 450.45
451 9080.0 296.64
637 6139.0 120.44
908 5544.0 347.75
356 84.0 87.98
551 8213.0 613.06
824 2706.0 278.1
388 3421.0 164.06
784 8812.0 246.36
634 2800.0 141.61
113 8034.0 750.19
86 3103.0 32.54
938 8898.0 420.18
734 3358.0 59.75
44 4575.0 657.99
927 7485.0 154.33
680 4614.0 643.46
646 1740.0 960.34
664 8838.0 786.74
862 31.0 227.79
494 6546.0 231.77
123 6883.0 517.88
519 7069.0 793.24
138 6268.0 455.79
659 8795.0 538.15
749 8190.0 127.39
644 6171.0 348.74
499 6087.0 351.99
257 1953.0 496.95
174 4177.0 734.52
892 2129.0 90.24
287 493.0 315.83
657 7122.0 169.66
817 3870.0 727.05
503 9162.0 116.16
187 1572.0 242.0
367 5889.0 389.48
612 3495.0 36.44
590 3884.0 223.24
949 1819.0 985.89
59 977.0 29.07
765 6922.0 790.95
676 6319.0 561.68
505 9585.0 69.41
370 300.0 107.24
618 2577.0 325.06
235 4042.0 642.65
946 160.0 629.18
339 2397.0 907.02
466 926.0 272.01
400 2205.0 643.68
533 5517.0 125.7
139 6504.0 574.52
898 3554.0 395.07
978 6369.0 312.22
454 5989.0 463.83
701 3125.0 907.6
77 9595.0 982.58
108 403.0 850.68
429 476.0 23.52
295 8850.0 349.25
277 65.0 76.04
303 3704.0 391.2
921 430.0 782.88
483 7471.0 512.95
763 4980.0 354.56
911 8103.0 18.77
910 5958.0 299.85
469 1359.0 602.07
822 3942.0 435.61
886 2260.0 862.52
337 6349.0 457.1
832 9484.0 704.49
921 433.0 674.8
2 1532.0 375.74
467 7892.0 775.33
856 6340.0 543.14
55 6247.0 583.7
575 1304.0 282.16
856 765.0 709.55
161 8608.0 993.94
637 7439.0 180.12
428 4886.0 294.74
842 9753.0 467.94
729 1804.0 795.53
376 4128.0 467.18
632 6253.0 107.51
790 2710.0 588.6
535 5952.0 117.25
238 7975.0 694.17
829 5045.0 276.21
571 602.0 303.53
372 9530.0 913.36
553 8833.0 236.31
296 1535.0 114.75
643 255.0 830.64
299 8619.0 889.94
976 5996.0 668.22
523 6729.0 221.39
158 2729.0 197.26
580 3457.0 313.79
160 7096.0 908.64
53 4105.0 897.78
307 4763.0 847.43
595 9840.0 501.16
4 2250.0 456.4
417 3346.0 497.47
590 4523.0 851.43
251 4017.0 744.51
184 8912.0 908.59
821 9544.0 273.7
825 2159.0 748.52
494 8776.0 277.17
274 4243.0 507.1
596 2355.0 52.47
214 5069.0 325.47
991 7082.0 345.17
842 3857.0 239.37
464 4811.0 733.57
66 3051.0 587.32
566 3967.0 976.21
822 1771.0 714.28
452 3678.0 956.38
298 4628.0 840.77
939 1900.0 334.87
50 4917.0 804.08
315 3981.0 146.83
463 4314.0 803.38
531 8852.0 726.79
27 2508.0 918.7
731 4620.0 563.56
379 4838.0 846.3
866 7340.0 41.4
6 6751.0 281.46
363 8094.0 54.94
638 4740.0 186.59
504 9286.0 754.58
741 2581.0 677.47
685 1947.0 197.21
752 3003.0 509.29
166 8450.0 634.62
609 5108.0 514.66
541 7454.0 486.1
391 1835.0 484.89
682 9864.0 322.6
127 7185.0 702.74
280 1078.0 847.87
488 3756.0 377.28
840 4303.0 377.18
966 8757.0 882.27
655 9665.0 293.83
175 8450.0 909.47
35 3877.0 888.6
510 2887.0 433.54
227 1769.0 516.35
791 5180.0 642.55
382 2148.0 970.59
133 3073.0 233.17
972 8723.0 980.11
39 377.0 578.25
865 353.0 546.19
551 9702.0 511.0
987 6718.0 116.36
162 8425.0 535.58
763 8864.0 45.06
498 8781.0 442.15
920 1288.0 991.72
434 9509.0 408.31
68 6075.0 982.07
138 7029.0 808.49
76 9432.0 808.3
515 3608.0 807.5
708 4981.0 833.92
795 3135.0 142.46
451 9204.0 264.14
815 5218.0 698.05
363 438.0 365.73
101 8018.0 330.64
992 7464.0 292.33
512 2300.0 249.17
818 2902.0 162.85
941 8350.0 568.94
741 8880.0 129.05
828 6404.0 180.46
958 2966.0 783.49
420 5855.0 943.8
692 9735.0 554.4
582 6989.0 638.44
108 4893.0 565.63
39 6595.0 750.31
679 7657.0 239.43
748 311.0 105.09
71 9220.0 683.81
853 346.0 249.35
342 5773.0 650.12
409 4576.0 655.59
183 9126.0 78.21
856 7317.0 516.46
653 3560.0 369.2
223 9933.0 699.61
521 2758.0 65.29
569 2578.0 62.22
19 1928.0 392.71
489 9349.0 642.55
544 6650.0 985.97
935 4739.0 470.93
902 5040.0 513.53
921 7238.0 23.24
39 8303.0 751.98
57 8078.0 252.55
699 4985.0 656.94
442 6373.0 861.8
666 3986.0 596.04
211 6940.0 429.96
495 7156.0 205.28
945 9476.0 706.24
967 5595.0 176.74
653 9563.0 779.44
163 8041.0 932.7
551 8925.0 898.51
880 9424.0 132.48
623 487.0 79.93
446 8869.0 212.05
431 1404.0 565.76
873 8987.0 684.45
347 2241.0 743.1
795 5723.0 181.91
434 968.0 903.8
353 9336.0 652.04
792 6431.0 108.61
177 8175.0 16.79
387 4194.0 699.43
175 7018.0 976.78
264 5687.0 422.85
598 1871.0 996.88
237 9414.0 876.98
484 3782.0 408.9
717 5917.0 147.68
792 4862.0 92.76
834 5714.0 807.01
243 6032.0 754.06
797 7342.0 451.98
673 5449.0 401.93
926 1106.0 640.58
749 8532.0 928.83
13 4216.0 350.24
30 1906.0 743.52
94 6895.0 647.42
104 8611.0 684.39
966 2799.0 87.91
448 3076.0 194.31
312 9983.0 821.71
480 2365.0 49.62
127 9688.0 322.65
435 8030.0 571.53
652 9458.0 918.67
732 2308.0 842.4
893 814.0 69.54
431 6498.0 61.97
294 4240.0 627.53
527 7482.0 347.25
811 7125.0 621.99
287 542.0 624.09
268 7624.0 803.88
367 8435.0 454.43
981 9743.0 610.05
827 1217.0 46.9
866 1794.0 701.31
738 5917.0 504.44
253 6080.0 893.7
377 56.0 680.1
589 7919.0 967.96
174 1729.0 519.32
681 3847.0 50.28
953 4461.0 374.53
526 3657.0 289.53
370 8728.0 283.89
316 6450.0 90.47
419 6443.0 254.04
885 6548.0 784.25
841 4147.0 472.13
129 7063.0 28.51
423 8975.0 464.19
457 4347.0 799.11
620 7361.0 146.13
940 1473.0 503.72
194 3330.0 110.79
424 3762.0 473.21
577 4954.0 55.96
378 7922.0 749.22
189 6411.0 462.42
549 9066.0 284.47
844 1021.0 6.05
560 2833.0 732.52
767 5536.0 481.56
882 2708.0 183.91
571 414.0 906.99
604 4818.0 837.36
668 7946.0 638.24
967 9571.0 481.41
282 9714.0 830.12
606 9580.0 693.42
734 2680.0 900.87
888 6040.0 528.95
812 6557.0 88.89
504 8263.0 78.18
295 6346.0 928.27
474 6219.0 744.98
645 4594.0 222.1
850 1476.0 749.43
209 1480.0 772.76
605 1877.0 155.0
509 729.0 225.16
329 636.0 867.48
860 9678.0 178.19
841 6750.0 91.95
917 456.0 15.78
123 4784.0 563.79
565 7964.0 130.57
131 5241.0 249.66
643 2263.0 92.42
423 4846.0 640.44
493 7053.0 139.35
624 8376.0 69.1
699 7764.0 157.79
493 243.0 556.27
1
1000
1 1 6.55 0.0 18.45
22 8 9.79 1680.05 1735.24 86 3.72 797.39 836.43 90 7.2 969.77 1016.61 128 4.44 1135.58 1184.1 256 4.21 1717.6 1757.48 316 7.87 996.68 1039.09 403 2.42 1695.56 1732.99 485 9.96 591.64 657.95 581 8.83 1164.01 1206.52 608 4.25 2104.7 2167.77 633 7.15 1388.39 1440.61 643 9.08 1294.25 1333.72 676 5.55 1369.31 1403.91 703 1.49 1117.54 1169.64 719 2.46 1678.79 1724.65 727 8.12 1069.46 1122.62 806 3.38 1234.52 1284.53 816 1.58 1589.92 1626.43 881 5.47 1041.95 1107.63 898 6.0 1141.55 1197.05 906 4.3 1503.65 1545.38 953 4.71 1339.66 1381.83
22 24 5.32 1698.05 1747.75 31 1.96 1940.48 1973.82 230 7.53 1939.45 1986.78 351 7.88 2023.68 2063.41 355 6.67 2110.17 2170.92 370 6.29 1448.1 1500.21 413 9.82 1429.0 1467.8 428 2.56 1795.7 1844.9 458 5.91 1611.83 1666.56 465 2.09 1593.98 1629.67 542 7.07 1718.74 1755.03 616 4.19 1463.27 1497.2 738 8.63 1977.72 2036.48 779 6.66 1890.18 1938.08 795 5.59 1679.44 1729.66 809 9.02 1705.41 1755.44 827 3.52 1941.18 1986.17 828 1.91 1453.87 1509.81 894 1.79 2521.32 2584.66 912 6.67 1833.3 1886.51 936 6.35 1256.8 1321.89 996 9.62 1711.04 1759.31
22 62 9.22 2126.28 2161.21 105 5.93 2220.24 2262.1 163 6.74 2555.23 2597.12 169 6.04 2189.31 2239.25 274 2.12 2603.6 2660.27 378 4.0 2561.83 2595.22 385 9.85 2547.88 2612.92 432 2.89 2224.56 2258.55 490 9.72 1999.14 2062.45 504 7.98 2150.03 2205.86 518 6.25 2434.13 2473.41 522 8.11 2093.82 2157.97 539 3.66 2575.75 2615.44 631 6.35 1705.61 1770.83 635 8.33 2686.16 2744.45 693 2.63 2425.25 2481.79 792 8.93 2292.03 2350.84 842 1.93 2340.27 2389.95 848 7.71 2715.0 2767.8 876 9.86 2286.36 2330.35 941 7.28 2420.64 2474.01 951 6.26 2145.09 2179.6
22 28 2.05 3078.2 3127.6 37 5.14 3083.76 3121.43 109 9.75 2852.46 2901.38 116 6.92 3758.54 3809.56 152 7.96 3046.02 3085.89 190 4.71 3271.23 3309.26 211 7.92 3101.2 3151.29 356 7.4 3045.7 3112.01 367 2.13 2822.49 2865.7 408 9.3 3095.59 3136.69 507 4.54 2955.44 2998.65 524 4.22 3338.95 3400.81 529 6.35 3057.84 3093.22 543 8.91 3428.99 3494.08 644 9.29 2958.33 3018.85 651 8.55 2524.34 2560.82 763 5.01 3125.63 3167.56 818 7.34 3137.63 3174.2 822 4.97 2735.85 2795.67 880 2.88 3186.17 3237.7 892 6.62 2519.35 2570.35 947 2.61 3032.87 3095.99
22 127 2.4 3632.8 3673.35 202 5.57 3166.42 3218.98 209 4.03 3551.87 3606.74 333 5.42 3702.98 3736.46 369 3.39 3757.08 3793.76 438 6.89 3682.03 3741.73 447 2.24 3309.8 3351.07 478 6.12 3544.12 3600.51 607 1.57 3479.75 3530.61 701 5.43 4083.72 4130.71 704 4.4 3525.56 3576.99 760 5.61 4436.65 4485.75 803 8.25 4010.04 4061.65 843 8.06 3676.47 3725.73 855 1.93 3860.94 3919.59 863 5.32 3562.77 3621.13 870 3.58 3339.87 3402.76 920 2.48 3585.5 3642.68 931 6.88 3674.32 3721.7 935 5.06 3973.59 4025.94 942 1.75 3806.3 3846.42 967 8.36 3245.65 3310.87
22 106 1.9 4396.38 4456.37 168 6.7 4645.42 4711.43 279 5.26 4541.64 4592.23 283 8.41 4181.93 4218.13 294 4.8 4266.85 4322.58 308 5.21 4183.2 4230.75 411 2.91 4183.6 4218.38 420 6.49 4266.89 4330.14 500 5.26 4289.4 4341.46 523 4.71 4472.95 4516.83 528 3.73 4991.63 5053.19 566 3.73 4622.24 4669.05 632 5.47 4327.78 4391.27 652 4.47 4203.34 4250.24 653 9.97 4455.31 4492.06 674 2.37 3604.9 3657.27 735 6.97 3927.3 3969.65 865 1.27 4603.83 4657.76 890 7.08 4552.17 4599.52 901 5.29 4458.48 4505.08 914 8.34 4633.15 4695.71 924 8.24 4374.45 4440.46
22 5 6.65 4927.24 4973.17 72 7.35 4691.51 4738.1 140 8.64 4615.36 4667.14 142 4.73 4313.84 4370.87 155 3.91 5296.19 5359.83 224 5.72 4846.05 4912.64 277 7.92 4638.66 4676.72 412 1.35 4209.56 4261.34 435 2.66 4257.92 4307.98 470 7.2 5429.65 5481.69 511 1.21 4749.02 4788.98 515 3.89 4945.38 4997.27 572 6.11 4391.48 4453.8 577 7.45 4566.34 4619.73 737 1.36 5141.33 5185.33 766 7.55 5029.71 5090.63 834 3.88 4924.81 4980.03 835 9.3 4430.15 4492.9 836 5.16 5123.47 5167.31 873 6.39 4989.45 5031.14 966 9.94 4357.56 4416.2 978 9.65 4045.57 4097.05
22 3 1.77 5129.85 5175.65 58 1.38 5071.63 5130.34 63 9.55 5560.28 5625.57 83 9.47 5537.06 5581.51 117 9.93 4513.3 4564.28 177 4.41 5390.09 5440.35 275 6.37 4944.97 5000.57 332 5.1 5398.74 5437.93 337 3.63 5984.14 6028.88 440 7.51 5133.6 5196.93 453 7.1 4853.88 4904.51 520 1.43 5289.67 5340.5 558 2.96 5522.27 5567.36 585 3.55 5403.87 5455.21 648 5.15 4877.12 4942.1 732 7.32 5844.6 5905.88 812 1.55 5228.37 5263.13 837 4.62 5441.3 5475.69 840 3.09 5547.74 5612.66 860 2.88 4957.57 5003.81 956 8.89 5548.18 5584.49 984 1.06 4683.16 4738.66
22 93 3.37 5345.93 5380.46 181 8.15 5452.04 5515.43 184 5.85 5535.49 5584.67 194 8.97 5999.56 6060.15 219 1.72 5909.99 5971.16 265 3.37 6373.62 6413.37 430 4.4 5663.06 5719.99 462 7.48 6163.72 6199.15 491 1.67 5986.66 6027.97 545 3.6 6004.67 6068.45 563 5.47 6038.47 6077.12 565 4.11 5812.23 5857.79 599 1.85 5959.49 6023.98 614 1.71 5787.48 5839.06 669 5.81 5789.92 5825.85 694 3.03 5903.1 5941.44 700 9.35 6204.65 6270.42 716 5.59 5423.81 5457.77 824 1.96 5566.84 5614.53 849 1.82 5874.04 5930.31 959 4.78 5601.49 5648.87 988 4.9 5571.05 5621.31
22 68 8.52 6388.54 6447.36 70 6.3 6192.15 6233.52 124 3.86 6994.22 7029.74 131 6.42 6137.49 6172.79 193 8.7 6630.05 6689.35 212 1.5 6661.35 6705.92 289 4.36 6305.0 6353.19 301 4.38 6337.96 6383.99 338 7.42 6286.38 6324.48 343 1.41 6709.69 6745.29 363 9.31 5656.33 5713.48 382 4.17 7632.03 7665.53 397 5.8 6516.78 6569.94 556 3.05 6218.63 6272.1 590 8.3 6399.57 6458.63 721 7.4 6792.97 6828.65 733 2.52 6384.4 6430.83 847 5.18 6507.45 6550.48 862 6.68 6382.49 6444.48 895 2.7 6497.65 6555.04 916 4.09 6182.92 6247.52 994 8.91 6737.5 6777.76
22 18 4.76 7102.02 7141.19 88 8.25 7142.16 7191.48 100 1.67 6651.92 6689.65 121 9.78 7112.43 7147.36 282 4.74 6655.22 6718.84 286 7.48 6666.39 6727.47 340 8.97 6729.73 6786.49 410 6.05 6870.4 6918.01 448 9.21 6480.38 6540.23 454 5.13 7054.35 7099.17 480 7.88 7141.65 7203.17 540 9.14 7205.21 7262.35 557 5.15 8022.37 8071.4 561 7.28 7456.06 7515.1 583 7.83 7472.02 7509.81 626 7.9 7228.34 7266.62 630 1.53 6527.98 6580.21 707 1.32 6847.18 6886.69 743 7.93 6750.09 6783.75 791 8.57 6885.44 6932.59 826 4.57 6820.32 6861.12 989 3.88 6877.8 6917.75
22 12 2.59 7599.78 7645.78 144 2.82 7713.07 7772.37 159 4.08 7532.96 7579.94 276 1.53 7687.22 7753.61 326 8.43 7243.52 7281.57 330 1.34 7289.65 7323.73 373 8.43 7281.93 7330.5 471 7.65 6919.71 6983.93 525 6.49 7279.7 7330.49 567 1.74 7632.27 7692.83 570 1.95 7172.72 7231.9 588 8.85 7420.32 7477.85 601 5.95 7366.54 7425.36 623 7.14 6971.84 7016.13 677 7.84 7497.74 7537.81 705 2.07 7165.1 7212.65 723 7.99 7432.45 7489.26 853 2.26 7444.85 7509.47 861 4.54 7705.07 7747.15 874 3.56 8285.38 8341.82 904 4.57 7211.18 7248.74 923 2.4 7310.78 7369.96
22 77 2.63 8284.07 8320.76 115 1.94 8088.73 8142.97 129 3.94 8183.58 8242.55 145 3.21 8716.45 8774.17 160 3.48 8292.68 8347.72 189 4.1 7302.18 7360.07 220 8.23 8448.61 8504.74 240 5.83 8234.38 8271.21 259 8.13 7925.47 7960.87 334 6.85 8281.45 8328.59 347 7.57 8788.63 8822.19 381 6.79 8004.8 8046.58 441 1.61 8001.53 8034.87 479 1.65 8070.71 8132.85 531 6.23 7773.67 7816.45 600 3.79 8576.57 8618.84 758 3.65 8249.12 8314.44 777 6.33 8240.23 8301.61 866 3.02 7828.51 7877.14 867 1.3 8869.33 8902.98 940 3.48 7628.4 7683.33 982 3.02 7922.11 7966.03
22 21 6.28 8954.99 9001.05 45 9.57 9024.64 9062.86 65 2.65 8677.18 8723.03 136 2.92 8483.17 8529.08 221 3.74 8340.94 8380.73 484 8.74 8749.69 8797.49 498 1.91 8381.1 8422.1 551 3.11 8529.56 8584.22 552 6.73 8006.58 8042.4 589 3.31 8694.61 8729.77 656 2.68 8766.06 8816.83 680 3.78 8227.1 8272.75 717 6.12 8406.58 8455.89 753 1.78 8699.59 8765.33 776 9.52 8701.34 8751.93 778 8.25 8942.99 8991.28 844 2.28 8369.56 8418.19 888 6.23 8544.28 8589.07 896 5.12 7957.48 8004.52 917 7.13 7990.76 8051.96 926 3.0 8949.77 9010.32 969 2.83 8087.08 8144.5
22 20 3.09 9367.77 9405.45 104 4.21 9061.43 9114.36 107 8.92 8856.04 8911.89 143 1.9 9910.97 9961.46 215 9.01 8820.4 8862.9 231 4.81 9139.96 9196.91 232 9.48 8777.14 8828.59 257 7.35 9424.04 9486.38 273 5.83 9089.57 9133.51 295 2.83 9332.9 9382.32 297 9.74 9009.73 9051.99 320 3.82 8811.97 8847.21 352 7.62 8539.05 8587.04 449 4.13 9196.99 9250.2 489 2.05 9553.57 9594.42 550 7.01 9440.86 9492.52 649 1.54 9026.65 9072.56 661 1.09 9416.77 9451.19 750 8.24 9328.36 9394.17 754 3.76 8826.23 8890.26 802 2.43 9307.09 9371.41 886 1.64 8976.54 9031.99
1 1000 2.67 9911.34 9968.29
